0.138 0.140 0.154 0.197 0.184 0.162 0.201 0.171 0.128 0.178 0.130 0.165 0.139 0.197 0.164 0.175 0.159 0.167 0.171 0.172 0.159 0.160 0.179 0.165 0.131 0.165 0.155 0.165 0.177 0.173 0.180 0.153 0.244 0.187 0.157 0.161 0.134 0.223 0.191 0.173 0.177 0.178 0.196 0.218 0.143 0.136 0.164 0.202 0.181 0.185 0.189 0.140 0.153 0.145 0.164 0.196 0.159 0.176 0.214 0.127 
0.172 0.169 0.149 0.197 0.177 0.186 0.154 0.146 0.156 0.173 0.142 0.157 0.171 0.196 0.163 0.172 0.136 0.180 0.151 0.168 0.163 0.133 0.146 0.140 0.160 0.126 0.161 0.137 0.142 0.165 0.141 0.159 0.158 0.158 0.176 0.147 0.159 0.106 0.147 0.192 0.133 0.189 0.161 0.184 0.133 0.137 0.146 0.153 0.164 0.166 0.148 0.164 0.162 0.125 0.200 0.157 0.172 0.151 0.170 0.177 
0.154 0.181 0.135 0.166 0.181 0.169 0.172 0.134 0.179 0.181 0.171 0.131 0.194 0.205 0.126 0.184 0.159 0.174 0.178 0.140 0.189 0.153 0.181 0.133 0.175 0.171 0.136 0.168 0.203 0.154 0.168 0.188 0.157 0.159 0.166 0.127 0.171 0.142 0.138 0.147 0.125 0.180 0.179 0.182 0.125 0.154 0.169 0.180 0.176 0.144 0.155 0.142 0.138 0.149 0.148 0.137 0.144 0.152 0.186 0.146 
0.127 0.168 0.141 0.146 0.145 0.163 0.177 0.105 0.172 0.158 0.121 0.190 0.160 0.196 0.120 0.141 0.152 0.189 0.136 0.150 0.160 0.139 0.124 0.164 0.161 0.157 0.119 0.163 0.173 0.143 0.162 0.164 0.127 0.122 0.150 0.177 0.143 0.152 0.126 0.161 0.160 0.178 0.148 0.186 0.149 0.142 0.156 0.155 0.143 0.133 0.174 0.189 0.161 0.155 0.162 0.174 0.161 0.177 0.163 0.173 
0.161 0.167 0.124 0.154 0.177 0.158 0.173 0.148 0.121 0.149 0.140 0.171 0.187 0.179 0.130 0.162 0.175 0.152 0.143 0.172 0.153 0.139 0.163 0.141 0.136 0.148 0.154 0.174 0.169 0.153 0.150 0.162 0.176 0.175 0.174 0.147 0.164 0.138 0.127 0.144 0.154 0.176 0.127 0.177 0.153 0.177 0.169 0.150 0.162 0.171 0.161 0.138 0.138 0.265 0.284 0.282 0.263 0.287 0.275 0.239 
0.236 0.213 0.163 0.209 0.208 0.183 0.157 0.131 0.155 0.161 0.150 0.161 0.129 0.162 0.165 0.145 0.153 0.126 0.172 0.181 0.135 0.142 0.111 0.165 0.156 0.142 0.130 0.190 0.238 0.167 0.141 0.179 0.140 0.136 0.179 0.118 0.124 0.156 0.142 0.169 0.123 0.159 0.153 0.172 0.125 0.152 0.133 0.165 0.164 0.159 0.127 0.124 0.162 0.157 0.139 0.148 0.145 0.126 0.163 0.167 
0.118 0.145 0.186 0.162 0.163 0.147 0.172 0.161 0.117 0.163 0.151 0.169 0.179 0.158 0.157 0.115 0.151 0.153 0.182 0.169 0.123 0.110 0.161 0.159 0.140 0.156 0.172 0.134 0.170 0.139 0.162 0.191 0.118 0.172 0.171 0.166 0.125 0.144 0.133 0.157 0.174 0.173 0.148 0.146 0.135 0.129 0.150 0.167 0.185 0.181 0.154 0.142 0.170 0.176 0.176 0.154 0.154 0.116 0.184 0.166 
0.164 0.141 0.155 0.155 0.148 0.172 0.143 0.166 0.153 0.141 0.126 0.175 0.224 0.181 0.147 0.188 0.158 0.141 0.178 0.160 0.158 0.168 0.155 0.156 0.136 0.147 0.131 0.167 0.176 0.173 0.132 0.148 0.142 0.162 0.186 0.113 0.127 0.145 0.141 0.121 0.175 0.175 0.183 0.166 0.130 0.140 0.155 0.168 0.143 0.189 0.174 0.202 0.184 0.131 0.136 0.168 0.155 0.148 0.156 0.199 
0.137 0.204 0.200 0.121 0.181 0.187 0.161 0.198 0.147 0.148 0.136 0.157 0.167 0.196 0.177 0.168 0.180 0.191 0.195 0.156 0.144 0.162 0.174 0.199 0.159 0.120 0.166 0.133 0.191 0.203 0.133 0.150 0.123 0.151 0.187 0.167 0.245 0.132 0.167 0.142 0.189 0.167 0.138 0.164 0.161 0.181 0.162 0.177 0.178 0.195 0.143 0.171 0.166 0.146 0.154 0.149 0.163 0.193 0.153 0.169 
0.143 0.154 0.169 0.118 0.164 0.163 0.212 0.154 0.144 0.169 0.197 0.170 0.166 0.191 0.134 0.113 0.158 0.129 0.187 0.161 0.197 0.172 0.131 0.128 0.151 0.155 0.140 0.146 0.182 0.142 0.155 0.171 0.191 0.182 0.159 0.129 0.149 0.154 0.138 0.174 0.185 0.156 0.164 0.162 0.150 0.152 0.124 0.155 0.197 0.184 0.135 0.142 0.115 0.141 0.155 0.151 0.129 0.157 0.197 0.143 
0.152 0.112 0.152 0.155 0.171 0.125 0.152 0.164 0.167 0.143 0.167 0.171 0.129 0.185 0.188 0.150 0.130 0.150 0.177 0.191 0.174 0.166 0.146 0.151 0.166 0.131 0.157 0.154 0.158 0.106 0.147 0.129 0.152 0.171 0.171 0.113 0.134 0.124 0.181 0.162 0.159 0.145 0.169 0.173 0.126 0.122 0.195 0.152 0.172 0.167 0.168 0.163 0.152 0.103 0.139 0.143 0.145 0.134 0.157 0.104 
0.128 0.132 0.186 0.141 0.155 0.140 0.131 0.144 0.131 0.169 0.125 0.164 0.177 0.174 0.145 0.134 0.105 0.145 0.165 0.165 0.118 0.140 0.142 0.192 0.143 0.133 0.141 0.109 0.113 0.134 0.129 0.160 0.159 0.132 0.134 0.296 0.132 0.145 0.123 0.105 0.133 0.131 0.145 0.174 0.136 0.101 0.151 0.145 0.161 0.150 0.150 0.141 0.110 0.148 0.135 0.140 0.098 0.113 0.130 0.138 
0.138 0.155 0.137 0.143 0.127 0.130 0.154 0.136 0.136 0.143 0.107 0.131 0.144 0.167 0.126 0.122 0.106 0.167 0.138 0.161 0.110 0.124 0.135 0.139 0.124 0.155 0.123 0.125 0.165 0.121 0.120 0.110 0.128 0.125 0.131 0.122 0.114 0.107 0.137 0.130 0.171 0.144 0.149 0.123 0.149 0.175 0.147 0.099 0.153 0.165 0.156 0.164 0.101 0.144 0.121 0.092 0.123 0.170 0.132 0.138 
0.125 0.128 0.140 0.129 0.133 0.135 0.112 0.142 0.122 0.134 0.151 0.142 0.162 0.127 0.139 0.136 0.141 0.153 0.122 0.150 0.099 0.125 0.133 0.126 0.152 0.079 0.108 0.103 0.125 0.131 0.132 0.167 0.114 0.107 0.129 0.127 0.127 0.091 0.150 0.139 0.144 0.164 0.133 0.145 0.125 0.117 0.134 0.142 0.151 0.128 0.171 0.144 0.126 0.122 0.128 0.123 0.121 0.160 0.121 0.094 
0.120 0.110 0.121 0.107 0.124 0.127 0.111 0.154 0.143 0.104 0.132 0.130 0.115 0.151 0.153 0.143 0.135 0.086 0.138 0.142 0.129 0.154 0.138 0.127 0.129 0.103 0.118 0.114 0.000 0.123 0.115 0.116 0.093 0.085 0.144 0.119 0.129 0.151 0.122 0.145 0.123 0.096 0.125 0.138 0.121 0.119 0.119 0.139 0.122 0.116 0.127 0.129 0.099 0.097 0.131 0.112 0.120 0.117 0.104 0.104 
0.122 0.139 0.137 0.087 0.147 0.138 0.130 0.109 0.120 0.064 0.092 0.093 0.088 0.098 0.094 0.121 0.108 0.116 0.095 0.114 0.088 0.094 0.072 0.099 0.097 0.102 0.100 0.104 0.069 0.110 0.094 0.095 0.089 0.077 0.119 0.086 0.096 0.098 0.086 0.087 0.080 0.087 0.054 0.086 0.089 0.106 0.112 0.079 0.101 0.061 0.097 0.088 0.083 0.096 0.075 0.097 0.090 0.110 0.104 0.121 
0.089 0.109 0.089 0.108 0.051 0.056 0.084 0.084 0.081 0.077 0.102 0.066 0.081 0.082 0.064 0.090 0.105 0.091 0.082 0.083 0.086 0.083 0.103 0.088 0.085 0.085 0.080 0.076 0.091 0.653 0.457 0.394 0.376 0.352 0.380 0.370 0.357 0.631 0.739 0.651 0.805 0.671 0.616 0.577 0.448 0.504 0.495 0.712 0.675 0.630 0.616 0.620 0.596 0.647 0.564 0.616 0.734 0.533 0.077 0.072 
0.076 0.068 0.069 0.064 0.073 0.044 0.068 0.071 0.070 0.069 0.078 0.071 0.082 0.074 0.053 0.067 0.041 0.076 0.089 0.088 0.088 0.073 0.080 0.075 0.075 0.084 0.070 0.080 0.042 0.085 0.081 0.072 0.083 0.075 0.051 0.083 0.080 0.065 0.057 0.108 0.085 0.086 0.056 0.054 0.088 0.071 0.077 0.086 0.049 0.108 0.078 0.083 0.084 0.069 0.043 0.036 0.078 0.072 0.076 0.076 
0.169 0.202 0.201 0.214 0.204 0.168 0.167 0.204 0.555 0.421 0.323 0.188 0.079 0.184 0.190 0.204 0.221 0.148 0.163 0.181 0.140 0.114 0.120 0.117 0.109 0.088 0.046 0.070 0.073 0.070 0.071 0.146 0.546 0.493 0.210 0.044 0.073 0.052 0.051 0.070 0.076 0.075 0.084 0.076 0.076 0.082 0.080 0.101 0.077 0.069 0.092 0.087 0.081 0.066 0.043 0.083 0.079 0.087 0.063 0.064 
0.073 0.072 0.038 0.071 0.071 0.068 0.074 0.046 0.084 0.047 0.060 0.067 0.071 0.038 0.079 0.057 0.057 0.079 0.056 0.077 0.076 0.046 0.046 0.070 0.040 0.077 0.042 0.081 0.043 0.047 0.049 0.051 0.106 0.098 0.088 0.096 0.083 0.086 0.084 0.080 0.045 0.087 0.070 0.111 0.054 0.052 0.076 0.097 0.045 0.085 0.091 0.069 0.099 0.059 0.085 0.065 0.086 0.064 0.056 0.102 
0.056 0.060 0.095 0.072 0.066 0.066 0.058 0.062 0.103 0.077 0.121 0.108 0.091 0.098 0.082 0.098 0.098 0.118 0.076 0.131 0.099 0.081 0.099 0.123 0.094 0.116 0.103 0.095 0.107 0.101 0.130 0.091 0.096 0.122 0.125 0.122 0.100 0.104 0.111 0.117 0.158 0.148 0.172 0.105 0.130 0.142 0.140 0.146 0.161 0.149 0.143 0.137 0.136 0.138 0.110 0.135 0.138 0.236 0.149 0.137 
0.164 0.107 0.137 0.145 0.130 0.140 0.131 0.135 0.140 0.169 0.169 0.158 0.174 0.116 0.166 0.138 0.148 0.170 0.176 0.119 0.170 0.159 0.159 0.152 0.154 0.149 0.181 0.183 0.147 0.128 0.155 0.158 0.158 0.168 0.149 0.162 0.154 0.119 0.158 0.146 0.179 0.180 0.176 0.167 0.146 0.123 0.288 0.250 0.201 0.127 0.125 0.150 0.152 0.150 0.192 0.155 0.141 0.209 0.149 0.176 
0.150 0.139 0.188 0.149 0.160 0.139 0.178 0.167 0.167 0.138 0.180 0.140 0.157 0.167 0.158 0.155 0.214 0.167 0.194 0.150 0.166 0.151 0.112 0.169 0.165 0.186 0.188 0.208 0.132 0.114 0.160 0.165 0.177 0.151 0.153 0.171 0.144 0.152 0.188 0.128 0.190 0.152 0.173 0.157 0.175 0.152 0.158 0.212 0.150 0.183 0.155 0.168 0.176 0.151 0.150 0.180 0.164 0.170 0.127 0.159 
0.132 0.151 0.172 0.162 0.130 0.164 0.132 0.136 0.194 0.184 0.176 0.129 0.169 0.161 0.180 0.188 0.166 0.167 0.180 0.167 0.161 0.160 0.165 0.148 0.131 0.147 0.160 0.191 0.135 0.205 0.169 0.145 0.108 0.158 0.145 0.113 0.171 0.173 0.167 0.172 0.161 0.151 0.140 0.155 0.128 0.158 0.164 0.201 0.168 0.152 0.163 0.152 0.162 0.165 0.104 0.158 0.131 0.160 0.126 0.140 
