0.080 0.081 0.092 0.100 0.087 0.097 0.070 0.085 0.089 0.072 0.081 0.047 0.088 0.095 0.078 0.084 0.078 0.073 0.044 0.083 0.089 0.084 0.068 0.073 0.082 0.090 0.082 0.087 0.053 0.097 0.078 0.056 0.089 0.079 0.103 0.057 0.044 0.084 0.088 0.075 0.080 0.052 0.104 0.092 0.087 0.087 0.093 0.071 0.086 0.091 0.075 0.087 0.056 0.079 0.081 0.057 0.083 0.054 0.100 0.102 
0.044 0.092 0.087 0.088 0.092 0.063 0.079 0.088 0.083 0.046 0.092 0.081 0.082 0.073 0.076 0.061 0.085 0.089 0.048 0.078 0.077 0.080 0.091 0.083 0.082 0.051 0.080 0.097 0.117 0.095 0.050 0.069 0.072 0.088 0.097 0.058 0.074 0.086 0.078 0.071 0.061 0.080 0.092 0.098 0.103 0.054 0.087 0.113 0.044 0.087 0.062 0.080 0.092 0.081 0.059 0.092 0.088 0.093 0.056 0.093 
0.079 0.095 0.062 0.090 0.099 0.094 0.049 0.083 0.060 0.066 0.082 0.086 0.082 0.088 0.114 0.099 0.087 0.093 0.089 0.077 0.052 0.089 0.078 0.087 0.092 0.085 0.091 0.064 0.063 0.087 0.076 0.091 0.089 0.055 0.077 0.093 0.048 0.077 0.080 0.078 0.090 0.082 0.062 0.104 0.073 0.081 0.073 0.084 0.053 0.091 0.114 0.088 0.089 0.085 0.048 0.086 0.082 0.084 0.072 0.104 
0.090 0.076 0.059 0.083 0.090 0.060 0.052 0.088 0.071 0.089 0.079 0.051 0.085 0.091 0.089 0.043 0.081 0.090 0.080 0.082 0.089 0.057 0.089 0.064 0.072 0.080 0.064 0.084 0.096 0.061 0.083 0.095 0.059 0.088 0.075 0.084 0.088 0.053 0.085 0.074 0.083 0.091 0.055 0.067 0.084 0.097 0.083 0.111 0.056 0.092 0.085 0.079 0.083 0.083 0.054 0.082 0.079 0.070 0.095 0.090 
0.070 0.054 0.101 0.082 0.080 0.073 0.077 0.088 0.045 0.083 0.084 0.077 0.083 0.083 0.062 0.083 0.094 0.099 0.043 0.067 0.069 0.076 0.086 0.070 0.054 0.086 0.088 0.083 0.058 0.092 0.074 0.084 0.053 0.088 0.103 0.083 0.048 0.061 0.058 0.080 0.082 0.082 0.055 0.098 0.090 0.074 0.089 0.067 0.053 0.056 0.084 0.085 0.080 0.094 0.049 0.058 0.092 0.099 0.095 0.062 
0.087 0.093 0.094 0.074 0.081 0.096 0.076 0.055 0.069 0.096 0.104 0.097 0.071 0.111 0.100 0.096 0.056 0.095 0.086 0.078 0.081 0.042 0.105 0.073 0.089 0.048 0.094 0.090 0.096 0.056 0.080 0.072 0.064 0.090 0.058 0.092 0.080 0.083 0.045 0.091 0.078 0.079 0.088 0.102 0.091 0.061 0.104 0.092 0.099 0.086 0.075 0.077 0.084 0.062 0.086 0.102 0.079 0.068 0.104 0.075 
0.081 0.051 0.136 0.213 0.192 0.245 0.211 0.239 0.206 0.143 0.170 0.171 0.165 0.108 0.129 0.112 0.099 0.134 0.112 0.112 0.108 0.218 0.218 0.201 0.217 0.195 0.166 0.179 0.175 0.152 0.176 0.132 0.112 0.123 0.109 0.131 0.116 0.092 0.052 0.087 0.078 0.089 0.079 0.071 0.047 0.081 0.096 0.093 0.053 0.075 0.084 0.089 0.065 0.083 0.084 0.093 0.091 0.060 0.085 0.083 
0.093 0.051 0.068 0.086 0.060 0.085 0.082 0.080 0.078 0.086 0.058 0.070 0.093 0.088 0.088 0.046 0.085 0.099 0.079 0.088 0.055 0.039 0.090 0.085 0.062 0.086 0.085 0.086 0.063 0.089 0.077 0.083 0.085 0.043 0.097 0.078 0.071 0.096 0.081 0.056 0.072 0.050 0.087 0.085 0.090 0.046 0.094 0.093 0.082 0.079 0.051 0.085 0.073 0.093 0.080 0.087 0.059 0.067 0.066 0.096 
0.080 0.087 0.046 0.091 0.094 0.092 0.046 0.076 0.090 0.072 0.083 0.043 0.079 0.097 0.081 0.082 0.084 0.042 0.054 0.082 0.088 0.087 0.043 0.091 0.073 0.092 0.084 0.053 0.097 0.095 0.088 0.065 0.081 0.087 0.095 0.062 0.049 0.099 0.095 0.081 0.061 0.073 0.087 0.090 0.079 0.088 0.055 0.062 0.089 0.090 0.067 0.076 0.061 0.090 0.089 0.060 0.081 0.093 0.086 0.057 
0.086 0.085 0.090 0.086 0.096 0.052 0.078 0.076 0.051 0.087 0.072 0.064 0.095 0.099 0.059 0.076 0.089 0.086 0.086 0.086 0.046 0.086 0.082 0.084 0.086 0.043 0.083 0.073 0.090 0.090 0.050 0.051 0.083 0.101 0.098 0.096 0.062 0.047 0.088 0.081 0.077 0.050 0.075 0.102 0.095 0.084 0.099 0.057 0.054 0.081 0.088 0.088 0.087 0.058 0.084 0.080 0.080 0.062 0.097 0.095 
0.086 0.051 0.094 0.095 0.089 0.114 0.039 0.053 0.077 0.080 0.053 0.076 0.100 0.090 0.088 0.087 0.091 0.052 0.082 0.091 0.057 0.114 0.080 0.053 0.070 0.060 0.088 0.099 0.089 0.107 0.091 0.055 0.054 0.104 0.107 0.085 0.047 0.082 0.104 0.089 0.079 0.082 0.055 0.077 0.047 0.092 0.061 0.076 0.085 0.084 0.090 0.218 0.086 0.098 0.090 0.076 0.087 0.049 0.090 0.084 
0.049 0.044 0.233 0.162 0.143 0.146 0.110 0.127 0.149 0.122 0.121 0.122 0.120 0.132 0.123 0.096 0.124 0.108 0.122 0.118 0.117 0.101 0.127 0.103 0.114 0.126 0.120 0.153 0.178 0.136 0.102 0.129 0.143 0.150 0.166 0.167 0.097 0.123 0.134 0.122 0.111 0.133 0.140 0.117 0.144 0.149 0.146 0.141 0.131 0.133 0.133 0.152 0.113 0.168 0.153 0.140 0.167 0.140 0.150 0.130 
0.114 0.160 0.151 0.137 0.160 0.171 0.148 0.141 0.162 0.102 0.142 0.133 0.140 0.146 0.133 0.102 0.134 0.122 0.115 0.105 0.127 0.128 0.120 0.130 0.120 0.114 0.139 0.143 0.153 0.142 0.133 0.123 0.133 0.143 0.141 0.103 0.131 0.129 0.114 0.085 0.128 0.123 0.127 0.135 0.091 0.125 0.144 0.155 0.130 0.124 0.142 0.099 0.129 0.135 0.139 0.134 0.140 0.128 0.108 0.106 
0.128 0.129 0.142 0.146 0.141 0.110 0.122 0.108 0.116 0.124 0.129 0.097 0.119 0.119 0.108 0.100 0.125 0.120 0.128 0.082 0.085 0.115 0.132 0.111 0.110 0.111 0.132 0.123 0.147 0.125 0.114 0.102 0.125 0.150 0.153 0.119 0.132 0.098 0.097 0.098 0.111 0.114 0.110 0.093 0.000 0.131 0.111 0.129 0.121 0.131 0.163 0.121 0.113 0.075 0.102 0.139 0.134 0.120 0.107 0.139 
0.119 0.121 0.095 0.136 0.136 0.140 0.107 0.122 0.082 0.128 0.145 0.141 0.116 0.099 0.106 0.112 0.120 0.107 0.086 0.097 0.059 0.117 0.102 0.087 0.100 0.097 0.108 0.112 0.089 0.106 0.103 0.072 0.120 0.099 0.097 0.090 0.093 0.105 0.090 0.074 0.087 0.098 0.098 0.085 0.076 0.088 0.087 0.088 0.088 0.101 0.105 0.102 0.124 0.101 0.061 0.096 0.088 0.080 0.079 0.091 
0.073 0.105 0.108 0.098 0.074 0.088 0.089 0.089 0.080 0.077 0.079 0.085 0.083 0.083 0.075 0.084 0.076 0.089 0.084 0.084 0.095 0.095 0.081 0.062 0.079 0.058 0.090 0.082 0.096 0.073 0.081 0.084 0.079 0.090 0.088 0.096 0.082 0.084 0.079 0.075 0.084 0.072 0.079 0.073 0.068 0.617 0.340 0.340 0.333 0.350 0.323 0.337 0.334 0.326 0.607 0.635 0.631 0.611 0.601 0.607 
0.622 0.568 0.578 0.589 0.603 0.595 0.703 0.657 0.726 0.507 0.425 0.411 0.326 0.352 0.325 0.326 0.340 0.720 0.645 0.615 0.596 0.587 0.629 0.629 0.591 0.605 0.584 0.590 0.555 0.667 0.652 0.549 0.078 0.084 0.072 0.046 0.073 0.081 0.080 0.071 0.075 0.069 0.046 0.054 0.073 0.080 0.073 0.073 0.080 0.043 0.083 0.092 0.083 0.096 0.087 0.094 0.115 0.104 0.106 0.085 
0.076 0.076 0.084 0.111 0.076 0.090 0.071 0.116 0.610 0.269 0.071 0.032 0.047 0.080 0.038 0.074 0.072 0.073 0.047 0.065 0.051 0.034 0.047 0.078 0.038 0.040 0.065 0.074 0.049 0.067 0.041 0.032 0.074 0.079 0.047 0.043 0.069 0.075 0.079 0.065 0.083 0.071 0.076 0.042 0.045 0.068 0.075 0.035 0.069 0.039 0.069 0.073 0.072 0.050 0.067 0.040 0.071 0.048 0.083 0.050 
0.070 0.041 0.067 0.065 0.056 0.034 0.068 0.062 0.044 0.069 0.037 0.068 0.045 0.079 0.044 0.069 0.039 0.035 0.040 0.076 0.038 0.045 0.037 0.101 0.079 0.067 0.072 0.070 0.074 0.069 0.081 0.042 0.089 0.051 0.084 0.044 0.076 0.039 0.098 0.025 0.032 0.057 0.035 0.030 0.063 0.062 0.033 0.058 0.038 0.033 0.026 0.032 0.027 0.038 0.026 0.065 0.031 0.037 0.063 0.066 
0.029 0.061 0.060 0.078 0.027 0.062 0.028 0.033 0.033 0.031 0.059 0.033 0.062 0.070 0.068 0.065 0.029 0.064 0.066 0.034 0.061 0.033 0.029 0.054 0.046 0.059 0.034 0.025 0.043 0.058 0.035 0.059 0.030 0.073 0.061 0.065 0.065 0.058 0.068 0.060 0.066 0.034 0.063 0.069 0.060 0.042 0.066 0.068 0.074 0.060 0.066 0.064 0.064 0.073 0.066 0.066 0.041 0.068 0.089 0.060 
0.064 0.066 0.046 0.066 0.063 0.068 0.070 0.063 0.068 0.060 0.080 0.082 0.037 0.071 0.063 0.069 0.075 0.064 0.087 0.076 0.073 0.072 0.062 0.070 0.062 0.039 0.076 0.035 0.075 0.068 0.065 0.075 0.063 0.081 0.064 0.081 0.037 0.059 0.069 0.063 0.070 0.076 0.066 0.072 0.062 0.083 0.069 0.050 0.082 0.064 0.071 0.069 0.053 0.077 0.078 0.081 0.086 0.072 0.085 0.064 
0.071 0.031 0.074 0.082 0.072 0.074 0.065 0.051 0.052 0.070 0.070 0.030 0.083 0.071 0.071 0.073 0.067 0.070 0.073 0.073 0.069 0.065 0.070 0.044 0.046 0.066 0.074 0.060 0.072 0.072 0.067 0.041 0.078 0.086 0.081 0.072 0.074 0.082 0.088 0.057 0.081 0.076 0.080 0.084 0.071 0.048 0.073 0.040 0.082 0.083 0.072 0.094 0.071 0.085 0.061 0.082 0.075 0.076 0.084 0.097 
0.074 0.090 0.052 0.099 0.078 0.081 0.079 0.064 0.059 0.083 0.079 0.069 0.082 0.085 0.071 0.074 0.072 0.070 0.045 0.068 0.076 0.082 0.072 0.089 0.076 0.055 0.079 0.072 0.096 0.045 0.085 0.059 0.089 0.094 0.087 0.050 0.076 0.082 0.090 0.083 0.076 0.041 0.091 0.080 0.073 0.083 0.073 0.073 0.082 0.045 0.057 0.079 0.078 0.072 0.057 0.082 0.081 0.095 0.100 0.103 
0.061 0.050 0.099 0.098 0.082 0.078 0.078 0.069 0.080 0.085 0.075 0.078 0.088 0.057 0.077 0.071 0.079 0.084 0.081 0.082 0.074 0.059 0.070 0.094 0.091 0.082 0.102 0.072 0.078 0.082 0.079 0.084 0.050 0.102 0.083 0.082 0.087 0.043 0.053 0.086 0.076 0.076 0.086 0.091 0.072 0.091 0.087 0.047 0.091 0.074 0.073 0.059 0.083 0.088 0.076 0.080 0.080 0.083 0.065 0.073 
