0.084 0.084 0.084 0.069 0.093 0.084 0.079 0.055 0.088 0.050 0.085 0.080 0.097 0.084 0.059 0.083 0.077 0.081 0.090 0.084 0.049 0.072 0.081 0.077 0.094 0.056 0.056 0.095 0.049 0.083 0.088 0.079 0.092 0.058 0.100 0.081 0.077 0.080 0.043 0.088 0.074 0.075 0.084 0.077 0.054 0.046 0.084 0.069 0.084 0.087 0.082 0.085 0.053 0.089 0.104 0.080 0.095 0.060 0.091 0.082 
0.085 0.057 0.053 0.069 0.089 0.088 0.079 0.068 0.079 0.091 0.084 0.075 0.084 0.049 0.080 0.083 0.071 0.083 0.092 0.052 0.084 0.083 0.081 0.068 0.074 0.053 0.088 0.100 0.098 0.051 0.082 0.076 0.089 0.097 0.073 0.080 0.069 0.084 0.083 0.085 0.078 0.047 0.060 0.073 0.100 0.085 0.072 0.083 0.047 0.098 0.084 0.087 0.089 0.077 0.072 0.083 0.083 0.086 0.081 0.086 
0.049 0.078 0.063 0.086 0.086 0.051 0.086 0.082 0.070 0.088 0.081 0.048 0.099 0.072 0.088 0.079 0.083 0.043 0.083 0.091 0.077 0.080 0.067 0.075 0.091 0.050 0.090 0.095 0.054 0.088 0.079 0.080 0.055 0.085 0.097 0.044 0.083 0.071 0.084 0.084 0.044 0.074 0.084 0.049 0.084 0.075 0.080 0.080 0.088 0.060 0.075 0.088 0.076 0.085 0.093 0.059 0.083 0.089 0.094 0.070 
0.054 0.087 0.098 0.057 0.081 0.085 0.086 0.087 0.075 0.058 0.083 0.067 0.103 0.081 0.084 0.050 0.075 0.081 0.053 0.079 0.045 0.071 0.082 0.071 0.056 0.085 0.095 0.099 0.054 0.105 0.075 0.089 0.085 0.085 0.088 0.054 0.084 0.048 0.090 0.086 0.052 0.081 0.101 0.081 0.094 0.083 0.050 0.074 0.089 0.078 0.086 0.077 0.074 0.051 0.109 0.101 0.056 0.063 0.089 0.087 
0.055 0.083 0.089 0.092 0.093 0.080 0.045 0.086 0.076 0.084 0.079 0.071 0.055 0.070 0.083 0.052 0.070 0.077 0.075 0.049 0.078 0.080 0.082 0.081 0.095 0.050 0.090 0.077 0.087 0.087 0.076 0.058 0.077 0.093 0.091 0.057 0.071 0.042 0.080 0.085 0.080 0.072 0.055 0.084 0.086 0.087 0.070 0.050 0.081 0.089 0.080 0.050 0.057 0.049 0.090 0.094 0.089 0.100 0.061 0.091 
0.103 0.097 0.056 0.104 0.101 0.054 0.082 0.079 0.081 0.319 0.134 0.132 0.122 0.101 0.136 0.151 0.160 0.162 0.128 0.146 0.146 0.137 0.131 0.148 0.113 0.154 0.156 0.155 0.154 0.143 0.149 0.108 0.133 0.151 0.170 0.155 0.132 0.099 0.136 0.134 0.142 0.134 0.140 0.116 0.116 0.145 0.141 0.112 0.145 0.138 0.122 0.146 0.123 0.143 0.159 0.145 0.147 0.173 0.111 0.101 
0.156 0.153 0.156 0.168 0.147 0.144 0.120 0.141 0.093 0.152 0.114 0.123 0.176 0.116 0.131 0.097 0.131 0.128 0.144 0.112 0.152 0.138 0.148 0.147 0.137 0.150 0.151 0.131 0.148 0.132 0.153 0.124 0.162 0.167 0.134 0.104 0.119 0.140 0.145 0.114 0.135 0.127 0.137 0.118 0.127 0.105 0.128 0.129 0.157 0.138 0.137 0.136 0.150 0.151 0.136 0.144 0.149 0.138 0.167 0.145 
0.155 0.147 0.116 0.169 0.158 0.121 0.105 0.154 0.131 0.155 0.103 0.137 0.151 0.131 0.140 0.134 0.134 0.107 0.137 0.144 0.133 0.135 0.117 0.139 0.154 0.133 0.145 0.155 0.151 0.115 0.133 0.144 0.132 0.153 0.112 0.147 0.139 0.164 0.141 0.154 0.138 0.139 0.126 0.127 0.101 0.120 0.137 0.136 0.151 0.140 0.120 0.141 0.132 0.133 0.142 0.148 0.139 0.172 0.184 0.172 
0.157 0.126 0.132 0.155 0.157 0.168 0.138 0.117 0.127 0.156 0.120 0.135 0.153 0.126 0.126 0.121 0.147 0.095 0.145 0.134 0.152 0.107 0.135 0.143 0.149 0.118 0.164 0.158 0.165 0.151 0.152 0.126 0.171 0.173 0.168 0.167 0.097 0.132 0.145 0.136 0.121 0.144 0.130 0.172 0.207 0.152 0.150 0.155 0.124 0.147 0.159 0.105 0.168 0.163 0.153 0.179 0.141 0.119 0.140 0.144 
0.149 0.147 0.151 0.135 0.177 0.156 0.147 0.118 0.131 0.148 0.141 0.130 0.158 0.122 0.128 0.139 0.141 0.143 0.131 0.109 0.133 0.148 0.134 0.140 0.138 0.118 0.165 0.151 0.161 0.139 0.145 0.170 0.126 0.155 0.144 0.155 0.128 0.136 0.137 0.136 0.127 0.121 0.115 0.121 0.121 0.144 0.137 0.142 0.133 0.132 0.149 0.095 0.116 0.147 0.163 0.123 0.149 0.107 0.146 0.125 
0.157 0.153 0.148 0.190 0.138 0.168 0.106 0.145 0.147 0.140 0.145 0.125 0.143 0.124 0.090 0.141 0.103 0.137 0.120 0.132 0.156 0.127 0.134 0.129 0.153 0.163 0.130 0.157 0.160 0.161 0.147 0.157 0.148 0.140 0.134 0.105 0.142 0.151 0.120 0.140 0.140 0.127 0.161 0.128 0.129 0.109 0.143 0.130 0.102 0.149 0.333 0.120 0.143 0.147 0.145 0.133 0.173 0.148 0.130 0.149 
0.138 0.166 0.155 0.147 0.151 0.152 0.142 0.126 0.124 0.101 0.123 0.126 0.141 0.095 0.095 0.138 0.133 0.130 0.127 0.126 0.146 0.132 0.120 0.142 0.135 0.155 0.151 0.132 0.117 0.102 0.156 0.131 0.146 0.119 0.142 0.152 0.133 0.144 0.115 0.139 0.142 0.128 0.153 0.132 0.122 0.150 0.130 0.118 0.109 0.134 0.160 0.148 0.106 0.099 0.145 0.160 0.139 0.134 0.122 0.159 
0.166 0.148 0.140 0.134 0.147 0.140 0.128 0.093 0.139 0.142 0.098 0.145 0.114 0.134 0.133 0.104 0.126 0.115 0.129 0.127 0.130 0.141 0.153 0.098 0.141 0.138 0.111 0.130 0.130 0.136 0.160 0.143 0.156 0.116 0.151 0.156 0.118 0.152 0.124 0.109 0.097 0.129 0.152 0.125 0.129 0.142 0.137 0.096 0.122 0.151 0.150 0.163 0.115 0.134 0.147 0.151 0.120 0.137 0.133 0.137 
0.137 0.137 0.098 0.141 0.119 0.153 0.142 0.134 0.124 0.123 0.099 0.115 0.131 0.120 0.105 0.134 0.129 0.121 0.123 0.125 0.108 0.143 0.108 0.124 0.117 0.141 0.148 0.140 0.107 0.139 0.145 0.130 0.137 0.153 0.131 0.144 0.126 0.119 0.115 0.140 0.131 0.108 0.096 0.000 0.131 0.126 0.118 0.126 0.120 0.153 0.091 0.113 0.116 0.123 0.143 0.125 0.141 0.099 0.116 0.115 
0.107 0.107 0.113 0.092 0.137 0.129 0.092 0.084 0.124 0.123 0.103 0.106 0.110 0.107 0.080 0.105 0.077 0.106 0.113 0.114 0.111 0.074 0.100 0.101 0.113 0.093 0.102 0.100 0.095 0.105 0.102 0.098 0.090 0.088 0.059 0.092 0.090 0.084 0.095 0.082 0.085 0.094 0.063 0.111 0.098 0.090 0.102 0.087 0.095 0.088 0.086 0.091 0.096 0.069 0.083 0.075 0.071 0.035 0.068 0.066 
0.068 0.065 0.068 0.062 0.062 0.044 0.029 0.071 0.061 0.073 0.070 0.064 0.075 0.064 0.073 0.072 0.045 0.068 0.060 0.076 0.065 0.060 0.068 0.065 0.074 0.066 0.032 0.064 0.065 0.071 0.076 0.064 0.072 0.079 0.034 0.074 0.070 0.085 0.070 0.069 0.065 0.064 0.065 0.064 0.675 0.430 0.409 0.393 0.375 0.390 0.556 0.651 0.619 0.634 0.667 0.642 0.590 0.640 0.685 0.742 
0.729 0.591 0.590 0.523 0.440 0.623 0.635 0.633 0.637 0.633 0.617 0.617 0.631 0.755 0.773 0.083 0.066 0.067 0.027 0.035 0.065 0.065 0.068 0.059 0.064 0.064 0.066 0.063 0.040 0.051 0.068 0.035 0.063 0.065 0.066 0.065 0.065 0.027 0.066 0.067 0.074 0.061 0.059 0.032 0.036 0.070 0.066 0.032 0.064 0.064 0.062 0.062 0.025 0.063 0.064 0.062 0.067 0.062 0.062 0.031 
0.031 0.032 0.025 0.067 0.069 0.055 0.115 0.646 0.470 0.232 0.146 0.068 0.060 0.067 0.060 0.080 0.086 0.059 0.067 0.059 0.071 0.071 0.070 0.060 0.070 0.067 0.074 0.045 0.041 0.068 0.076 0.067 0.064 0.063 0.064 0.064 0.061 0.057 0.065 0.033 0.063 0.068 0.057 0.070 0.082 0.080 0.043 0.052 0.080 0.088 0.089 0.050 0.087 0.080 0.090 0.057 0.086 0.101 0.041 0.090 
0.077 0.061 0.089 0.052 0.063 0.051 0.089 0.055 0.075 0.045 0.070 0.084 0.087 0.067 0.059 0.051 0.100 0.085 0.073 0.083 0.053 0.060 0.054 0.086 0.089 0.100 0.091 0.090 0.083 0.046 0.044 0.065 0.080 0.057 0.086 0.075 0.085 0.064 0.058 0.049 0.041 0.047 0.052 0.049 0.065 0.074 0.082 0.094 0.048 0.084 0.091 0.046 0.083 0.081 0.054 0.092 0.057 0.055 0.049 0.081 
0.049 0.088 0.094 0.093 0.072 0.082 0.084 0.047 0.050 0.066 0.079 0.080 0.044 0.080 0.038 0.080 0.072 0.068 0.077 0.078 0.049 0.039 0.081 0.077 0.084 0.063 0.061 0.093 0.075 0.081 0.080 0.075 0.089 0.056 0.052 0.079 0.064 0.079 0.083 0.070 0.073 0.037 0.000 0.056 0.058 0.060 0.090 0.077 0.094 0.060 0.058 0.066 0.045 0.086 0.089 0.084 0.133 0.072 0.059 0.087 
0.068 0.052 0.052 0.094 0.089 0.079 0.102 0.058 0.059 0.096 0.059 0.100 0.054 0.061 0.064 0.055 0.095 0.106 0.122 0.081 0.081 0.075 0.111 0.082 0.119 0.067 0.101 0.116 0.107 0.097 0.108 0.109 0.075 0.107 0.071 0.079 0.133 0.097 0.120 0.136 0.116 0.144 0.096 0.098 0.122 0.141 0.105 0.145 0.196 0.159 0.109 0.136 0.140 0.180 0.152 0.159 0.151 0.130 0.119 0.117 
0.149 0.127 0.158 0.131 0.158 0.130 0.134 0.143 0.144 0.121 0.125 0.133 0.118 0.120 0.141 0.137 0.164 0.111 0.162 0.148 0.138 0.151 0.142 0.166 0.153 0.169 0.136 0.137 0.142 0.108 0.164 0.146 0.121 0.174 0.163 0.164 0.162 0.181 0.192 0.153 0.152 0.165 0.154 0.151 0.148 0.144 0.110 0.177 0.218 0.197 0.183 0.132 0.185 0.155 0.178 0.161 0.154 0.191 0.158 0.157 
0.176 0.161 0.148 0.187 0.179 0.172 0.138 0.161 0.159 0.167 0.174 0.139 0.160 0.157 0.164 0.154 0.131 0.179 0.148 0.177 0.145 0.122 0.193 0.258 0.200 0.169 0.171 0.166 0.149 0.160 0.157 0.191 0.150 0.159 0.157 0.240 0.142 0.135 0.172 0.149 0.132 0.153 0.166 0.143 0.162 0.173 0.128 0.170 0.188 0.225 0.206 0.122 0.132 0.161 0.214 0.148 0.130 0.169 0.152 0.161 
0.166 0.158 0.124 0.144 0.201 0.131 0.126 0.159 0.185 0.166 0.186 0.141 0.119 0.148 0.164 0.189 0.145 0.151 0.150 0.183 0.111 0.182 0.175 0.160 0.174 0.164 0.127 0.148 0.152 0.172 0.146 0.150 0.176 0.164 0.179 0.145 0.151 0.117 0.176 0.163 0.199 0.182 0.162 0.176 0.167 0.164 0.170 0.190 0.161 0.173 0.130 0.160 0.165 0.218 0.151 0.162 0.142 0.154 0.124 0.176 
