0.238 0.206 0.228 0.242 0.209 0.213 0.220 0.221 0.195 0.230 0.218 0.191 0.208 0.240 0.212 0.206 0.255 0.198 0.220 0.242 0.240 0.216 0.172 0.203 0.233 0.264 0.222 0.234 0.222 0.228 0.183 0.208 0.264 0.239 0.272 0.200 0.266 0.439 0.284 0.242 0.201 0.207 0.205 0.215 0.187 0.223 0.229 0.180 0.202 0.211 0.181 0.179 0.219 0.259 0.193 0.225 0.197 0.207 0.225 0.226 
0.216 0.164 0.201 0.122 0.205 0.208 0.202 0.204 0.180 0.166 0.158 0.171 0.182 0.154 0.198 0.167 0.202 0.187 0.198 0.199 0.198 0.178 0.169 0.185 0.201 0.199 0.177 0.195 0.183 0.237 0.194 0.203 0.205 0.196 0.180 0.227 0.216 0.207 0.196 0.193 0.174 0.230 0.206 0.216 0.163 0.194 0.206 0.167 0.239 0.232 0.190 0.183 0.152 0.203 0.183 0.212 0.209 0.169 0.219 0.205 
0.202 0.181 0.221 0.188 0.173 0.211 0.189 0.198 0.245 0.166 0.179 0.190 0.207 0.204 0.166 0.224 0.184 0.187 0.165 0.206 0.183 0.171 0.240 0.155 0.202 0.230 0.163 0.207 0.229 0.195 0.173 0.273 0.251 0.187 0.215 0.205 0.209 0.224 0.192 0.191 0.161 0.202 0.210 0.203 0.201 0.164 0.000 0.248 0.153 0.171 0.198 0.171 0.230 0.171 0.146 0.173 0.199 0.176 0.199 0.220 
0.199 0.185 0.143 0.206 0.177 0.200 0.187 0.203 0.183 0.186 0.162 0.176 0.194 0.168 0.163 0.190 0.157 0.188 0.182 0.178 0.183 0.165 0.158 0.148 0.152 0.148 0.138 0.167 0.146 0.126 0.168 0.153 0.147 0.129 0.137 0.161 0.132 0.165 0.121 0.150 0.157 0.149 0.152 0.142 0.131 0.140 0.129 0.191 0.121 0.146 0.141 0.129 0.183 0.138 0.190 0.181 0.184 0.188 0.177 0.170 
0.156 0.219 0.139 0.135 0.138 0.119 0.170 0.124 0.128 0.133 0.145 0.137 0.094 0.175 0.119 0.163 0.158 0.144 0.175 0.145 0.174 0.150 0.161 0.149 0.114 0.194 0.138 0.122 0.139 0.127 0.140 0.121 0.121 0.149 0.092 0.106 0.104 0.108 0.120 0.113 0.115 0.096 0.105 0.127 0.094 0.119 0.102 0.550 0.398 0.415 0.439 0.414 0.427 0.426 0.413 0.449 0.623 0.596 0.593 0.591 
0.626 0.620 0.592 0.614 0.614 0.661 0.632 0.453 0.324 0.390 0.380 0.418 0.430 0.444 0.527 0.489 0.641 0.592 0.583 0.592 0.583 0.553 0.603 0.588 0.586 0.627 0.655 0.580 0.519 0.520 0.498 0.522 0.518 0.554 0.590 0.498 0.285 0.278 0.264 0.298 0.340 0.314 0.317 0.265 0.284 0.323 0.280 0.344 0.313 0.263 0.290 0.259 0.278 0.263 0.276 0.326 0.259 0.296 0.269 0.244 
0.228 0.223 0.274 0.312 0.259 0.266 0.268 0.278 0.287 0.230 0.259 0.264 0.281 0.323 0.384 0.372 0.318 0.353 0.364 0.298 0.325 0.286 0.328 0.260 0.296 0.278 0.270 0.359 0.357 0.369 0.355 0.339 0.361 0.358 0.363 0.305 0.270 0.268 0.254 0.261 0.261 0.269 0.253 0.232 0.272 0.229 0.285 0.261 0.296 0.220 0.292 0.258 0.233 0.274 0.259 0.300 0.233 0.207 0.258 0.178 
0.244 0.477 0.529 0.253 0.204 0.203 0.213 0.214 0.206 0.221 0.204 0.205 0.231 0.211 0.237 0.255 0.238 0.290 0.342 0.235 0.241 0.186 0.219 0.244 0.221 0.203 0.220 0.253 0.238 0.261 0.299 0.245 0.250 0.224 0.279 0.234 0.224 0.185 0.243 0.227 0.234 0.247 0.204 0.221 0.201 0.213 0.271 0.230 0.233 0.196 0.204 0.227 0.245 0.214 0.223 0.217 0.244 0.249 0.258 0.224 
0.221 0.219 0.289 0.218 0.250 0.244 0.233 0.231 0.196 0.182 0.224 0.215 0.232 0.198 0.191 0.191 0.230 0.192 0.190 0.193 0.216 0.193 0.198 0.199 0.197 0.223 0.223 0.247 0.189 0.183 0.209 0.199 0.225 0.262 0.223 0.206 0.194 0.176 0.187 0.193 0.190 0.186 0.186 0.190 0.213 0.259 0.219 0.164 0.199 0.184 0.225 0.180 0.197 0.214 0.213 0.217 0.237 0.278 0.220 0.211 
0.237 0.218 0.259 0.209 0.209 0.233 0.236 0.209 0.251 0.238 0.208 0.238 0.238 0.213 0.268 0.170 0.194 0.188 0.181 0.211 0.194 0.247 0.254 0.213 0.248 0.201 0.231 0.224 0.246 0.236 0.237 0.223 0.187 0.236 0.214 0.214 0.242 0.166 0.216 0.176 0.228 0.204 0.193 0.266 0.272 0.229 0.163 0.197 0.201 0.202 0.185 0.179 0.214 0.220 0.234 0.216 0.160 0.240 0.209 0.251 
0.227 0.197 0.244 0.201 0.226 0.228 0.249 0.211 0.242 0.192 0.132 0.213 0.000 0.296 0.181 0.177 0.153 0.185 0.244 0.223 0.173 0.142 0.162 0.195 0.197 0.191 0.199 0.234 0.168 0.177 0.171 0.192 0.183 0.161 0.153 0.149 0.163 0.172 0.204 0.187 0.207 0.164 0.186 0.196 0.169 0.190 0.166 0.207 0.174 0.173 0.179 0.141 0.168 0.149 0.150 0.189 0.149 0.182 0.170 0.158 
0.166 0.152 0.159 0.148 0.166 0.148 0.115 0.140 0.152 0.150 0.142 0.146 0.195 0.154 0.141 0.130 0.120 0.145 0.190 0.199 0.168 0.130 0.182 0.167 0.261 0.169 0.175 0.161 0.113 0.158 0.150 0.143 0.150 0.153 0.143 0.165 0.170 0.131 0.176 0.147 0.134 0.196 0.152 0.150 0.152 0.168 0.147 0.135 0.132 0.152 0.199 0.176 0.139 0.133 0.131 0.133 0.149 0.137 0.114 0.168 
0.117 0.136 0.167 0.171 0.145 0.138 0.158 0.128 0.116 0.145 0.112 0.135 0.124 0.617 0.434 0.427 0.420 0.414 0.443 0.413 0.379 0.442 0.658 0.607 0.609 0.633 0.627 0.608 0.629 0.612 0.572 0.598 0.632 0.651 0.611 0.493 0.344 0.366 0.345 0.315 0.365 0.413 0.408 0.536 0.640 0.642 0.579 0.603 0.612 0.588 0.604 0.552 0.615 0.568 0.595 0.662 0.618 0.229 0.147 0.307 
0.410 0.349 0.427 0.451 0.461 0.513 0.465 0.587 0.546 0.553 0.536 0.306 0.141 0.152 0.139 0.594 0.619 0.757 0.398 0.354 0.617 0.700 0.539 0.597 0.891 0.810 0.903 0.928 0.824 0.977 0.971 0.969 0.940 0.903 0.928 0.899 0.806 0.814 0.769 0.747 0.747 0.742 0.530 0.485 0.138 0.219 0.453 0.608 0.637 0.781 0.775 0.615 0.416 0.686 0.824 0.710 0.502 0.721 0.247 0.764 
0.674 0.703 0.697 0.685 0.562 0.300 0.782 0.562 0.150 0.268 0.138 0.220 0.130 0.146 0.113 0.117 0.351 0.644 0.484 0.124 0.377 0.647 0.598 0.512 0.614 0.645 0.480 0.588 0.574 0.595 0.136 0.126 0.419 0.574 0.637 0.642 0.641 0.639 0.640 0.650 0.647 0.638 0.634 0.638 0.647 0.642 0.652 0.624 0.641 0.643 0.646 0.643 0.634 0.646 0.657 0.565 0.645 0.620 0.652 0.201 
0.182 0.602 0.637 0.634 0.642 0.660 0.644 0.655 0.638 0.649 0.642 0.647 0.648 0.647 0.631 0.652 0.652 0.664 0.670 0.686 0.681 0.692 0.676 0.667 0.649 0.662 0.665 0.690 0.662 0.658 0.684 0.683 0.668 0.663 0.689 0.669 0.683 0.654 0.664 0.668 0.673 0.666 0.662 0.656 0.663 0.665 0.688 0.668 0.671 0.675 0.666 0.673 0.673 0.686 0.684 0.711 0.677 0.693 0.688 0.685 
0.729 0.723 0.702 0.713 0.688 0.671 0.675 0.726 0.689 0.615 0.217 0.199 0.158 0.216 0.195 0.205 0.212 0.217 0.217 0.248 0.188 0.227 0.218 0.262 0.254 0.262 0.202 0.199 0.221 0.210 0.256 0.223 0.257 0.207 0.169 0.218 0.212 0.230 0.223 0.213 0.282 0.225 0.254 0.223 0.229 0.228 0.274 0.264 0.192 0.226 0.203 0.204 0.221 0.229 0.204 0.227 0.253 0.262 0.209 0.260 
0.205 0.253 0.254 0.220 0.207 0.213 0.246 0.259 0.228 0.264 0.256 0.284 0.232 0.275 0.241 0.222 0.287 0.240 0.231 0.247 0.221 0.267 0.268 0.286 0.277 0.233 0.285 0.218 0.260 0.238 0.235 0.213 0.251 0.272 0.230 0.332 0.253 0.276 0.273 0.291 0.255 0.291 0.286 0.272 0.285 0.273 0.240 0.228 0.245 0.230 0.225 0.252 0.274 0.213 0.268 0.241 0.237 0.256 0.253 0.253 
0.233 0.282 0.267 0.257 0.234 0.232 0.281 0.206 0.265 0.273 0.278 0.268 0.199 0.271 0.288 0.212 0.234 0.263 0.250 0.173 0.254 0.252 0.234 0.222 0.258 0.254 0.265 0.268 0.275 0.269 0.257 0.321 0.278 0.286 0.252 0.276 0.253 0.236 0.214 0.205 0.306 0.312 0.259 0.231 0.260 0.245 0.257 0.314 0.255 0.255 0.239 0.236 0.276 0.259 0.273 0.219 0.238 0.258 0.211 0.246 
0.244 0.276 0.268 0.284 0.226 0.247 0.250 0.222 0.280 0.283 0.232 0.233 0.326 0.272 0.238 0.269 0.259 0.312 0.253 0.230 0.280 0.241 0.284 0.305 0.212 0.213 0.245 0.288 0.215 0.305 0.257 0.220 0.313 0.246 0.249 0.235 0.264 0.240 0.265 0.228 0.241 0.312 0.305 0.274 0.283 0.250 0.256 0.218 0.232 0.215 0.304 0.295 0.276 0.338 0.248 0.328 0.301 0.251 0.308 0.267 
0.219 0.304 0.333 0.245 0.187 0.196 0.206 0.241 0.285 0.260 0.297 0.224 0.338 0.285 0.305 0.283 0.295 0.290 0.208 0.220 0.238 0.272 0.308 0.220 0.295 0.246 0.318 0.236 0.217 0.250 0.265 0.298 0.271 0.273 0.275 0.202 0.203 0.266 0.244 0.222 0.295 0.313 0.235 0.238 0.220 0.213 0.233 0.242 0.257 0.223 0.239 0.224 0.295 0.240 0.267 0.304 0.301 0.303 0.260 0.265 
0.290 0.300 0.320 0.268 0.211 0.252 0.271 0.270 0.279 0.280 0.239 0.280 0.229 0.271 0.230 0.220 0.333 0.300 0.222 0.253 0.235 0.243 0.233 0.241 0.255 0.244 0.249 0.236 0.270 0.255 0.442 0.300 0.302 0.272 0.243 0.263 0.227 0.258 0.244 0.230 0.223 0.254 0.257 0.235 0.230 0.273 0.276 0.301 0.220 0.239 0.257 0.248 0.290 0.236 0.225 0.252 0.262 0.254 0.220 0.276 
0.259 0.299 0.285 0.318 0.230 0.243 0.232 0.223 0.319 0.248 0.262 0.268 0.258 0.234 0.262 0.218 0.279 0.237 0.217 0.244 0.246 0.224 0.273 0.265 0.219 0.257 0.275 0.203 0.243 0.238 0.217 0.317 0.231 0.257 0.239 0.240 0.173 0.272 0.242 0.215 0.244 0.278 0.270 0.234 0.201 0.282 0.262 0.223 0.253 0.260 0.229 0.225 0.266 0.234 0.241 0.255 0.262 0.272 0.259 0.304 
0.241 0.263 0.303 0.240 0.207 0.233 0.254 0.283 0.249 0.291 0.230 0.288 0.256 0.264 0.213 0.290 0.285 0.253 0.254 0.188 0.241 0.253 0.245 0.272 0.235 0.239 0.240 0.253 0.274 0.194 0.268 0.315 0.215 0.268 0.270 0.231 0.259 0.256 0.277 0.272 0.213 0.227 0.232 0.275 0.262 0.236 0.228 0.265 0.238 0.209 0.250 0.241 0.272 0.246 0.198 0.210 0.214 0.228 0.271 0.236 
