0.176 0.191 0.243 0.241 0.256 0.168 0.140 0.168 0.195 0.195 0.194 0.206 0.233 0.264 0.234 0.244 0.199 0.184 0.220 0.179 0.234 0.192 0.179 0.238 0.197 0.216 0.215 0.268 0.239 0.167 0.219 0.196 0.208 0.234 0.220 0.225 0.214 0.229 0.200 0.238 0.218 0.177 0.260 0.239 0.296 0.259 0.261 0.244 0.257 0.244 0.255 0.265 0.252 0.253 0.295 0.305 0.294 0.262 0.252 0.217 
0.272 0.229 0.239 0.334 0.253 0.242 0.258 0.237 0.226 0.207 0.265 0.254 0.276 0.258 0.245 0.201 0.217 0.254 0.243 0.246 0.243 0.205 0.301 0.256 0.276 0.238 0.252 0.245 0.254 0.270 0.214 0.212 0.270 0.270 0.261 0.249 0.289 0.240 0.225 0.241 0.237 0.260 0.256 0.269 0.193 0.263 0.267 0.243 0.253 0.236 0.257 0.234 0.220 0.266 0.250 0.254 0.248 0.228 0.231 0.229 
0.232 0.225 0.247 0.266 0.215 0.242 0.227 0.274 0.205 0.236 0.264 0.216 0.296 0.273 0.233 0.286 0.244 0.264 0.247 0.309 0.227 0.217 0.268 0.245 0.264 0.246 0.253 0.213 0.265 0.254 0.257 0.231 0.207 0.243 0.286 0.290 0.216 0.295 0.293 0.213 0.224 0.238 0.239 0.298 0.254 0.267 0.206 0.200 0.209 0.268 0.298 0.254 0.296 0.214 0.246 0.228 0.247 0.239 0.248 0.235 
0.225 0.250 0.270 0.234 0.264 0.233 0.199 0.216 0.238 0.220 0.217 0.259 0.214 0.274 0.266 0.221 0.273 0.254 0.304 0.267 0.256 0.237 0.190 0.248 0.242 0.255 0.279 0.253 0.220 0.186 0.210 0.190 0.286 0.290 0.396 0.230 0.259 0.261 0.182 0.220 0.247 0.228 0.283 0.278 0.252 0.275 0.223 0.256 0.277 0.236 0.265 0.249 0.213 0.243 0.248 0.264 0.238 0.232 0.255 0.205 
0.204 0.229 0.261 0.271 0.242 0.284 0.211 0.228 0.272 0.216 0.222 0.228 0.264 0.224 0.229 0.253 0.235 0.268 0.272 0.230 0.207 0.261 0.219 0.231 0.263 0.236 0.282 0.252 0.256 0.243 0.243 0.218 0.260 0.309 0.262 0.263 0.182 0.214 0.191 0.210 0.220 0.230 0.254 0.253 0.223 0.261 0.233 0.212 0.311 0.291 0.234 0.249 0.218 0.213 0.239 0.262 0.243 0.289 0.273 0.259 
0.288 0.232 0.274 0.281 0.243 0.281 0.234 0.218 0.227 0.230 0.234 0.256 0.259 0.262 0.225 0.235 0.253 0.223 0.225 0.246 0.197 0.226 0.225 0.229 0.257 0.274 0.264 0.227 0.237 0.200 0.291 0.244 0.269 0.245 0.256 0.208 0.221 0.278 0.237 0.260 0.240 0.220 0.284 0.277 0.225 0.262 0.211 0.291 0.257 0.266 0.223 0.235 0.209 0.240 0.283 0.227 0.234 0.229 0.251 0.223 
0.236 0.263 0.227 0.297 0.257 0.252 0.193 0.215 0.225 0.226 0.240 0.252 0.239 0.227 0.212 0.220 0.279 0.195 0.303 0.212 0.208 0.225 0.203 0.206 0.230 0.223 0.224 0.271 0.279 0.159 0.246 0.236 0.238 0.210 0.269 0.230 0.185 0.262 0.224 0.231 0.306 0.199 0.290 0.249 0.222 0.273 0.304 0.243 0.296 0.237 0.238 0.217 0.243 0.265 0.284 0.226 0.253 0.278 0.233 0.232 
0.194 0.244 0.258 0.294 0.196 0.198 0.189 0.231 0.228 0.258 0.221 0.227 0.215 0.227 0.200 0.253 0.233 0.246 0.267 0.240 0.193 0.222 0.219 0.234 0.211 0.254 0.213 0.257 0.249 0.231 0.247 0.235 0.243 0.285 0.296 0.237 0.228 0.308 0.239 0.213 0.182 0.227 0.248 0.201 0.195 0.202 0.217 0.215 0.293 0.223 0.219 0.232 0.214 0.224 0.231 0.256 0.248 0.242 0.237 0.191 
0.220 0.239 0.317 0.271 0.235 0.243 0.207 0.246 0.221 0.223 0.202 0.216 0.229 0.236 0.225 0.242 0.239 0.233 0.265 0.256 0.172 0.216 0.212 0.229 0.225 0.268 0.214 0.255 0.222 0.247 0.246 0.238 0.213 0.272 0.307 0.313 0.251 0.252 0.213 0.239 0.223 0.205 0.202 0.262 0.219 0.242 0.234 0.193 0.280 0.187 0.186 0.347 0.374 0.222 0.270 0.296 0.262 0.250 0.257 0.240 
0.241 0.286 0.253 0.318 0.245 0.212 0.239 0.213 0.219 0.256 0.274 0.254 0.235 0.248 0.239 0.281 0.285 0.238 0.264 0.226 0.266 0.229 0.249 0.229 0.234 0.255 0.332 0.376 0.336 0.222 0.234 0.241 0.275 0.339 0.219 0.230 0.238 0.276 0.259 0.278 0.265 0.249 0.292 0.233 0.253 0.272 0.254 0.270 0.280 0.234 0.233 0.279 0.208 0.243 0.250 0.224 0.247 0.249 0.259 0.252 
0.222 0.229 0.211 0.246 0.274 0.224 0.259 0.238 0.229 0.259 0.234 0.272 0.260 0.334 0.209 0.234 0.259 0.274 0.291 0.238 0.279 0.236 0.183 0.265 0.242 0.304 0.309 0.292 0.280 0.213 0.251 0.243 0.266 0.318 0.300 0.269 0.248 0.259 0.273 0.217 0.283 0.244 0.279 0.238 0.258 0.268 0.242 0.238 0.254 0.306 0.307 0.252 0.244 0.225 0.277 0.261 0.218 0.255 0.240 0.269 
0.219 0.296 0.267 0.291 0.270 0.280 0.273 0.262 0.209 0.307 0.212 0.277 0.244 0.246 0.228 0.246 0.215 0.253 0.222 0.220 0.303 0.243 0.226 0.266 0.242 0.299 0.281 0.227 0.243 0.238 0.224 0.283 0.284 0.292 0.220 0.285 0.222 0.271 0.248 0.227 0.238 0.275 0.277 0.276 0.284 0.403 0.246 0.271 0.246 0.244 0.266 0.226 0.285 0.243 0.297 0.246 0.287 0.251 0.245 0.245 
0.238 0.218 0.240 0.274 0.219 0.293 0.258 0.271 0.244 0.243 0.221 0.296 0.293 0.282 0.235 0.262 0.234 0.227 0.247 0.235 0.255 0.315 0.274 0.230 0.214 0.269 0.200 0.242 0.254 0.264 0.221 0.209 0.278 0.269 0.306 0.274 0.199 0.192 0.193 0.246 0.205 0.277 0.290 0.265 0.218 0.260 0.270 0.229 0.324 0.266 0.258 0.256 0.260 0.295 0.267 0.242 0.290 0.231 0.265 0.228 
0.242 0.227 0.203 0.226 0.217 0.310 0.235 0.264 0.237 0.250 0.226 0.250 0.244 0.253 0.236 0.217 0.224 0.231 0.291 0.257 0.236 0.216 0.275 0.259 0.211 0.229 0.236 0.207 0.234 0.278 0.269 0.218 0.244 0.261 0.251 0.287 0.274 0.261 0.231 0.258 0.274 0.235 0.256 0.253 0.166 0.210 0.215 0.208 0.269 0.268 0.247 0.250 0.211 0.226 0.231 0.204 0.212 0.245 0.232 0.199 
0.220 0.224 0.254 0.211 0.262 0.283 0.215 0.236 0.223 0.230 0.184 0.202 0.225 0.189 0.198 0.214 0.189 0.261 0.224 0.234 0.206 0.259 0.237 0.232 0.269 0.202 0.259 0.215 0.231 0.245 0.211 0.243 0.205 0.278 0.233 0.234 0.253 0.214 0.182 0.185 0.218 0.222 0.202 0.251 0.222 0.212 0.188 0.228 0.272 0.337 0.180 0.244 0.225 0.270 0.223 0.271 0.189 0.220 0.248 0.245 
0.241 0.400 0.275 0.278 0.293 0.275 0.287 0.271 0.251 0.259 0.257 0.298 0.246 0.268 0.278 0.241 0.291 0.245 0.251 0.265 0.273 0.279 0.238 0.233 0.256 0.256 0.289 0.209 0.284 0.255 0.248 0.279 0.225 0.214 0.254 0.243 0.228 0.236 0.210 0.196 0.219 0.231 0.268 0.256 0.236 0.336 0.323 0.334 0.344 0.334 0.358 0.315 0.272 0.251 0.312 0.292 0.290 0.252 0.239 0.280 
0.253 0.280 0.295 0.338 0.373 0.342 0.299 0.337 0.325 0.282 0.307 0.294 0.280 0.274 0.227 0.263 0.228 0.227 0.243 0.203 0.199 0.136 0.255 0.220 0.209 0.220 0.216 0.219 0.221 0.175 0.280 0.179 0.215 0.210 0.219 0.210 0.151 0.213 0.192 0.216 0.227 0.173 0.181 0.178 0.179 0.216 0.221 0.207 0.211 0.165 0.192 0.243 0.228 0.173 0.228 0.164 0.234 0.217 0.227 0.258 
0.244 0.238 0.190 0.218 0.234 0.172 0.211 0.186 0.148 0.218 0.226 0.164 0.187 0.197 0.156 0.183 0.200 0.172 0.206 0.202 0.189 0.220 0.121 0.181 0.191 0.215 0.227 0.185 0.210 0.188 0.204 0.181 0.221 0.194 0.264 0.231 0.203 0.163 0.173 0.152 0.172 0.156 0.199 0.000 0.299 0.197 0.150 0.167 0.149 0.234 0.179 0.177 0.133 0.153 0.192 0.181 0.215 0.185 0.174 0.170 
0.161 0.172 0.172 0.171 0.152 0.168 0.175 0.164 0.193 0.145 0.163 0.209 0.175 0.185 0.180 0.177 0.173 0.161 0.175 0.178 0.140 0.128 0.161 0.135 0.184 0.153 0.144 0.139 0.171 0.166 0.132 0.182 0.160 0.143 0.123 0.126 0.148 0.153 0.172 0.127 0.131 0.160 0.126 0.156 0.152 0.120 0.156 0.129 0.137 0.143 0.150 0.189 0.147 0.193 0.174 0.178 0.138 0.224 0.195 0.154 
0.142 0.162 0.136 0.156 0.127 0.148 0.191 0.119 0.134 0.115 0.137 0.139 0.132 0.142 0.161 0.134 0.130 0.125 0.107 0.115 0.163 0.142 0.112 0.124 0.103 0.143 0.209 0.354 0.148 0.124 0.145 0.130 0.124 0.145 0.123 0.124 0.124 0.110 0.151 0.149 0.076 0.123 0.108 0.117 0.650 0.394 0.392 0.378 0.392 0.383 0.388 0.397 0.400 0.626 0.636 0.572 0.595 0.565 0.587 0.601 
0.571 0.570 0.558 0.608 0.651 0.687 0.582 0.424 0.403 0.385 0.405 0.378 0.398 0.455 0.531 0.667 0.599 0.587 0.629 0.602 0.587 0.595 0.604 0.594 0.600 0.586 0.649 0.597 0.156 0.172 0.376 0.345 0.350 0.409 0.402 0.464 0.462 0.605 0.563 0.527 0.534 0.527 0.175 0.128 0.208 0.178 0.631 0.564 0.698 0.424 0.595 0.657 0.707 0.345 0.803 0.891 0.880 0.897 0.918 0.799 
0.975 0.970 0.969 0.923 0.921 0.927 0.871 0.780 0.758 0.782 0.738 0.748 0.708 0.608 0.225 0.107 0.172 0.461 0.644 0.580 0.743 0.740 0.628 0.399 0.811 0.819 0.688 0.373 0.792 0.134 0.674 0.681 0.688 0.683 0.666 0.519 0.581 0.817 0.226 0.156 0.140 0.644 0.630 0.504 0.577 0.635 0.484 0.573 0.614 0.594 0.111 0.108 0.452 0.578 0.630 0.644 0.648 0.642 0.648 0.665 
0.650 0.657 0.674 0.653 0.638 0.644 0.646 0.641 0.638 0.632 0.652 0.646 0.644 0.644 0.646 0.642 0.643 0.660 0.468 0.127 0.271 0.620 0.642 0.635 0.648 0.637 0.646 0.662 0.675 0.650 0.674 0.670 0.676 0.646 0.659 0.642 0.649 0.643 0.652 0.640 0.657 0.657 0.654 0.675 0.646 0.652 0.641 0.662 0.655 0.666 0.655 0.668 0.649 0.651 0.643 0.658 0.682 0.651 0.683 0.659 
0.668 0.686 0.684 0.699 0.666 0.673 0.672 0.652 0.664 0.653 0.655 0.665 0.664 0.653 0.661 0.650 0.663 0.676 0.669 0.683 0.664 0.668 0.664 0.622 0.159 0.157 0.162 0.664 0.669 0.703 0.687 0.703 0.402 0.177 0.185 0.175 0.149 0.166 0.145 0.179 0.166 0.179 0.182 0.223 0.185 0.219 0.172 0.208 0.188 0.187 0.255 0.195 0.213 0.214 0.222 0.256 0.226 0.230 0.170 0.232 
