0.480 0.495 0.501 0.467 0.456 0.428 0.482 0.632 0.604 0.616 0.587 0.633 0.602 0.602 0.572 0.592 0.592 0.537 0.648 0.636 0.563 0.589 0.496 0.441 0.418 0.412 0.417 0.397 0.459 0.518 0.529 0.227 0.088 0.112 0.108 0.123 0.153 0.128 0.120 0.091 0.110 0.150 0.127 0.132 0.117 0.588 0.658 0.113 0.700 0.494 0.602 0.655 0.815 0.787 0.775 0.887 0.912 0.978 0.969 0.971 
0.948 0.929 0.914 0.904 0.864 0.882 0.830 0.637 0.721 0.725 0.738 0.738 0.694 0.651 0.144 0.252 0.486 0.702 0.674 0.700 0.792 0.658 0.308 0.531 0.817 0.542 0.492 0.607 0.713 0.130 0.123 0.437 0.708 0.689 0.680 0.655 0.637 0.346 0.847 0.507 0.148 0.142 0.108 0.217 0.642 0.633 0.605 0.634 0.629 0.574 0.624 0.624 0.242 0.101 0.099 0.316 0.615 0.640 0.641 0.648 
0.657 0.649 0.646 0.646 0.639 0.647 0.104 0.121 0.103 0.509 0.658 0.657 0.640 0.653 0.663 0.652 0.655 0.645 0.643 0.655 0.633 0.647 0.651 0.128 0.124 0.111 0.137 0.615 0.662 0.649 0.663 0.630 0.644 0.636 0.656 0.644 0.660 0.660 0.682 0.676 0.666 0.652 0.658 0.651 0.663 0.652 0.663 0.661 0.660 0.667 0.658 0.653 0.660 0.676 0.655 0.666 0.649 0.667 0.650 0.683 
0.681 0.660 0.661 0.675 0.636 0.658 0.648 0.672 0.659 0.663 0.655 0.665 0.660 0.663 0.657 0.684 0.667 0.668 0.665 0.651 0.659 0.666 0.653 0.664 0.662 0.678 0.678 0.668 0.678 0.705 0.689 0.716 0.673 0.669 0.666 0.682 0.668 0.233 0.157 0.192 0.194 0.186 0.181 0.162 0.188 0.192 0.207 0.223 0.204 0.186 0.195 0.220 0.245 0.166 0.197 0.216 0.251 0.171 0.207 0.237 
0.238 0.211 0.175 0.230 0.195 0.212 0.234 0.194 0.215 0.177 0.248 0.205 0.239 0.243 0.199 0.201 0.191 0.211 0.214 0.210 0.223 0.199 0.215 0.231 0.214 0.227 0.206 0.209 0.217 0.251 0.251 0.262 0.247 0.228 0.183 0.190 0.223 0.254 0.230 0.267 0.229 0.228 0.218 0.242 0.231 0.236 0.289 0.216 0.290 0.201 0.240 0.253 0.238 0.283 0.237 0.274 0.209 0.236 0.225 0.262 
0.258 0.243 0.286 0.248 0.238 0.238 0.169 0.261 0.220 0.250 0.240 0.213 0.240 0.213 0.236 0.210 0.256 0.235 0.208 0.200 0.206 0.249 0.220 0.238 0.206 0.247 0.210 0.262 0.233 0.244 0.179 0.263 0.175 0.275 0.244 0.206 0.188 0.237 0.214 0.207 0.297 0.226 0.178 0.245 0.211 0.226 0.263 0.225 0.244 0.216 0.232 0.199 0.275 0.260 0.261 0.275 0.202 0.210 0.288 0.209 
0.318 0.213 0.243 0.219 0.199 0.203 0.241 0.214 0.202 0.225 0.251 0.199 0.223 0.248 0.257 0.266 0.175 0.267 0.216 0.210 0.208 0.247 0.262 0.231 0.202 0.235 0.249 0.230 0.224 0.244 0.216 0.199 0.227 0.191 0.211 0.202 0.227 0.244 0.251 0.223 0.253 0.222 0.240 0.255 0.202 0.230 0.285 0.215 0.207 0.175 0.228 0.205 0.303 0.234 0.197 0.207 0.207 0.264 0.237 0.229 
0.225 0.254 0.241 0.231 0.221 0.250 0.233 0.247 0.206 0.250 0.220 0.203 0.243 0.234 0.240 0.262 0.246 0.265 0.249 0.223 0.198 0.241 0.210 0.239 0.244 0.256 0.227 0.207 0.217 0.228 0.275 0.261 0.196 0.218 0.246 0.222 0.197 0.253 0.237 0.219 0.262 0.219 0.242 0.231 0.301 0.234 0.252 0.246 0.211 0.295 0.255 0.267 0.234 0.225 0.259 0.247 0.225 0.214 0.223 0.290 
0.249 0.311 0.263 0.207 0.250 0.270 0.239 0.290 0.300 0.246 0.299 0.233 0.270 0.260 0.261 0.303 0.258 0.263 0.261 0.218 0.242 0.261 0.240 0.263 0.257 0.241 0.245 0.267 0.232 0.253 0.256 0.260 0.241 0.238 0.221 0.214 0.216 0.247 0.231 0.214 0.192 0.266 0.199 0.260 0.230 0.235 0.264 0.189 0.215 0.198 0.229 0.253 0.222 0.241 0.192 0.245 0.231 0.246 0.230 0.229 
0.263 0.246 0.214 0.207 0.224 0.228 0.271 0.216 0.221 0.220 0.264 0.246 0.209 0.260 0.219 0.294 0.263 0.239 0.224 0.249 0.237 0.269 0.273 0.204 0.250 0.256 0.186 0.268 0.195 0.239 0.252 0.250 0.265 0.215 0.230 0.223 0.248 0.236 0.240 0.252 0.218 0.221 0.239 0.293 0.201 0.240 0.244 0.233 0.251 0.205 0.214 0.207 0.232 0.246 0.239 0.252 0.233 0.228 0.221 0.277 
0.278 0.224 0.210 0.215 0.184 0.223 0.250 0.200 0.245 0.225 0.240 0.175 0.255 0.244 0.215 0.267 0.216 0.249 0.229 0.180 0.227 0.197 0.220 0.268 0.235 0.257 0.205 0.245 0.212 0.274 0.257 0.178 0.240 0.197 0.210 0.243 0.240 0.256 0.218 0.212 0.221 0.208 0.239 0.248 0.230 0.236 0.242 0.263 0.184 0.219 0.217 0.237 0.230 0.245 0.258 0.237 0.222 0.221 0.198 0.206 
0.249 0.251 0.205 0.255 0.207 0.248 0.234 0.267 0.245 0.253 0.253 0.255 0.247 0.192 0.229 0.191 0.262 0.198 0.203 0.200 0.429 0.255 0.320 0.312 0.336 0.289 0.290 0.284 0.292 0.283 0.299 0.329 0.294 0.274 0.287 0.210 0.282 0.283 0.302 0.300 0.312 0.271 0.286 0.288 0.273 0.251 0.236 0.237 0.269 0.228 0.334 0.340 0.336 0.367 0.318 0.393 0.277 0.306 0.295 0.296 
0.312 0.268 0.239 0.234 0.239 0.252 0.234 0.228 0.226 0.230 0.224 0.213 0.193 0.232 0.212 0.258 0.218 0.188 0.210 0.192 0.191 0.259 0.218 0.241 0.194 0.274 0.222 0.170 0.230 0.220 0.266 0.278 0.202 0.218 0.172 0.242 0.251 0.208 0.258 0.261 0.327 0.237 0.268 0.254 0.211 0.238 0.233 0.185 0.195 0.185 0.253 0.226 0.226 0.256 0.205 0.215 0.229 0.215 0.249 0.228 
0.229 0.206 0.235 0.230 0.233 0.223 0.178 0.204 0.190 0.232 0.216 0.219 0.210 0.221 0.254 0.250 0.232 0.207 0.228 0.226 0.229 0.229 0.236 0.220 0.223 0.208 0.223 0.228 0.219 0.186 0.245 0.219 0.195 0.197 0.244 0.235 0.211 0.238 0.239 0.206 0.208 0.165 0.224 0.255 0.192 0.247 0.301 0.226 0.230 0.232 0.233 0.212 0.261 0.233 0.199 0.242 0.250 0.230 0.271 0.260 
0.229 0.255 0.211 0.181 0.282 0.249 0.241 0.224 0.201 0.227 0.240 0.253 0.275 0.202 0.227 0.234 0.287 0.240 0.177 0.209 0.205 0.270 0.245 0.266 0.301 0.227 0.212 0.255 0.215 0.238 0.260 0.258 0.219 0.211 0.196 0.199 0.210 0.192 0.252 0.242 0.257 0.229 0.247 0.231 0.194 0.216 0.248 0.202 0.185 0.219 0.183 0.229 0.252 0.216 0.235 0.206 0.241 0.197 0.201 0.217 
0.252 0.246 0.267 0.281 0.256 0.201 0.224 0.213 0.211 0.284 0.192 0.275 0.288 0.257 0.290 0.222 0.253 0.258 0.223 0.253 0.197 0.231 0.242 0.259 0.222 0.276 0.281 0.227 0.260 0.261 0.259 0.199 0.233 0.251 0.291 0.299 0.239 0.183 0.249 0.215 0.270 0.253 0.386 0.242 0.221 0.228 0.253 0.215 0.316 0.201 0.243 0.224 0.257 0.215 0.221 0.260 0.196 0.242 0.199 0.236 
0.238 0.258 0.292 0.240 0.217 0.247 0.198 0.291 0.234 0.244 0.264 0.222 0.208 0.235 0.232 0.255 0.256 0.239 0.278 0.193 0.240 0.229 0.269 0.270 0.216 0.232 0.206 0.209 0.201 0.228 0.243 0.228 0.265 0.230 0.246 0.262 0.193 0.246 0.206 0.220 0.219 0.259 0.223 0.238 0.239 0.275 0.256 0.216 0.212 0.207 0.207 0.222 0.262 0.247 0.203 0.246 0.206 0.190 0.244 0.202 
0.291 0.225 0.226 0.257 0.184 0.221 0.217 0.219 0.259 0.205 0.249 0.210 0.194 0.206 0.191 0.253 0.221 0.233 0.195 0.249 0.221 0.223 0.225 0.222 0.229 0.235 0.272 0.268 0.235 0.263 0.282 0.271 0.231 0.226 0.245 0.229 0.231 0.215 0.218 0.198 0.226 0.205 0.225 0.216 0.230 0.268 0.251 0.207 0.206 0.187 0.240 0.239 0.239 0.216 0.247 0.263 0.219 0.182 0.233 0.222 
0.269 0.266 0.216 0.195 0.216 0.199 0.210 0.191 0.211 0.202 0.198 0.183 0.201 0.241 0.298 0.222 0.222 0.242 0.194 0.239 0.249 0.271 0.225 0.290 0.232 0.240 0.258 0.176 0.199 0.239 0.267 0.264 0.230 0.259 0.173 0.246 0.179 0.173 0.228 0.188 0.220 0.209 0.209 0.228 0.222 0.267 0.325 0.209 0.212 0.236 0.192 0.226 0.213 0.222 0.216 0.257 0.191 0.184 0.205 0.213 
0.212 0.254 0.221 0.241 0.224 0.246 0.192 0.260 0.195 0.183 0.198 0.183 0.194 0.212 0.185 0.228 0.225 0.235 0.246 0.230 0.208 0.211 0.220 0.197 0.233 0.222 0.188 0.227 0.201 0.239 0.170 0.239 0.210 0.175 0.186 0.197 0.204 0.214 0.183 0.241 0.211 0.199 0.194 0.160 0.191 0.159 0.216 0.171 0.205 0.217 0.191 0.195 0.215 0.186 0.208 0.193 0.196 0.197 0.225 0.205 
0.228 0.211 0.191 0.257 0.189 0.238 0.227 0.160 0.169 0.231 0.197 0.221 0.199 0.199 0.204 0.173 0.209 0.202 0.205 0.181 0.175 0.240 0.191 0.202 0.209 0.197 0.187 0.144 0.164 0.239 0.207 0.232 0.203 0.217 0.181 0.191 0.237 0.154 0.155 0.157 0.199 0.203 0.196 0.206 0.190 0.198 0.208 0.188 0.207 0.196 0.241 0.194 0.219 0.230 0.198 0.209 0.186 0.211 0.203 0.206 
0.201 0.194 0.270 0.203 0.217 0.212 0.191 0.168 0.164 0.207 0.163 0.190 0.183 0.152 0.173 0.123 0.186 0.177 0.155 0.204 0.221 0.213 0.188 0.188 0.201 0.208 0.220 0.176 0.205 0.185 0.201 0.219 0.184 0.203 0.216 0.190 0.205 0.149 0.167 0.171 0.000 0.255 0.171 0.202 0.171 0.174 0.189 0.177 0.197 0.231 0.206 0.210 0.189 0.183 0.170 0.200 0.180 0.160 0.181 0.172 
0.200 0.220 0.194 0.196 0.170 0.188 0.185 0.150 0.184 0.185 0.166 0.172 0.177 0.186 0.194 0.188 0.185 0.177 0.207 0.180 0.183 0.156 0.142 0.166 0.153 0.154 0.146 0.154 0.181 0.170 0.141 0.175 0.120 0.128 0.147 0.159 0.145 0.130 0.139 0.159 0.152 0.165 0.117 0.148 0.158 0.142 0.198 0.136 0.184 0.142 0.117 0.179 0.134 0.206 0.187 0.121 0.190 0.151 0.174 0.116 
0.146 0.149 0.163 0.137 0.118 0.157 0.127 0.139 0.135 0.141 0.142 0.187 0.146 0.167 0.122 0.150 0.123 0.126 0.120 0.110 0.113 0.104 0.157 0.139 0.110 0.129 0.119 0.128 0.155 0.139 0.112 0.096 0.101 0.122 0.132 0.120 0.105 0.120 0.110 0.119 0.135 0.617 0.371 0.382 0.379 0.370 0.379 0.392 0.394 0.434 0.612 0.648 0.632 0.651 0.614 0.558 0.436 0.493 0.453 0.475 
