0.206 0.221 0.189 0.222 0.228 0.236 0.230 0.198 0.187 0.194 0.220 0.227 0.220 0.258 0.222 0.205 0.200 0.202 0.175 0.213 0.222 0.196 0.200 0.150 0.203 0.224 0.240 0.226 0.239 0.246 0.202 0.240 0.252 0.275 0.289 0.245 0.233 0.217 0.222 0.204 0.226 0.260 0.242 0.240 0.272 0.233 0.287 0.238 0.261 0.300 0.285 0.266 0.249 0.231 0.230 0.223 0.263 0.281 0.254 0.212 
0.210 0.221 0.231 0.261 0.293 0.233 0.235 0.222 0.271 0.285 0.200 0.243 0.240 0.253 0.283 0.203 0.241 0.224 0.214 0.263 0.219 0.225 0.219 0.192 0.199 0.176 0.249 0.199 0.249 0.260 0.227 0.223 0.237 0.200 0.286 0.256 0.232 0.234 0.247 0.245 0.205 0.255 0.253 0.228 0.288 0.252 0.272 0.211 0.237 0.225 0.227 0.261 0.292 0.263 0.201 0.222 0.274 0.256 0.266 0.245 
0.278 0.269 0.265 0.233 0.303 0.232 0.181 0.213 0.192 0.238 0.191 0.241 0.247 0.245 0.254 0.195 0.249 0.228 0.277 0.247 0.199 0.252 0.249 0.282 0.254 0.239 0.235 0.260 0.216 0.258 0.238 0.223 0.216 0.236 0.299 0.262 0.200 0.242 0.235 0.229 0.221 0.231 0.228 0.228 0.253 0.301 0.251 0.253 0.264 0.235 0.197 0.235 0.265 0.241 0.257 0.242 0.255 0.254 0.258 0.228 
0.300 0.229 0.228 0.234 0.290 0.301 0.281 0.244 0.202 0.199 0.215 0.293 0.206 0.262 0.252 0.221 0.218 0.216 0.288 0.257 0.306 0.226 0.260 0.190 0.238 0.296 0.226 0.281 0.260 0.291 0.225 0.184 0.254 0.253 0.280 0.227 0.234 0.254 0.267 0.226 0.250 0.219 0.217 0.238 0.250 0.245 0.282 0.255 0.198 0.228 0.226 0.249 0.201 0.268 0.223 0.228 0.233 0.319 0.266 0.242 
0.243 0.258 0.268 0.254 0.253 0.287 0.234 0.225 0.261 0.225 0.243 0.252 0.220 0.227 0.251 0.192 0.236 0.216 0.202 0.267 0.327 0.267 0.193 0.187 0.194 0.245 0.282 0.233 0.282 0.204 0.224 0.240 0.236 0.234 0.339 0.229 0.292 0.289 0.259 0.266 0.273 0.226 0.260 0.275 0.241 0.250 0.265 0.212 0.258 0.325 0.254 0.240 0.230 0.250 0.212 0.237 0.248 0.272 0.246 0.263 
0.227 0.248 0.286 0.269 0.274 0.193 0.245 0.242 0.201 0.247 0.244 0.259 0.322 0.270 0.277 0.253 0.246 0.234 0.329 0.279 0.233 0.204 0.160 0.282 0.212 0.237 0.231 0.222 0.205 0.199 0.191 0.225 0.205 0.223 0.256 0.310 0.219 0.236 0.230 0.218 0.275 0.224 0.209 0.279 0.242 0.293 0.215 0.291 0.244 0.294 0.253 0.202 0.255 0.167 0.242 0.227 0.229 0.204 0.204 0.272 
0.210 0.277 0.239 0.241 0.241 0.220 0.250 0.218 0.229 0.213 0.224 0.265 0.253 0.227 0.250 0.240 0.230 0.248 0.242 0.296 0.228 0.223 0.243 0.217 0.223 0.281 0.226 0.252 0.277 0.193 0.245 0.210 0.248 0.264 0.253 0.306 0.242 0.208 0.247 0.225 0.248 0.235 0.249 0.269 0.263 0.227 0.218 0.246 0.236 0.285 0.225 0.445 0.285 0.272 0.269 0.303 0.269 0.271 0.332 0.337 
0.314 0.337 0.293 0.361 0.319 0.324 0.339 0.296 0.276 0.236 0.297 0.283 0.265 0.227 0.300 0.274 0.237 0.268 0.256 0.282 0.283 0.212 0.250 0.209 0.285 0.288 0.285 0.244 0.281 0.272 0.269 0.208 0.259 0.210 0.301 0.303 0.244 0.337 0.319 0.345 0.364 0.364 0.397 0.315 0.306 0.352 0.305 0.369 0.292 0.318 0.258 0.248 0.295 0.283 0.321 0.366 0.368 0.326 0.330 0.298 
0.378 0.288 0.339 0.304 0.324 0.346 0.229 0.289 0.290 0.241 0.283 0.249 0.204 0.242 0.215 0.222 0.232 0.220 0.210 0.218 0.194 0.253 0.175 0.230 0.252 0.218 0.241 0.263 0.226 0.230 0.239 0.261 0.276 0.212 0.277 0.239 0.202 0.192 0.240 0.226 0.250 0.217 0.218 0.226 0.252 0.226 0.258 0.229 0.190 0.252 0.210 0.212 0.224 0.186 0.195 0.216 0.205 0.240 0.249 0.231 
0.239 0.230 0.285 0.257 0.278 0.232 0.222 0.196 0.230 0.241 0.209 0.197 0.231 0.248 0.219 0.204 0.235 0.183 0.259 0.270 0.197 0.238 0.205 0.225 0.254 0.238 0.263 0.222 0.248 0.195 0.204 0.244 0.229 0.255 0.254 0.269 0.208 0.239 0.213 0.204 0.229 0.244 0.278 0.291 0.223 0.248 0.224 0.229 0.249 0.252 0.201 0.184 0.253 0.203 0.204 0.270 0.238 0.195 0.208 0.249 
0.239 0.285 0.193 0.268 0.259 0.253 0.277 0.209 0.221 0.249 0.264 0.236 0.251 0.269 0.188 0.199 0.300 0.230 0.207 0.259 0.292 0.227 0.210 0.231 0.263 0.297 0.257 0.264 0.236 0.272 0.240 0.224 0.241 0.245 0.281 0.284 0.286 0.242 0.208 0.221 0.238 0.265 0.182 0.314 0.299 0.229 0.290 0.267 0.254 0.252 0.267 0.249 0.247 0.255 0.228 0.350 0.242 0.285 0.293 0.244 
0.227 0.226 0.253 0.244 0.375 0.308 0.282 0.278 0.279 0.269 0.267 0.285 0.254 0.282 0.305 0.318 0.263 0.279 0.273 0.237 0.254 0.269 0.245 0.244 0.242 0.275 0.260 0.233 0.269 0.318 0.306 0.264 0.239 0.259 0.277 0.307 0.254 0.241 0.241 0.248 0.275 0.215 0.257 0.292 0.248 0.226 0.372 0.295 0.228 0.335 0.296 0.266 0.233 0.304 0.242 0.252 0.212 0.254 0.248 0.225 
0.247 0.283 0.219 0.259 0.256 0.292 0.256 0.284 0.257 0.218 0.227 0.215 0.219 0.276 0.302 0.270 0.226 0.226 0.232 0.287 0.302 0.260 0.288 0.214 0.269 0.269 0.284 0.241 0.274 0.270 0.223 0.267 0.205 0.286 0.278 0.330 0.261 0.210 0.287 0.262 0.245 0.234 0.230 0.278 0.228 0.272 0.244 0.296 0.246 0.259 0.261 0.268 0.264 0.235 0.263 0.268 0.225 0.239 0.242 0.231 
0.231 0.207 0.227 0.227 0.248 0.255 0.209 0.234 0.244 0.223 0.221 0.281 0.256 0.252 0.220 0.216 0.239 0.208 0.234 0.212 0.256 0.271 0.297 0.235 0.256 0.290 0.218 0.229 0.318 0.272 0.234 0.256 0.378 0.271 0.319 0.244 0.265 0.306 0.350 0.286 0.268 0.260 0.245 0.241 0.278 0.232 0.228 0.241 0.217 0.269 0.234 0.255 0.261 0.227 0.227 0.260 0.307 0.269 0.233 0.231 
0.252 0.258 0.244 0.244 0.304 0.257 0.229 0.198 0.217 0.242 0.221 0.195 0.194 0.194 0.221 0.241 0.236 0.179 0.331 0.611 0.632 0.306 0.294 0.220 0.249 0.207 0.649 0.621 0.490 0.277 0.254 0.283 0.387 0.613 0.669 0.385 0.231 0.244 0.270 0.362 0.586 0.599 0.254 0.273 0.246 0.260 0.482 0.615 0.495 0.282 0.386 0.230 0.453 0.527 0.595 0.218 0.232 0.233 0.227 0.256 
0.230 0.235 0.216 0.242 0.293 0.225 0.195 0.196 0.207 0.225 0.238 0.228 0.250 0.182 0.208 0.208 0.274 0.173 0.219 0.209 0.210 0.255 0.147 0.200 0.206 0.226 0.260 0.277 0.230 0.172 0.198 0.217 0.220 0.240 0.216 0.240 0.234 0.215 0.214 0.198 0.173 0.192 0.233 0.183 0.206 0.173 0.180 0.157 0.244 0.250 0.241 0.202 0.236 0.216 0.204 0.223 0.205 0.222 0.235 0.255 
0.184 0.206 0.236 0.233 0.187 0.291 0.204 0.239 0.196 0.196 0.168 0.254 0.204 0.227 0.205 0.180 0.229 0.242 0.174 0.201 0.177 0.181 0.200 0.193 0.219 0.208 0.233 0.207 0.188 0.239 0.205 0.222 0.193 0.237 0.169 0.208 0.246 0.233 0.228 0.222 0.216 0.218 0.174 0.236 0.196 0.194 0.217 0.241 0.170 0.200 0.225 0.188 0.266 0.211 0.171 0.221 0.227 0.229 0.216 0.254 
0.215 0.197 0.224 0.212 0.248 0.237 0.248 0.189 0.186 0.193 0.213 0.224 0.237 0.198 0.188 0.197 0.179 0.215 0.207 0.202 0.171 0.179 0.180 0.246 0.221 0.206 0.277 0.213 0.180 0.163 0.236 0.179 0.182 0.189 0.212 0.257 0.217 0.214 0.220 0.184 0.199 0.198 0.226 0.216 0.000 0.305 0.194 0.163 0.201 0.165 0.247 0.210 0.205 0.175 0.186 0.222 0.184 0.212 0.195 0.190 
0.168 0.168 0.195 0.205 0.185 0.172 0.214 0.181 0.136 0.190 0.160 0.213 0.219 0.179 0.213 0.208 0.201 0.184 0.147 0.172 0.148 0.147 0.131 0.156 0.151 0.138 0.161 0.171 0.143 0.190 0.130 0.161 0.157 0.164 0.151 0.116 0.147 0.145 0.150 0.151 0.154 0.150 0.153 0.169 0.148 0.161 0.154 0.133 0.173 0.148 0.140 0.184 0.165 0.190 0.149 0.160 0.173 0.147 0.183 0.145 
0.193 0.160 0.138 0.115 0.134 0.134 0.137 0.142 0.144 0.134 0.132 0.120 0.128 0.142 0.128 0.135 0.147 0.138 0.148 0.126 0.167 0.149 0.161 0.177 0.126 0.143 0.128 0.147 0.118 0.140 0.141 0.141 0.145 0.115 0.141 0.125 0.115 0.128 0.135 0.135 0.131 0.099 0.141 0.152 0.137 0.627 0.388 0.410 0.417 0.408 0.412 0.371 0.412 0.391 0.645 0.611 0.623 0.612 0.590 0.592 
0.599 0.575 0.581 0.596 0.586 0.657 0.673 0.439 0.330 0.344 0.346 0.359 0.380 0.393 0.425 0.482 0.594 0.604 0.611 0.600 0.644 0.623 0.620 0.637 0.613 0.595 0.599 0.655 0.664 0.588 0.175 0.168 0.275 0.412 0.335 0.402 0.408 0.451 0.482 0.570 0.595 0.522 0.543 0.527 0.119 0.154 0.210 0.628 0.486 0.844 0.574 0.635 0.693 0.603 0.524 0.860 0.951 0.950 0.943 0.907 
0.917 0.839 0.949 0.974 0.966 0.932 0.922 0.925 0.905 0.877 0.871 0.812 0.697 0.647 0.229 0.128 0.177 0.472 0.662 0.698 0.543 0.737 0.735 0.583 0.392 0.826 0.835 0.220 0.669 0.643 0.493 0.135 0.543 0.664 0.678 0.693 0.662 0.450 0.471 0.823 0.331 0.137 0.120 0.261 0.097 0.150 0.106 0.112 0.119 0.102 0.106 0.090 0.115 0.099 0.122 0.157 0.131 0.367 0.652 0.558 
0.520 0.585 0.629 0.484 0.592 0.616 0.472 0.102 0.120 0.513 0.626 0.639 0.639 0.639 0.635 0.643 0.642 0.637 0.650 0.642 0.654 0.649 0.644 0.654 0.643 0.639 0.639 0.651 0.642 0.650 0.651 0.655 0.655 0.650 0.648 0.344 0.129 0.179 0.594 0.646 0.606 0.646 0.656 0.660 0.687 0.657 0.614 0.646 0.650 0.658 0.652 0.663 0.647 0.660 0.640 0.650 0.657 0.679 0.646 0.671 
0.659 0.674 0.656 0.678 0.665 0.659 0.664 0.666 0.681 0.648 0.664 0.679 0.671 0.655 0.674 0.664 0.675 0.673 0.685 0.664 0.675 0.666 0.673 0.663 0.659 0.664 0.672 0.674 0.675 0.684 0.653 0.673 0.680 0.706 0.691 0.691 0.683 0.698 0.671 0.687 0.692 0.689 0.707 0.726 0.706 0.682 0.600 0.204 0.190 0.220 0.180 0.199 0.177 0.146 0.203 0.193 0.230 0.244 0.200 0.219 
