0.145 0.125 0.134 0.136 0.120 0.164 0.117 0.104 0.100 0.104 0.119 0.124 0.142 0.153 0.133 0.143 0.144 0.134 0.123 0.171 0.141 0.155 0.135 0.137 0.175 0.129 0.104 0.154 0.140 0.172 0.141 0.124 0.144 0.082 0.138 0.144 0.130 0.105 0.124 0.122 0.146 0.144 0.166 0.117 0.132 0.136 0.154 0.126 0.142 0.108 0.159 0.157 0.089 0.133 0.118 0.121 0.137 0.122 0.158 0.158 
0.119 0.143 0.125 0.147 0.138 0.154 0.118 0.146 0.147 0.160 0.145 0.115 0.112 0.167 0.144 0.153 0.127 0.138 0.133 0.152 0.124 0.117 0.107 0.138 0.139 0.133 0.139 0.117 0.139 0.132 0.122 0.136 0.129 0.120 0.113 0.123 0.103 0.134 0.141 0.150 0.124 0.147 0.126 0.158 0.121 0.156 0.152 0.174 0.138 0.113 0.108 0.136 0.123 0.128 0.128 0.118 0.127 0.116 0.159 0.123 
0.143 0.144 0.147 0.141 0.126 0.136 0.156 0.145 0.105 0.136 0.146 0.124 0.159 0.111 0.135 0.170 0.139 0.172 0.128 0.123 0.090 0.122 0.140 0.146 0.155 0.148 0.125 0.134 0.141 0.136 0.116 0.153 0.138 0.152 0.154 0.166 0.098 0.136 0.151 0.141 0.122 0.130 0.161 0.157 0.111 0.152 0.118 0.144 0.160 0.126 0.168 0.161 0.134 0.125 0.146 0.135 0.105 0.167 0.161 0.136 
0.138 0.154 0.146 0.144 0.121 0.126 0.123 0.136 0.147 0.108 0.145 0.135 0.156 0.149 0.149 0.112 0.174 0.143 0.148 0.178 0.157 0.152 0.174 0.124 0.131 0.165 0.169 0.156 0.161 0.165 0.140 0.170 0.161 0.133 0.152 0.119 0.142 0.181 0.155 0.143 0.145 0.120 0.156 0.102 0.122 0.110 0.169 0.183 0.128 0.149 0.107 0.159 0.141 0.160 0.174 0.172 0.144 0.153 0.159 0.168 
0.128 0.164 0.148 0.167 0.169 0.105 0.138 0.149 0.155 0.159 0.169 0.158 0.166 0.140 0.179 0.191 0.145 0.157 0.172 0.158 0.117 0.163 0.145 0.167 0.162 0.150 0.132 0.212 0.129 0.139 0.148 0.163 0.136 0.130 0.148 0.121 0.167 0.149 0.155 0.170 0.158 0.168 0.191 0.169 0.159 0.155 0.146 0.179 0.162 0.131 0.154 0.158 0.116 0.162 0.115 0.141 0.167 0.190 0.151 0.157 
0.177 0.127 0.132 0.108 0.166 0.152 0.154 0.161 0.152 0.191 0.155 0.127 0.155 0.145 0.163 0.152 0.165 0.172 0.175 0.144 0.138 0.139 0.163 0.166 0.149 0.133 0.135 0.187 0.135 0.156 0.195 0.156 0.199 0.156 0.135 0.194 0.182 0.149 0.166 0.160 0.219 0.150 0.203 0.160 0.122 0.141 0.124 0.154 0.159 0.206 0.173 0.162 0.161 0.138 0.162 0.122 0.141 0.167 0.132 0.158 
0.135 0.132 0.153 0.175 0.151 0.130 0.139 0.177 0.173 0.142 0.198 0.141 0.202 0.152 0.173 0.126 0.170 0.162 0.164 0.129 0.135 0.167 0.180 0.173 0.133 0.174 0.185 0.197 0.138 0.163 0.199 0.150 0.167 0.143 0.155 0.162 0.141 0.161 0.152 0.149 0.162 0.147 0.177 0.103 0.129 0.159 0.178 0.174 0.145 0.173 0.157 0.153 0.161 0.127 0.165 0.171 0.154 0.186 0.159 0.150 
0.140 0.186 0.194 0.184 0.181 0.162 0.162 0.152 0.194 0.153 0.187 0.167 0.172 0.153 0.136 0.184 0.180 0.191 0.172 0.190 0.190 0.182 0.131 0.179 0.149 0.168 0.147 0.212 0.178 0.163 0.168 0.140 0.123 0.141 0.182 0.166 0.149 0.172 0.146 0.134 0.127 0.113 0.200 0.150 0.152 0.193 0.200 0.140 0.144 0.134 0.210 0.179 0.197 0.178 0.147 0.183 0.205 0.182 0.185 0.150 
0.172 0.168 0.170 0.113 0.153 0.161 0.166 0.181 0.172 0.150 0.184 0.169 0.198 0.181 0.120 0.170 0.190 0.137 0.213 0.173 0.167 0.129 0.137 0.153 0.155 0.185 0.178 0.142 0.172 0.185 0.140 0.170 0.162 0.145 0.130 0.163 0.152 0.186 0.210 0.155 0.141 0.176 0.163 0.146 0.155 0.154 0.188 0.170 0.159 0.150 0.166 0.150 0.154 0.142 0.166 0.155 0.261 0.157 0.175 0.142 
0.111 0.120 0.167 0.156 0.154 0.154 0.128 0.159 0.158 0.171 0.202 0.188 0.158 0.157 0.146 0.208 0.204 0.178 0.224 0.180 0.185 0.137 0.153 0.190 0.179 0.132 0.171 0.256 0.172 0.130 0.127 0.145 0.170 0.215 0.173 0.160 0.157 0.175 0.179 0.187 0.184 0.186 0.195 0.153 0.175 0.178 0.144 0.168 0.170 0.213 0.172 0.179 0.161 0.159 0.139 0.146 0.156 0.177 0.127 0.150 
0.167 0.173 0.184 0.127 0.145 0.165 0.131 0.152 0.140 0.138 0.141 0.145 0.159 0.162 0.167 0.128 0.179 0.171 0.133 0.172 0.156 0.184 0.153 0.172 0.128 0.153 0.153 0.159 0.136 0.142 0.180 0.146 0.182 0.173 0.150 0.173 0.147 0.153 0.186 0.122 0.161 0.182 0.193 0.137 0.134 0.151 0.145 0.140 0.188 0.159 0.154 0.140 0.178 0.143 0.122 0.152 0.148 0.165 0.151 0.161 
0.175 0.178 0.142 0.110 0.122 0.138 0.157 0.171 0.146 0.160 0.107 0.162 0.195 0.179 0.154 0.183 0.171 0.132 0.179 0.152 0.130 0.152 0.102 0.150 0.151 0.111 0.156 0.133 0.151 0.159 0.146 0.118 0.149 0.149 0.296 0.150 0.143 0.154 0.120 0.140 0.201 0.149 0.193 0.109 0.150 0.153 0.154 0.171 0.182 0.151 0.141 0.111 0.109 0.139 0.137 0.133 0.150 0.118 0.148 0.129 
0.138 0.130 0.133 0.133 0.115 0.145 0.149 0.134 0.168 0.165 0.138 0.147 0.142 0.158 0.161 0.180 0.153 0.153 0.151 0.130 0.146 0.138 0.164 0.145 0.147 0.161 0.122 0.185 0.138 0.104 0.112 0.145 0.137 0.151 0.108 0.146 0.134 0.127 0.186 0.142 0.159 0.117 0.178 0.148 0.163 0.126 0.149 0.143 0.159 0.122 0.161 0.152 0.135 0.146 0.112 0.145 0.141 0.098 0.145 0.156 
0.141 0.141 0.102 0.135 0.122 0.124 0.137 0.130 0.149 0.119 0.126 0.135 0.142 0.148 0.136 0.142 0.142 0.160 0.139 0.124 0.122 0.097 0.124 0.140 0.130 0.125 0.119 0.134 0.125 0.099 0.116 0.132 0.132 0.143 0.131 0.140 0.134 0.102 0.131 0.135 0.138 0.162 0.106 0.139 0.135 0.140 0.149 0.166 0.132 0.112 0.150 0.150 0.146 0.146 0.146 0.100 0.141 0.114 0.136 0.123 
0.137 0.152 0.105 0.117 0.113 0.116 0.127 0.155 0.140 0.143 0.141 0.111 0.140 0.136 0.158 0.120 0.139 0.133 0.166 0.161 0.150 0.137 0.108 0.098 0.125 0.136 0.104 0.000 0.100 0.113 0.098 0.086 0.139 0.157 0.138 0.129 0.134 0.123 0.116 0.126 0.137 0.142 0.107 0.115 0.115 0.123 0.127 0.163 0.137 0.126 0.129 0.124 0.126 0.117 0.115 0.126 0.111 0.090 0.121 0.127 
0.112 0.115 0.106 0.097 0.102 0.095 0.096 0.100 0.119 0.134 0.104 0.062 0.068 0.091 0.097 0.104 0.107 0.094 0.090 0.086 0.108 0.064 0.072 0.084 0.100 0.094 0.102 0.108 0.116 0.118 0.094 0.086 0.088 0.067 0.106 0.099 0.110 0.123 0.109 0.098 0.115 0.106 0.089 0.083 0.077 0.069 0.120 0.092 0.088 0.105 0.093 0.058 0.080 0.087 0.098 0.083 0.096 0.076 0.086 0.083 
0.084 0.082 0.084 0.057 0.096 0.064 0.070 0.081 0.096 0.103 0.088 0.082 0.081 0.082 0.097 0.084 0.122 0.087 0.084 0.077 0.073 0.078 0.093 0.081 0.083 0.066 0.073 0.070 0.616 0.327 0.351 0.369 0.342 0.362 0.354 0.365 0.383 0.632 0.551 0.547 0.517 0.537 0.547 0.643 0.662 0.690 0.638 0.628 0.642 0.585 0.753 0.675 0.081 0.076 0.073 0.077 0.042 0.077 0.072 0.073 
0.077 0.067 0.080 0.073 0.086 0.076 0.070 0.079 0.075 0.080 0.061 0.058 0.077 0.075 0.098 0.076 0.084 0.082 0.080 0.077 0.076 0.077 0.045 0.083 0.103 0.091 0.077 0.082 0.076 0.083 0.078 0.079 0.058 0.042 0.085 0.079 0.078 0.047 0.079 0.053 0.062 0.047 0.051 0.072 0.079 0.077 0.079 0.074 0.084 0.047 0.066 0.077 0.091 0.127 0.606 0.403 0.294 0.174 0.080 0.117 
0.061 0.171 0.213 0.200 0.213 0.202 0.213 0.140 0.125 0.158 0.146 0.118 0.102 0.109 0.090 0.079 0.089 0.102 0.110 0.175 0.192 0.197 0.201 0.174 0.155 0.134 0.147 0.118 0.156 0.100 0.069 0.098 0.104 0.075 0.077 0.043 0.074 0.034 0.064 0.063 0.056 0.056 0.079 0.037 0.070 0.063 0.040 0.075 0.066 0.032 0.063 0.065 0.062 0.035 0.071 0.067 0.077 0.066 0.038 0.031 
0.066 0.063 0.041 0.079 0.039 0.068 0.042 0.065 0.035 0.077 0.049 0.038 0.046 0.035 0.077 0.086 0.047 0.073 0.082 0.075 0.072 0.053 0.041 0.084 0.077 0.043 0.070 0.045 0.074 0.046 0.042 0.084 0.045 0.081 0.049 0.088 0.047 0.057 0.052 0.097 0.040 0.092 0.035 0.069 0.048 0.082 0.042 0.082 0.045 0.091 0.089 0.050 0.048 0.040 0.048 0.079 0.087 0.057 0.056 0.045 
0.058 0.076 0.086 0.082 0.086 0.083 0.046 0.077 0.060 0.069 0.059 0.048 0.099 0.061 0.073 0.075 0.083 0.051 0.084 0.039 0.050 0.073 0.087 0.045 0.086 0.091 0.081 0.077 0.101 0.063 0.068 0.086 0.096 0.092 0.061 0.080 0.116 0.090 0.085 0.099 0.085 0.093 0.092 0.083 0.100 0.097 0.095 0.094 0.118 0.107 0.103 0.075 0.094 0.093 0.099 0.079 0.101 0.111 0.087 0.108 
0.098 0.100 0.105 0.107 0.105 0.093 0.107 0.102 0.092 0.118 0.118 0.120 0.124 0.109 0.115 0.101 0.114 0.139 0.106 0.087 0.105 0.101 0.102 0.107 0.126 0.128 0.131 0.109 0.134 0.153 0.130 0.112 0.118 0.118 0.131 0.097 0.137 0.140 0.131 0.154 0.141 0.159 0.120 0.124 0.118 0.119 0.155 0.104 0.137 0.137 0.137 0.120 0.130 0.147 0.127 0.108 0.113 0.132 0.150 0.140 
0.149 0.101 0.144 0.153 0.131 0.141 0.126 0.137 0.129 0.151 0.140 0.181 0.147 0.143 0.106 0.137 0.107 0.157 0.147 0.145 0.163 0.140 0.170 0.148 0.147 0.163 0.121 0.136 0.156 0.159 0.130 0.137 0.138 0.154 0.161 0.123 0.123 0.123 0.158 0.174 0.134 0.128 0.121 0.140 0.152 0.144 0.147 0.154 0.127 0.123 0.126 0.140 0.100 0.157 0.133 0.134 0.151 0.102 0.128 0.145 
0.130 0.121 0.130 0.128 0.121 0.123 0.124 0.133 0.150 0.155 0.158 0.152 0.134 0.162 0.105 0.147 0.164 0.140 0.138 0.125 0.158 0.111 0.141 0.140 0.145 0.142 0.149 0.144 0.119 0.136 0.146 0.126 0.098 0.131 0.144 0.161 0.151 0.116 0.165 0.165 0.115 0.146 0.148 0.131 0.128 0.161 0.168 0.084 0.130 0.151 0.125 0.150 0.150 0.125 0.109 0.114 0.148 0.139 0.152 0.126 
