0.185 0.151 0.170 0.180 0.181 0.141 0.197 0.178 0.132 0.146 0.172 0.180 0.182 0.169 0.154 0.166 0.191 0.154 0.164 0.148 0.147 0.187 0.182 0.180 0.162 0.184 0.157 0.149 0.149 0.168 0.201 0.170 0.175 0.165 0.173 0.174 0.129 0.166 0.179 0.174 0.169 0.168 0.152 0.154 0.159 0.158 0.192 0.171 0.187 0.161 0.189 0.186 0.151 0.178 0.196 0.163 0.163 0.187 0.138 0.135 
0.170 0.167 0.152 0.158 0.172 0.150 0.157 0.184 0.156 0.169 0.167 0.152 0.125 0.155 0.199 0.170 0.184 0.176 0.136 0.169 0.187 0.177 0.133 0.167 0.165 0.161 0.154 0.157 0.163 0.138 0.190 0.157 0.194 0.184 0.176 0.162 0.155 0.208 0.133 0.186 0.205 0.160 0.132 0.180 0.188 0.160 0.183 0.132 0.192 0.164 0.129 0.169 0.196 0.131 0.185 0.176 0.149 0.167 0.172 0.192 
0.128 0.162 0.133 0.141 0.150 0.183 0.170 0.157 0.118 0.158 0.195 0.160 0.165 0.169 0.144 0.143 0.163 0.176 0.133 0.118 0.165 0.176 0.163 0.137 0.180 0.191 0.155 0.158 0.153 0.142 0.139 0.164 0.170 0.125 0.167 0.143 0.132 0.156 0.156 0.165 0.144 0.126 0.151 0.167 0.139 0.148 0.131 0.150 0.158 0.149 0.154 0.121 0.142 0.141 0.148 0.191 0.175 0.174 0.121 0.160 
0.174 0.138 0.137 0.137 0.137 0.128 0.153 0.164 0.114 0.137 0.129 0.141 0.182 0.162 0.150 0.142 0.153 0.278 0.172 0.138 0.158 0.136 0.174 0.152 0.168 0.171 0.127 0.140 0.128 0.130 0.160 0.164 0.132 0.128 0.139 0.148 0.141 0.152 0.128 0.141 0.150 0.144 0.162 0.147 0.148 0.089 0.117 0.136 0.150 0.135 0.111 0.150 0.158 0.127 0.171 0.153 0.145 0.142 0.158 0.117 
0.170 0.157 0.163 0.125 0.114 0.136 0.132 0.160 0.151 0.169 0.115 0.129 0.123 0.139 0.137 0.129 0.144 0.143 0.134 0.100 0.161 0.152 0.178 0.135 0.155 0.147 0.142 0.130 0.127 0.134 0.154 0.168 0.138 0.127 0.143 0.172 0.156 0.106 0.153 0.155 0.138 0.125 0.133 0.151 0.137 0.117 0.141 0.154 0.145 0.134 0.145 0.171 0.118 0.162 0.168 0.117 0.163 0.157 0.147 0.132 
0.154 0.199 0.141 0.121 0.131 0.129 0.144 0.130 0.129 0.134 0.151 0.131 0.157 0.147 0.133 0.111 0.115 0.141 0.158 0.131 0.167 0.119 0.149 0.149 0.147 0.167 0.120 0.138 0.174 0.151 0.137 0.167 0.144 0.133 0.148 0.104 0.112 0.149 0.133 0.162 0.155 0.124 0.142 0.175 0.147 0.144 0.139 0.136 0.144 0.147 0.152 0.166 0.128 0.115 0.157 0.131 0.141 0.148 0.143 0.115 
0.164 0.164 0.124 0.117 0.137 0.098 0.102 0.135 0.121 0.132 0.000 0.118 0.130 0.130 0.119 0.130 0.170 0.107 0.121 0.127 0.116 0.110 0.127 0.134 0.152 0.139 0.130 0.125 0.136 0.094 0.083 0.115 0.129 0.152 0.117 0.117 0.121 0.125 0.141 0.088 0.141 0.159 0.134 0.148 0.113 0.132 0.099 0.122 0.134 0.149 0.109 0.097 0.126 0.124 0.140 0.142 0.101 0.079 0.100 0.096 
0.103 0.092 0.101 0.101 0.100 0.113 0.095 0.106 0.082 0.081 0.064 0.103 0.136 0.113 0.073 0.099 0.101 0.104 0.100 0.095 0.104 0.093 0.068 0.108 0.097 0.121 0.122 0.119 0.061 0.052 0.053 0.072 0.073 0.060 0.071 0.068 0.065 0.064 0.071 0.074 0.068 0.068 0.047 0.069 0.079 0.073 0.062 0.069 0.062 0.066 0.072 0.061 0.043 0.057 0.067 0.038 0.067 0.067 0.061 0.072 
0.068 0.062 0.068 0.065 0.072 0.069 0.082 0.068 0.063 0.066 0.061 0.627 0.429 0.394 0.399 0.410 0.395 0.374 0.561 0.686 0.585 0.638 0.584 0.573 0.610 0.620 0.574 0.599 0.782 0.796 0.579 0.456 0.430 0.394 0.382 0.394 0.450 0.625 0.612 0.612 0.553 0.621 0.598 0.612 0.635 0.614 0.732 0.623 0.064 0.065 0.058 0.065 0.056 0.035 0.044 0.064 0.070 0.060 0.067 0.060 
0.066 0.067 0.059 0.063 0.058 0.065 0.034 0.058 0.064 0.060 0.064 0.074 0.060 0.068 0.057 0.058 0.035 0.058 0.065 0.060 0.065 0.070 0.059 0.072 0.036 0.063 0.065 0.062 0.069 0.064 0.071 0.083 0.065 0.036 0.080 0.593 0.438 0.227 0.066 0.025 0.039 0.035 0.030 0.077 0.057 0.033 0.061 0.031 0.063 0.059 0.029 0.032 0.064 0.035 0.061 0.072 0.058 0.073 0.035 0.029 
0.034 0.030 0.067 0.066 0.031 0.050 0.039 0.063 0.064 0.057 0.066 0.061 0.063 0.025 0.024 0.059 0.061 0.031 0.064 0.029 0.068 0.060 0.059 0.073 0.026 0.033 0.059 0.027 0.029 0.062 0.057 0.026 0.054 0.028 0.025 0.026 0.056 0.058 0.061 0.027 0.026 0.025 0.054 0.061 0.028 0.028 0.065 0.028 0.031 0.058 0.059 0.067 0.058 0.071 0.026 0.033 0.061 0.076 0.026 0.035 
0.060 0.032 0.057 0.066 0.058 0.032 0.057 0.031 0.030 0.065 0.031 0.077 0.035 0.076 0.029 0.035 0.037 0.064 0.040 0.059 0.080 0.038 0.070 0.064 0.049 0.033 0.075 0.037 0.044 0.070 0.069 0.066 0.042 0.042 0.037 0.080 0.081 0.050 0.052 0.057 0.032 0.036 0.066 0.038 0.066 0.046 0.066 0.047 0.029 0.037 0.030 0.040 0.043 0.054 0.074 0.075 0.036 0.043 0.071 0.087 
0.078 0.057 0.040 0.035 0.045 0.032 0.039 0.039 0.066 0.083 0.082 0.053 0.069 0.070 0.047 0.074 0.079 0.078 0.085 0.085 0.097 0.094 0.055 0.104 0.060 0.061 0.061 0.103 0.101 0.093 0.117 0.092 0.079 0.081 0.081 0.087 0.079 0.060 0.095 0.098 0.061 0.080 0.089 0.079 0.051 0.082 0.087 0.082 0.073 0.053 0.076 0.094 0.097 0.101 0.057 0.102 0.085 0.073 0.092 0.069 
0.050 0.083 0.077 0.089 0.049 0.084 0.092 0.092 0.117 0.099 0.082 0.102 0.095 0.099 0.106 0.068 0.105 0.089 0.075 0.072 0.097 0.110 0.075 0.105 0.081 0.098 0.088 0.056 0.079 0.103 0.103 0.066 0.095 0.092 0.091 0.074 0.084 0.078 0.090 0.090 0.096 0.104 0.060 0.094 0.091 0.102 0.100 0.069 0.105 0.097 0.099 0.094 0.070 0.104 0.096 0.090 0.064 0.065 0.091 0.090 
0.073 0.103 0.095 0.091 0.094 0.069 0.085 0.099 0.084 0.099 0.067 0.104 0.099 0.093 0.065 0.069 0.093 0.108 0.120 0.096 0.079 0.092 0.078 0.095 0.084 0.082 0.066 0.085 0.096 0.104 0.078 0.086 0.099 0.098 0.089 0.083 0.051 0.102 0.109 0.127 0.073 0.082 0.108 0.096 0.069 0.105 0.126 0.098 0.068 0.087 0.091 0.114 0.096 0.083 0.069 0.099 0.114 0.095 0.058 0.084 
0.089 0.109 0.096 0.075 0.109 0.101 0.074 0.099 0.114 0.099 0.080 0.059 0.081 0.085 0.091 0.108 0.060 0.098 0.091 0.079 0.071 0.050 0.087 0.100 0.098 0.090 0.066 0.091 0.123 0.060 0.055 0.094 0.105 0.099 0.099 0.083 0.105 0.095 0.089 0.104 0.109 0.089 0.080 0.085 0.059 0.093 0.114 0.108 0.069 0.076 0.097 0.080 0.075 0.072 0.097 0.094 0.087 0.076 0.088 0.090 
0.088 0.056 0.090 0.111 0.112 0.089 0.065 0.063 0.106 0.102 0.059 0.100 0.100 0.090 0.074 0.100 0.086 0.082 0.064 0.077 0.104 0.092 0.044 0.099 0.054 0.079 0.089 0.102 0.071 0.101 0.105 0.048 0.104 0.108 0.057 0.086 0.122 0.091 0.109 0.059 0.108 0.082 0.078 0.071 0.089 0.065 0.112 0.101 0.069 0.102 0.093 0.077 0.089 0.097 0.117 0.062 0.096 0.084 0.087 0.059 
0.064 0.114 0.082 0.099 0.054 0.088 0.093 0.093 0.104 0.067 0.090 0.114 0.104 0.094 0.047 0.096 0.071 0.059 0.101 0.090 0.090 0.053 0.094 0.121 0.101 0.071 0.094 0.082 0.077 0.099 0.080 0.061 0.089 0.098 0.095 0.066 0.063 0.087 0.100 0.109 0.075 0.060 0.094 0.093 0.085 0.064 0.114 0.106 0.072 0.082 0.094 0.102 0.074 0.086 0.093 0.115 0.117 0.147 0.062 0.082 
0.074 0.090 0.080 0.052 0.086 0.082 0.088 0.065 0.113 0.097 0.086 0.085 0.072 0.069 0.101 0.123 0.102 0.067 0.083 0.080 0.093 0.061 0.087 0.097 0.077 0.079 0.051 0.075 0.090 0.076 0.083 0.091 0.078 0.092 0.085 0.117 0.090 0.057 0.109 0.096 0.108 0.103 0.060 0.097 0.100 0.112 0.051 0.084 0.060 0.081 0.093 0.100 0.061 0.095 0.100 0.095 0.057 0.092 0.084 0.060 
0.096 0.107 0.084 0.093 0.051 0.081 0.066 0.075 0.102 0.061 0.080 0.097 0.096 0.100 0.087 0.069 0.088 0.085 0.082 0.051 0.097 0.083 0.098 0.064 0.078 0.069 0.099 0.096 0.054 0.083 0.131 0.094 0.065 0.093 0.093 0.091 0.062 0.083 0.115 0.123 0.091 0.071 0.086 0.055 0.090 0.088 0.083 0.054 0.083 0.089 0.079 0.101 0.055 0.104 0.094 0.077 0.084 0.064 0.097 0.091 
0.095 0.084 0.074 0.063 0.056 0.092 0.084 0.085 0.109 0.076 0.096 0.095 0.070 0.123 0.085 0.069 0.084 0.095 0.088 0.094 0.091 0.073 0.080 0.105 0.102 0.091 0.085 0.082 0.118 0.101 0.103 0.100 0.099 0.095 0.098 0.094 0.086 0.094 0.091 0.113 0.101 0.104 0.059 0.066 0.105 0.095 0.075 0.111 0.091 0.155 0.092 0.106 0.142 0.070 0.114 0.053 0.086 0.101 0.082 0.068 
0.095 0.092 0.062 0.086 0.088 0.094 0.064 0.107 0.091 0.102 0.114 0.112 0.082 0.095 0.091 0.082 0.079 0.058 0.102 0.057 0.088 0.092 0.062 0.106 0.096 0.051 0.093 0.069 0.093 0.078 0.102 0.062 0.061 0.091 0.090 0.104 0.056 0.156 0.218 0.239 0.212 0.198 0.177 0.191 0.146 0.138 0.129 0.114 0.098 0.114 0.178 0.212 0.212 0.222 0.190 0.172 0.165 0.145 0.101 0.118 
0.100 0.094 0.078 0.076 0.062 0.066 0.079 0.059 0.112 0.092 0.070 0.145 0.234 0.168 0.074 0.125 0.162 0.120 0.097 0.102 0.086 0.089 0.077 0.060 0.068 0.075 0.092 0.091 0.096 0.066 0.108 0.100 0.054 0.092 0.091 0.096 0.079 0.099 0.079 0.083 0.089 0.060 0.099 0.082 0.071 0.090 0.086 0.108 0.068 0.090 0.082 0.056 0.122 0.102 0.112 0.062 0.112 0.087 0.075 0.072 
0.046 0.092 0.086 0.088 0.070 0.068 0.065 0.095 0.070 0.087 0.095 0.081 0.082 0.096 0.101 0.061 0.095 0.092 0.108 0.084 0.102 0.114 0.090 0.114 0.087 0.107 0.051 0.106 0.071 0.085 0.106 0.059 0.096 0.079 0.098 0.056 0.109 0.098 0.074 0.108 0.095 0.094 0.060 0.113 0.090 0.094 0.089 0.063 0.101 0.102 0.087 0.083 0.084 0.071 0.090 0.051 0.092 0.093 0.103 0.062 
