0.331 0.298 0.383 0.329 0.337 0.330 0.266 0.340 0.487 0.356 0.315 0.376 0.387 0.393 0.343 0.421 0.318 0.372 0.369 0.298 0.448 0.370 0.501 0.357 0.253 0.428 0.334 0.403 0.453 0.308 0.444 0.435 0.476 0.472 0.404 0.420 0.328 0.394 0.371 0.369 0.320 0.333 0.400 0.429 0.391 0.350 0.409 0.432 0.419 0.324 0.506 0.319 0.438 0.392 0.400 0.400 0.384 0.326 0.458 0.312 
0.402 0.435 0.454 0.355 0.379 0.521 0.527 0.562 0.405 0.425 0.466 0.448 0.600 0.406 0.422 0.485 0.437 0.353 0.447 0.295 0.434 0.308 0.398 0.442 0.372 0.436 0.424 0.366 0.322 0.411 0.339 0.341 0.453 0.443 0.394 0.447 0.504 0.484 0.415 0.526 0.349 0.338 0.491 0.413 0.459 0.340 0.494 0.467 0.510 0.335 0.399 0.417 0.349 0.294 0.410 0.365 0.512 0.462 0.504 0.404 
0.524 0.432 0.338 0.361 0.463 0.411 0.395 0.328 0.482 0.423 0.360 0.532 0.398 0.467 0.367 0.446 0.471 0.581 0.350 0.427 0.453 0.443 0.462 0.441 0.335 0.493 0.363 0.398 0.372 0.362 0.471 0.426 0.370 0.459 0.388 0.398 0.367 0.462 0.493 0.506 0.548 0.513 0.537 0.302 0.370 0.482 0.369 0.637 0.481 0.464 0.623 0.509 0.587 0.443 0.528 0.361 0.485 0.416 0.520 0.426 
0.362 0.444 0.547 0.438 0.576 0.664 0.491 0.457 0.372 0.489 0.370 0.498 0.461 0.371 0.621 0.470 0.398 0.308 0.352 0.358 0.366 0.482 0.405 0.481 0.453 0.317 0.568 0.251 0.426 0.508 0.547 0.623 0.480 0.434 0.488 0.433 0.545 0.455 0.457 0.438 0.444 0.470 0.366 0.404 0.427 0.480 0.352 0.447 0.364 0.353 0.471 0.501 0.302 0.331 0.281 0.515 0.388 0.311 0.380 0.446 
0.498 0.456 0.498 0.553 0.360 0.414 0.456 0.511 0.554 0.338 0.536 0.503 0.513 0.501 0.412 0.526 0.382 0.481 0.434 0.284 0.346 0.319 0.487 0.397 0.561 0.395 0.457 0.519 0.322 0.547 0.500 0.400 0.370 0.332 0.345 0.425 0.484 0.446 0.367 0.397 0.337 0.522 0.520 0.350 0.411 0.397 0.372 0.420 0.330 0.543 0.364 0.674 0.357 0.432 0.457 0.451 0.485 0.357 0.521 0.516 
0.397 0.593 0.468 0.480 0.512 0.452 0.519 0.434 0.585 0.428 0.540 0.356 0.362 0.471 0.400 0.408 0.406 0.416 0.572 0.464 0.577 0.411 0.575 0.441 0.374 0.563 0.476 0.484 0.484 0.417 0.423 0.431 0.426 0.406 0.415 0.584 0.459 0.434 0.368 0.581 0.432 0.440 0.499 0.402 0.431 0.401 0.433 0.610 0.461 0.543 0.435 0.427 0.371 0.404 0.445 0.419 0.452 0.504 0.363 0.322 
0.348 0.656 0.459 0.462 0.424 0.267 0.605 0.374 0.325 0.410 0.419 0.478 0.373 0.420 0.497 0.377 0.490 0.294 0.537 0.457 0.297 0.491 0.347 0.410 0.475 0.405 0.580 0.273 0.543 0.649 0.422 0.437 0.397 0.433 0.445 0.376 0.479 0.362 0.455 0.567 0.516 0.479 0.446 0.484 0.450 0.313 0.355 0.409 0.646 0.478 0.368 0.566 0.433 0.421 0.443 0.411 0.567 0.546 0.411 0.347 
0.636 0.335 0.345 0.508 0.449 0.443 0.429 0.409 0.400 0.341 0.369 0.456 0.378 0.535 0.557 0.439 0.564 0.393 0.446 0.368 0.419 0.385 0.416 0.388 0.462 0.388 0.523 0.443 0.408 0.494 0.476 0.442 0.487 0.400 0.402 0.558 0.380 0.361 0.448 0.351 0.534 0.421 0.331 0.437 0.454 0.495 0.483 0.344 0.555 0.499 0.475 0.516 0.495 0.509 0.371 0.482 0.562 0.378 0.422 0.320 
0.388 0.376 0.457 0.494 0.357 0.561 0.484 0.387 0.572 0.422 0.477 0.393 0.574 0.436 0.437 0.405 0.455 0.464 0.485 0.511 0.448 0.392 0.431 0.429 0.417 0.348 0.493 0.448 0.472 0.417 0.390 0.488 0.321 0.495 0.310 0.374 0.453 0.383 0.469 0.548 0.368 0.508 0.475 0.400 0.387 0.410 0.533 0.411 0.311 0.359 0.377 0.380 0.459 0.421 0.383 0.464 0.304 0.399 0.330 0.677 
0.391 0.453 0.680 0.406 0.576 0.381 0.540 0.442 0.377 0.480 0.452 0.389 0.459 0.484 0.435 0.333 0.349 0.440 0.457 0.505 0.344 0.508 0.467 0.451 0.516 0.506 0.580 0.564 0.366 0.340 0.486 0.575 0.500 0.085 0.615 0.397 0.361 0.451 0.372 0.559 0.432 0.388 0.416 0.326 0.358 0.423 0.447 0.484 0.377 0.505 0.587 0.422 0.508 0.359 0.366 0.621 0.343 0.456 0.367 0.380 
0.409 0.419 0.438 0.405 0.541 0.428 0.488 0.381 0.364 0.465 0.473 0.492 0.437 0.482 0.439 0.489 0.369 0.602 0.442 0.620 0.460 0.517 0.443 0.377 0.590 0.437 0.568 0.404 0.559 0.578 0.407 0.472 0.492 0.575 0.439 0.499 0.666 0.308 0.542 0.506 0.342 0.519 0.387 0.749 0.350 0.507 0.420 0.381 0.552 0.475 0.471 0.480 0.309 0.364 0.564 0.531 0.485 0.421 0.544 0.556 
0.527 0.345 0.507 0.452 0.507 0.560 0.501 0.632 0.400 0.418 0.585 0.467 0.412 0.416 0.443 0.453 0.376 0.461 0.449 0.503 0.555 0.466 0.473 0.354 0.487 0.303 0.442 0.522 0.427 0.376 0.314 0.467 0.468 0.397 0.435 0.271 0.616 0.368 0.384 0.468 0.319 0.428 0.290 0.481 0.508 0.464 0.478 0.410 0.460 0.470 0.467 0.548 0.318 0.479 0.468 0.416 0.404 0.528 0.515 0.361 
0.486 0.364 0.433 0.652 0.477 0.443 0.428 0.397 0.309 0.596 0.506 0.314 0.567 0.415 0.484 0.489 0.455 0.588 0.310 0.454 0.436 0.479 0.559 0.522 0.410 0.393 0.490 0.374 0.459 0.514 0.392 0.504 0.392 0.458 0.534 0.524 0.433 0.501 0.454 0.495 0.498 0.441 0.347 0.584 0.505 0.461 0.440 0.589 0.610 0.429 0.504 0.502 0.456 0.596 0.494 0.422 0.422 0.356 0.613 0.514 
0.388 0.474 0.417 0.418 0.502 0.476 0.360 0.495 0.389 0.555 0.544 0.582 0.470 0.303 0.401 0.482 0.483 0.580 0.462 0.415 0.349 0.456 0.387 0.486 0.334 0.358 0.507 0.443 0.423 0.443 0.432 0.357 0.414 0.423 0.457 0.550 0.450 0.434 0.596 0.342 0.458 0.473 0.451 0.534 0.338 0.506 0.404 0.518 0.504 0.345 0.475 0.446 0.421 0.463 0.320 0.333 0.374 0.502 0.461 0.398 
0.493 0.465 0.568 0.507 0.413 0.463 0.317 0.406 0.449 0.503 0.455 0.419 0.413 0.464 0.456 0.490 0.398 0.475 0.385 0.426 0.472 0.358 0.469 0.386 0.558 0.396 0.503 0.345 0.292 0.440 0.478 0.512 0.463 0.420 0.442 0.463 0.581 0.834 0.520 0.457 0.282 0.452 0.438 0.411 0.581 0.372 0.548 0.552 0.521 0.516 0.337 0.558 0.453 0.457 0.483 0.418 0.458 0.437 0.610 0.528 
0.496 0.610 0.425 0.496 0.360 0.686 0.961 0.594 0.595 0.406 0.470 0.450 0.399 0.401 0.348 0.516 0.417 0.424 0.580 0.375 0.425 0.510 0.486 0.494 0.392 0.432 0.342 0.478 0.434 0.466 0.474 0.286 0.499 0.432 0.491 0.609 0.361 0.528 0.487 0.384 0.469 0.290 0.583 0.377 0.524 0.540 0.383 0.508 0.444 0.519 0.583 0.391 0.556 0.365 0.398 0.532 0.472 0.552 0.477 0.397 
0.491 0.442 0.508 0.401 0.473 0.376 0.498 0.410 0.341 0.544 0.454 0.393 0.427 0.436 0.375 0.405 0.493 0.444 0.398 0.645 0.433 0.625 0.358 0.698 0.390 0.458 0.386 0.381 0.433 0.333 0.433 0.454 0.445 0.520 0.401 0.433 0.359 0.584 0.454 0.478 0.503 0.450 0.531 0.488 0.450 0.412 0.388 0.575 0.427 0.465 0.438 0.390 0.474 0.389 0.356 0.372 0.354 0.355 0.474 0.531 
0.545 0.460 0.386 0.539 0.478 0.328 0.352 0.318 0.454 0.445 0.398 0.490 0.334 0.428 0.475 0.301 0.418 0.444 0.573 0.404 0.503 0.417 0.305 0.720 0.407 0.474 0.427 0.393 0.625 0.448 0.465 0.364 0.398 0.453 0.297 0.551 0.370 0.499 0.370 0.367 0.427 0.474 0.563 0.350 0.421 0.482 0.446 0.443 0.394 0.440 0.405 0.324 0.466 0.407 0.398 0.337 0.525 0.469 0.351 0.413 
0.267 0.394 0.473 0.433 0.463 0.527 0.499 0.535 0.348 0.384 0.340 0.476 0.480 0.406 0.368 0.421 0.452 0.442 0.511 0.365 0.485 0.454 0.439 0.376 0.320 0.439 0.362 0.477 0.465 0.350 0.307 0.332 0.406 0.356 0.368 0.496 0.278 0.527 0.438 0.491 0.434 0.335 0.598 0.384 0.324 0.421 0.254 0.572 0.508 0.358 0.404 0.323 0.304 0.365 0.264 0.436 0.343 0.507 0.433 0.396 
0.381 0.449 0.472 0.454 0.446 0.392 0.306 0.483 0.372 0.298 0.406 0.301 0.425 0.408 0.233 0.471 0.312 0.504 0.408 0.356 0.327 0.369 0.543 0.297 0.432 0.362 0.476 0.437 0.356 0.452 0.352 0.354 0.387 0.353 0.379 0.346 0.398 0.584 0.343 0.358 0.344 0.372 0.484 0.265 0.279 0.338 0.371 0.541 0.263 0.434 0.516 0.365 0.598 0.279 0.294 0.345 0.272 0.362 0.334 0.404 
0.411 0.518 0.426 0.381 0.504 0.334 0.294 0.566 0.405 0.488 0.320 0.302 0.411 0.348 0.385 0.341 0.456 0.533 0.307 0.371 0.295 0.518 0.350 0.357 0.311 0.345 0.362 0.396 0.310 0.392 0.301 0.380 0.421 0.278 0.306 0.368 0.397 0.333 0.331 0.326 0.284 0.512 0.349 0.258 0.485 0.305 0.362 0.265 0.490 0.312 0.402 0.376 0.227 0.399 0.364 0.525 0.466 0.324 0.386 0.272 
0.428 0.543 0.398 0.364 0.396 0.956 0.420 0.527 0.231 0.399 0.575 0.337 0.808 0.195 0.444 0.439 0.590 0.343 0.360 0.246 0.382 0.497 0.442 0.507 0.105 0.438 0.956 0.469 0.292 0.408 0.802 0.232 0.808 0.660 0.057 0.973 0.775 0.518 0.864 0.426 0.328 0.496 0.630 0.119 0.451 0.412 0.438 0.433 0.506 0.743 0.566 0.387 0.426 0.291 0.362 0.339 0.479 0.305 0.652 0.327 
0.408 0.498 0.557 0.513 0.442 0.298 0.502 0.472 0.379 0.418 0.325 0.546 0.536 0.396 0.431 0.403 0.349 0.405 0.405 0.412 0.352 0.406 0.492 0.442 0.452 0.352 0.378 0.490 0.546 0.394 0.300 0.442 0.440 0.501 0.523 0.435 0.464 0.401 0.405 0.420 0.465 0.345 0.405 0.530 0.310 0.478 0.454 0.461 0.306 0.352 0.374 0.494 0.433 0.456 0.414 0.378 0.358 0.506 0.327 0.479 
0.448 0.435 0.614 0.354 0.429 0.100 0.480 0.737 0.365 0.458 0.494 0.494 0.379 0.505 0.357 0.432 0.458 0.479 0.456 0.362 0.428 0.364 0.568 0.324 0.357 0.442 0.441 0.510 0.393 0.434 0.456 0.368 0.512 0.463 0.271 0.365 0.437 0.459 0.377 0.342 0.382 0.391 0.483 0.319 0.479 0.388 0.406 0.429 0.364 0.462 0.501 0.286 0.529 0.428 0.481 0.479 0.388 0.484 0.268 0.319 
