0.172 0.148 0.167 0.172 0.160 0.169 0.157 0.158 0.183 0.177 0.186 0.164 0.152 0.149 0.192 0.127 0.167 0.198 0.165 0.170 0.151 0.176 0.161 0.151 0.164 0.144 0.191 0.171 0.148 0.194 0.150 0.177 0.156 0.135 0.165 0.193 0.139 0.180 0.161 0.173 0.142 0.180 0.203 0.172 0.168 0.148 0.144 0.141 0.162 0.169 0.204 0.165 0.157 0.179 0.187 0.194 0.145 0.135 0.150 0.148 
0.202 0.135 0.129 0.120 0.146 0.169 0.150 0.142 0.179 0.179 0.147 0.153 0.135 0.178 0.164 0.142 0.153 0.203 0.121 0.184 0.145 0.166 0.163 0.163 0.159 0.147 0.173 0.166 0.120 0.148 0.158 0.182 0.157 0.153 0.141 0.154 0.152 0.179 0.209 0.152 0.152 0.141 0.157 0.165 0.156 0.146 0.191 0.177 0.177 0.159 0.140 0.150 0.163 0.259 0.226 0.166 0.145 0.188 0.157 0.169 
0.148 0.143 0.128 0.152 0.171 0.187 0.199 0.186 0.196 0.164 0.194 0.230 0.160 0.147 0.186 0.178 0.145 0.149 0.154 0.150 0.188 0.136 0.177 0.182 0.181 0.184 0.120 0.143 0.176 0.146 0.159 0.130 0.151 0.164 0.119 0.136 0.149 0.120 0.165 0.144 0.114 0.151 0.157 0.138 0.143 0.108 0.141 0.150 0.141 0.142 0.112 0.168 0.238 0.274 0.293 0.267 0.267 0.263 0.247 0.234 
0.233 0.219 0.181 0.167 0.174 0.171 0.165 0.166 0.152 0.214 0.253 0.230 0.256 0.268 0.275 0.373 0.225 0.231 0.206 0.200 0.169 0.136 0.204 0.222 0.201 0.167 0.145 0.145 0.151 0.118 0.137 0.135 0.102 0.152 0.141 0.145 0.112 0.149 0.109 0.110 0.118 0.141 0.136 0.128 0.098 0.127 0.139 0.141 0.132 0.177 0.149 0.161 0.136 0.132 0.142 0.159 0.157 0.146 0.146 0.117 
0.152 0.147 0.119 0.134 0.133 0.114 0.130 0.143 0.126 0.134 0.132 0.116 0.134 0.094 0.136 0.135 0.126 0.133 0.136 0.148 0.112 0.165 0.133 0.169 0.147 0.140 0.104 0.127 0.134 0.160 0.152 0.176 0.141 0.154 0.143 0.126 0.139 0.098 0.133 0.122 0.141 0.140 0.134 0.128 0.112 0.126 0.148 0.112 0.112 0.134 0.134 0.170 0.146 0.172 0.097 0.141 0.127 0.180 0.117 0.152 
0.132 0.125 0.116 0.123 0.151 0.132 0.103 0.132 0.142 0.131 0.132 0.133 0.125 0.116 0.118 0.112 0.102 0.157 0.130 0.135 0.127 0.151 0.145 0.157 0.144 0.098 0.130 0.126 0.204 0.137 0.108 0.133 0.092 0.110 0.148 0.097 0.122 0.131 0.150 0.120 0.118 0.121 0.130 0.113 0.116 0.138 0.140 0.140 0.116 0.128 0.096 0.144 0.101 0.163 0.142 0.142 0.164 0.146 0.149 0.128 
0.166 0.124 0.122 0.120 0.114 0.113 0.111 0.129 0.000 0.132 0.108 0.100 0.099 0.108 0.162 0.172 0.126 0.139 0.102 0.149 0.156 0.103 0.147 0.156 0.135 0.132 0.137 0.151 0.157 0.173 0.114 0.118 0.114 0.156 0.125 0.124 0.126 0.115 0.138 0.146 0.148 0.148 0.120 0.114 0.099 0.128 0.097 0.096 0.064 0.103 0.088 0.121 0.103 0.097 0.100 0.112 0.073 0.107 0.093 0.093 
0.101 0.122 0.103 0.121 0.091 0.099 0.102 0.099 0.080 0.112 0.103 0.097 0.088 0.092 0.096 0.094 0.108 0.069 0.110 0.086 0.106 0.086 0.084 0.077 0.090 0.079 0.105 0.078 0.087 0.125 0.101 0.091 0.086 0.096 0.088 0.099 0.071 0.097 0.097 0.100 0.093 0.082 0.085 0.090 0.112 0.091 0.096 0.084 0.087 0.047 0.088 0.094 0.096 0.067 0.078 0.083 0.101 0.084 0.160 0.128 
0.074 0.121 0.080 0.091 0.081 0.072 0.101 0.070 0.040 0.646 0.385 0.365 0.378 0.370 0.372 0.376 0.395 0.669 0.646 0.590 0.672 0.605 0.549 0.589 0.605 0.587 0.670 0.721 0.699 0.683 0.556 0.458 0.395 0.360 0.336 0.333 0.496 0.647 0.587 0.602 0.603 0.586 0.615 0.634 0.629 0.619 0.720 0.738 0.215 0.072 0.099 0.067 0.077 0.060 0.071 0.087 0.071 0.074 0.072 0.083 
0.038 0.062 0.064 0.065 0.071 0.076 0.065 0.072 0.063 0.043 0.075 0.063 0.071 0.071 0.047 0.072 0.044 0.084 0.101 0.102 0.040 0.033 0.043 0.033 0.072 0.076 0.071 0.090 0.070 0.089 0.082 0.084 0.060 0.068 0.129 0.597 0.456 0.298 0.067 0.068 0.072 0.103 0.086 0.036 0.083 0.042 0.069 0.035 0.033 0.041 0.032 0.037 0.069 0.067 0.075 0.051 0.046 0.047 0.066 0.071 
0.034 0.070 0.064 0.066 0.037 0.032 0.070 0.039 0.063 0.072 0.065 0.070 0.062 0.123 0.178 0.205 0.180 0.197 0.180 0.147 0.140 0.125 0.153 0.142 0.101 0.074 0.112 0.116 0.075 0.103 0.039 0.123 0.194 0.171 0.199 0.174 0.211 0.164 0.122 0.154 0.123 0.107 0.102 0.108 0.084 0.104 0.077 0.064 0.097 0.039 0.042 0.084 0.077 0.065 0.034 0.074 0.069 0.044 0.074 0.079 
0.034 0.067 0.031 0.067 0.036 0.079 0.044 0.047 0.073 0.060 0.048 0.073 0.045 0.043 0.056 0.082 0.086 0.077 0.049 0.050 0.057 0.052 0.043 0.040 0.043 0.076 0.074 0.086 0.080 0.063 0.084 0.049 0.046 0.085 0.074 0.056 0.052 0.082 0.045 0.050 0.067 0.084 0.053 0.058 0.048 0.049 0.078 0.082 0.052 0.088 0.065 0.069 0.052 0.050 0.056 0.080 0.108 0.049 0.077 0.042 
0.046 0.039 0.055 0.088 0.077 0.102 0.091 0.097 0.072 0.092 0.093 0.088 0.088 0.080 0.075 0.048 0.079 0.095 0.083 0.101 0.095 0.101 0.074 0.080 0.091 0.087 0.102 0.120 0.100 0.069 0.135 0.089 0.094 0.099 0.106 0.104 0.085 0.117 0.094 0.093 0.066 0.121 0.110 0.105 0.085 0.113 0.113 0.107 0.110 0.122 0.121 0.108 0.106 0.103 0.103 0.073 0.140 0.149 0.151 0.120 
0.097 0.116 0.093 0.111 0.096 0.103 0.134 0.104 0.116 0.118 0.114 0.106 0.101 0.108 0.123 0.102 0.120 0.119 0.133 0.129 0.154 0.126 0.120 0.142 0.121 0.133 0.110 0.104 0.163 0.126 0.168 0.145 0.139 0.142 0.120 0.130 0.121 0.128 0.091 0.104 0.107 0.125 0.125 0.135 0.138 0.161 0.124 0.119 0.126 0.121 0.126 0.140 0.151 0.129 0.125 0.114 0.119 0.150 0.138 0.131 
0.101 0.145 0.139 0.123 0.135 0.146 0.131 0.130 0.103 0.114 0.105 0.131 0.129 0.134 0.125 0.135 0.139 0.135 0.139 0.129 0.125 0.094 0.143 0.128 0.136 0.146 0.133 0.152 0.146 0.107 0.121 0.095 0.117 0.132 0.119 0.116 0.124 0.120 0.121 0.100 0.109 0.118 0.085 0.132 0.127 0.139 0.131 0.153 0.106 0.086 0.135 0.128 0.151 0.133 0.159 0.110 0.146 0.138 0.142 0.140 
0.137 0.145 0.123 0.143 0.134 0.120 0.103 0.155 0.120 0.107 0.130 0.124 0.110 0.150 0.184 0.110 0.127 0.139 0.117 0.138 0.141 0.136 0.143 0.132 0.148 0.131 0.155 0.123 0.105 0.180 0.119 0.123 0.118 0.151 0.116 0.162 0.102 0.153 0.147 0.135 0.180 0.141 0.117 0.130 0.127 0.126 0.121 0.137 0.144 0.122 0.138 0.142 0.146 0.137 0.116 0.152 0.140 0.166 0.136 0.161 
0.141 0.117 0.112 0.137 0.128 0.164 0.141 0.128 0.117 0.144 0.119 0.136 0.172 0.127 0.147 0.144 0.126 0.125 0.144 0.145 0.149 0.138 0.120 0.116 0.141 0.128 0.139 0.126 0.181 0.141 0.137 0.114 0.097 0.151 0.098 0.137 0.157 0.144 0.119 0.111 0.123 0.127 0.130 0.132 0.172 0.136 0.126 0.141 0.146 0.133 0.139 0.176 0.151 0.154 0.130 0.136 0.128 0.133 0.143 0.143 
0.141 0.143 0.177 0.148 0.123 0.099 0.169 0.109 0.141 0.134 0.130 0.109 0.136 0.137 0.127 0.129 0.140 0.141 0.132 0.097 0.135 0.151 0.130 0.155 0.096 0.112 0.136 0.107 0.108 0.134 0.106 0.118 0.111 0.110 0.121 0.117 0.126 0.104 0.116 0.097 0.120 0.140 0.109 0.111 0.123 0.124 0.156 0.112 0.120 0.107 0.097 0.123 0.118 0.118 0.117 0.135 0.124 0.122 0.131 0.126 
0.124 0.133 0.153 0.110 0.113 0.091 0.108 0.094 0.115 0.117 0.110 0.126 0.121 0.096 0.112 0.111 0.110 0.141 0.083 0.115 0.104 0.115 0.117 0.128 0.131 0.114 0.120 0.116 0.074 0.076 0.119 0.114 0.116 0.125 0.125 0.115 0.125 0.119 0.131 0.094 0.112 0.121 0.125 0.155 0.077 0.134 0.113 0.102 0.094 0.109 0.114 0.113 0.119 0.099 0.112 0.118 0.137 0.084 0.123 0.101 
0.131 0.114 0.113 0.101 0.097 0.097 0.091 0.103 0.098 0.071 0.091 0.088 0.092 0.102 0.102 0.094 0.105 0.097 0.098 0.136 0.131 0.091 0.119 0.113 0.101 0.101 0.126 0.106 0.111 0.080 0.079 0.109 0.113 0.111 0.111 0.115 0.123 0.126 0.099 0.113 0.112 0.075 0.096 0.149 0.110 0.114 0.118 0.111 0.105 0.102 0.084 0.080 0.109 0.117 0.111 0.107 0.112 0.119 0.087 0.119 
0.102 0.104 0.100 0.100 0.094 0.117 0.109 0.138 0.096 0.124 0.107 0.098 0.084 0.060 0.115 0.099 0.122 0.125 0.105 0.103 0.094 0.104 0.116 0.110 0.074 0.113 0.104 0.096 0.107 0.065 0.093 0.094 0.086 0.080 0.087 0.093 0.125 0.097 0.129 0.101 0.103 0.080 0.096 0.106 0.106 0.118 0.122 0.097 0.116 0.091 0.091 0.096 0.057 0.075 0.084 0.096 0.101 0.104 0.113 0.106 
0.089 0.096 0.117 0.108 0.124 0.101 0.097 0.094 0.090 0.095 0.122 0.089 0.072 0.119 0.070 0.120 0.121 0.064 0.116 0.090 0.089 0.117 0.098 0.096 0.115 0.108 0.111 0.105 0.061 0.132 0.097 0.111 0.096 0.102 0.088 0.067 0.112 0.093 0.092 0.110 0.087 0.101 0.095 0.095 0.084 0.063 0.085 0.075 0.079 0.071 0.083 0.096 0.102 0.094 0.084 0.090 0.077 0.094 0.062 0.100 
0.122 0.096 0.125 0.091 0.084 0.089 0.091 0.069 0.240 0.099 0.125 0.137 0.099 0.087 0.109 0.122 0.130 0.084 0.096 0.138 0.108 0.100 0.126 0.149 0.110 0.102 0.102 0.117 0.103 0.111 0.072 0.146 0.110 0.108 0.111 0.104 0.100 0.097 0.076 0.093 0.104 0.106 0.098 0.132 0.102 0.087 0.103 0.096 0.070 0.126 0.127 0.151 0.098 0.091 0.118 0.104 0.122 0.137 0.110 0.099 
0.102 0.115 0.104 0.159 0.149 0.081 0.104 0.088 0.144 0.130 0.146 0.140 0.120 0.101 0.095 0.092 0.071 0.112 0.121 0.114 0.175 0.104 0.080 0.155 0.163 0.110 0.117 0.094 0.088 0.092 0.091 0.108 0.106 0.091 0.097 0.103 0.183 0.137 0.127 0.146 0.130 0.111 0.105 0.084 0.104 0.129 0.109 0.133 0.112 0.143 0.104 0.092 0.097 0.109 0.110 0.104 0.059 0.102 0.102 0.127 
