0.267 0.255 0.276 0.213 0.236 0.218 0.200 0.211 0.213 0.257 0.183 0.211 0.210 0.228 0.222 0.202 0.213 0.185 0.215 0.162 0.228 0.183 0.186 0.267 0.212 0.203 0.254 0.232 0.240 0.228 0.222 0.200 0.305 0.221 0.243 0.252 0.233 0.255 0.228 0.225 0.184 0.215 0.305 0.269 0.316 0.278 0.280 0.259 0.271 0.292 0.252 0.286 0.287 0.284 0.273 0.309 0.304 0.265 0.268 0.300 
0.257 0.278 0.305 0.257 0.306 0.260 0.295 0.292 0.234 0.259 0.228 0.232 0.260 0.287 0.303 0.279 0.231 0.263 0.239 0.288 0.298 0.213 0.232 0.269 0.228 0.244 0.255 0.236 0.215 0.260 0.234 0.281 0.271 0.270 0.269 0.297 0.202 0.244 0.207 0.243 0.244 0.198 0.292 0.224 0.261 0.231 0.266 0.283 0.279 0.243 0.311 0.243 0.268 0.298 0.240 0.238 0.272 0.258 0.294 0.227 
0.243 0.271 0.271 0.265 0.278 0.268 0.271 0.182 0.235 0.268 0.277 0.234 0.255 0.236 0.266 0.274 0.238 0.226 0.256 0.226 0.259 0.240 0.246 0.243 0.244 0.276 0.263 0.284 0.261 0.279 0.252 0.221 0.298 0.243 0.293 0.265 0.260 0.307 0.285 0.255 0.271 0.250 0.266 0.256 0.275 0.286 0.272 0.256 0.309 0.230 0.205 0.202 0.279 0.242 0.290 0.257 0.300 0.277 0.279 0.269 
0.214 0.256 0.298 0.251 0.296 0.232 0.233 0.244 0.261 0.241 0.265 0.281 0.326 0.227 0.260 0.283 0.255 0.312 0.293 0.264 0.226 0.240 0.236 0.260 0.299 0.233 0.288 0.242 0.268 0.278 0.242 0.226 0.327 0.277 0.272 0.275 0.271 0.230 0.226 0.292 0.261 0.249 0.251 0.248 0.229 0.316 0.233 0.252 0.238 0.251 0.229 0.223 0.311 0.260 0.239 0.265 0.274 0.229 0.218 0.217 
0.243 0.277 0.233 0.228 0.290 0.238 0.229 0.220 0.232 0.309 0.223 0.251 0.229 0.230 0.267 0.276 0.231 0.279 0.242 0.281 0.271 0.291 0.246 0.259 0.244 0.193 0.321 0.251 0.283 0.248 0.247 0.266 0.285 0.249 0.223 0.263 0.249 0.271 0.252 0.202 0.230 0.270 0.254 0.247 0.266 0.248 0.218 0.263 0.229 0.294 0.283 0.218 0.252 0.188 0.212 0.251 0.261 0.269 0.257 0.229 
0.213 0.229 0.257 0.244 0.268 0.241 0.246 0.225 0.175 0.232 0.194 0.266 0.246 0.283 0.297 0.234 0.270 0.248 0.275 0.234 0.232 0.228 0.252 0.246 0.227 0.315 0.267 0.225 0.280 0.226 0.254 0.276 0.317 0.275 0.199 0.248 0.233 0.271 0.294 0.227 0.241 0.283 0.260 0.278 0.285 0.305 0.230 0.280 0.251 0.235 0.273 0.217 0.252 0.231 0.253 0.247 0.276 0.263 0.239 0.232 
0.236 0.237 0.277 0.214 0.223 0.208 0.317 0.247 0.267 0.264 0.199 0.241 0.264 0.237 0.256 0.267 0.235 0.266 0.236 0.239 0.250 0.216 0.186 0.285 0.180 0.275 0.269 0.259 0.226 0.185 0.250 0.262 0.311 0.256 0.213 0.235 0.247 0.241 0.236 0.214 0.229 0.227 0.192 0.226 0.280 0.232 0.223 0.263 0.198 0.231 0.263 0.236 0.231 0.205 0.266 0.231 0.257 0.242 0.214 0.213 
0.266 0.234 0.275 0.234 0.240 0.288 0.269 0.244 0.238 0.262 0.203 0.242 0.247 0.237 0.249 0.223 0.223 0.236 0.265 0.240 0.273 0.194 0.227 0.271 0.243 0.271 0.270 0.264 0.255 0.203 0.287 0.243 0.280 0.255 0.195 0.215 0.246 0.238 0.251 0.262 0.221 0.239 0.224 0.227 0.223 0.236 0.270 0.295 0.266 0.210 0.211 0.259 0.218 0.280 0.286 0.252 0.279 0.230 0.271 0.249 
0.244 0.250 0.235 0.256 0.194 0.185 0.287 0.245 0.196 0.220 0.256 0.289 0.214 0.244 0.258 0.213 0.223 0.292 0.243 0.256 0.228 0.178 0.231 0.245 0.252 0.243 0.237 0.268 0.220 0.271 0.224 0.282 0.270 0.233 0.205 0.196 0.270 0.214 0.270 0.227 0.277 0.276 0.251 0.214 0.260 0.264 0.255 0.341 0.214 0.229 0.255 0.257 0.260 0.236 0.263 0.296 0.255 0.294 0.260 0.293 
0.242 0.279 0.279 0.261 0.271 0.245 0.269 0.249 0.264 0.280 0.222 0.297 0.233 0.275 0.260 0.285 0.218 0.281 0.307 0.199 0.208 0.248 0.268 0.279 0.239 0.307 0.241 0.286 0.270 0.311 0.281 0.229 0.324 0.308 0.282 0.238 0.258 0.254 0.267 0.243 0.250 0.281 0.285 0.274 0.312 0.263 0.259 0.301 0.278 0.260 0.287 0.276 0.235 0.281 0.267 0.275 0.310 0.300 0.273 0.243 
0.277 0.314 0.292 0.342 0.312 0.260 0.245 0.236 0.272 0.227 0.209 0.284 0.265 0.245 0.274 0.286 0.258 0.290 0.270 0.289 0.248 0.208 0.226 0.265 0.312 0.313 0.271 0.259 0.234 0.245 0.234 0.248 0.269 0.314 0.268 0.279 0.247 0.252 0.277 0.263 0.222 0.257 0.235 0.231 0.211 0.229 0.285 0.303 0.345 0.221 0.282 0.238 0.242 0.245 0.231 0.258 0.245 0.291 0.258 0.236 
0.254 0.219 0.275 0.252 0.263 0.185 0.262 0.237 0.300 0.267 0.223 0.250 0.203 0.286 0.292 0.278 0.284 0.249 0.260 0.254 0.264 0.234 0.252 0.296 0.310 0.320 0.340 0.258 0.271 0.356 0.261 0.226 0.350 0.267 0.262 0.244 0.265 0.264 0.253 0.283 0.238 0.221 0.317 0.263 0.496 0.229 0.211 0.283 0.315 0.302 0.231 0.220 0.227 0.287 0.275 0.219 0.279 0.276 0.236 0.256 
0.254 0.251 0.315 0.238 0.262 0.265 0.263 0.207 0.262 0.230 0.235 0.232 0.241 0.234 0.233 0.278 0.221 0.284 0.289 0.242 0.275 0.248 0.265 0.184 0.220 0.234 0.221 0.292 0.222 0.216 0.208 0.246 0.281 0.248 0.227 0.252 0.226 0.264 0.228 0.201 0.212 0.264 0.280 0.282 0.343 0.246 0.245 0.205 0.285 0.285 0.259 0.208 0.243 0.290 0.279 0.272 0.246 0.251 0.245 0.240 
0.232 0.261 0.449 0.321 0.322 0.303 0.285 0.278 0.264 0.298 0.340 0.314 0.317 0.265 0.284 0.323 0.280 0.344 0.313 0.263 0.290 0.259 0.278 0.263 0.276 0.326 0.259 0.296 0.269 0.244 0.228 0.223 0.274 0.312 0.259 0.266 0.268 0.278 0.287 0.230 0.259 0.264 0.281 0.323 0.384 0.372 0.318 0.353 0.364 0.298 0.325 0.286 0.328 0.260 0.296 0.278 0.270 0.359 0.357 0.369 
0.355 0.339 0.361 0.358 0.363 0.305 0.270 0.268 0.254 0.261 0.261 0.269 0.253 0.232 0.272 0.229 0.285 0.261 0.296 0.220 0.292 0.258 0.233 0.274 0.259 0.300 0.233 0.207 0.258 0.178 0.244 0.477 0.529 0.253 0.204 0.203 0.213 0.214 0.206 0.221 0.204 0.205 0.231 0.211 0.237 0.255 0.238 0.290 0.342 0.235 0.241 0.186 0.219 0.244 0.221 0.203 0.220 0.253 0.238 0.261 
0.299 0.245 0.250 0.224 0.279 0.234 0.224 0.185 0.243 0.227 0.234 0.247 0.204 0.221 0.201 0.213 0.271 0.230 0.233 0.196 0.204 0.227 0.245 0.214 0.223 0.217 0.244 0.249 0.258 0.224 0.221 0.219 0.289 0.218 0.250 0.244 0.233 0.231 0.196 0.182 0.224 0.215 0.232 0.198 0.191 0.191 0.230 0.192 0.190 0.193 0.216 0.193 0.198 0.199 0.197 0.223 0.223 0.247 0.189 0.183 
0.209 0.199 0.225 0.262 0.223 0.206 0.194 0.176 0.187 0.193 0.190 0.186 0.186 0.190 0.213 0.259 0.219 0.164 0.199 0.184 0.225 0.180 0.197 0.214 0.213 0.217 0.237 0.278 0.220 0.211 0.237 0.218 0.259 0.209 0.209 0.233 0.236 0.209 0.251 0.238 0.208 0.238 0.238 0.213 0.268 0.170 0.194 0.188 0.181 0.211 0.194 0.247 0.254 0.213 0.248 0.201 0.231 0.224 0.246 0.236 
0.237 0.223 0.187 0.236 0.214 0.214 0.242 0.166 0.216 0.176 0.228 0.204 0.193 0.266 0.272 0.229 0.163 0.197 0.201 0.202 0.185 0.179 0.214 0.220 0.234 0.216 0.160 0.240 0.209 0.251 0.227 0.197 0.244 0.201 0.226 0.228 0.249 0.211 0.242 0.192 0.132 0.213 0.000 0.296 0.181 0.177 0.153 0.185 0.244 0.223 0.173 0.142 0.162 0.195 0.197 0.191 0.199 0.234 0.168 0.177 
0.171 0.192 0.183 0.161 0.153 0.149 0.163 0.172 0.204 0.187 0.207 0.164 0.186 0.196 0.169 0.190 0.166 0.207 0.174 0.173 0.179 0.141 0.168 0.149 0.150 0.189 0.149 0.182 0.170 0.158 0.166 0.152 0.159 0.148 0.166 0.148 0.115 0.140 0.152 0.150 0.142 0.146 0.195 0.154 0.141 0.130 0.120 0.145 0.190 0.199 0.168 0.130 0.182 0.167 0.261 0.169 0.175 0.161 0.113 0.158 
0.150 0.143 0.150 0.153 0.143 0.165 0.170 0.131 0.176 0.147 0.134 0.196 0.152 0.150 0.152 0.168 0.147 0.135 0.132 0.152 0.199 0.176 0.139 0.133 0.131 0.133 0.149 0.137 0.114 0.168 0.117 0.136 0.167 0.171 0.145 0.138 0.158 0.128 0.116 0.145 0.112 0.135 0.124 0.617 0.434 0.427 0.420 0.414 0.443 0.413 0.379 0.442 0.658 0.607 0.609 0.633 0.627 0.608 0.629 0.612 
0.572 0.598 0.632 0.651 0.611 0.493 0.344 0.366 0.345 0.315 0.365 0.413 0.408 0.536 0.640 0.642 0.579 0.603 0.612 0.588 0.604 0.552 0.615 0.568 0.595 0.662 0.618 0.229 0.147 0.307 0.410 0.349 0.427 0.451 0.461 0.513 0.465 0.587 0.546 0.553 0.536 0.306 0.141 0.152 0.139 0.594 0.619 0.757 0.398 0.354 0.617 0.700 0.539 0.597 0.891 0.810 0.903 0.928 0.824 0.977 
0.971 0.969 0.940 0.903 0.928 0.899 0.806 0.814 0.769 0.747 0.747 0.742 0.530 0.485 0.138 0.219 0.453 0.608 0.637 0.781 0.775 0.615 0.416 0.686 0.824 0.710 0.502 0.721 0.247 0.764 0.674 0.703 0.697 0.685 0.562 0.300 0.782 0.562 0.150 0.268 0.138 0.220 0.130 0.146 0.113 0.117 0.351 0.644 0.484 0.124 0.377 0.647 0.598 0.512 0.614 0.645 0.480 0.588 0.574 0.595 
0.136 0.126 0.419 0.574 0.637 0.642 0.641 0.639 0.640 0.650 0.647 0.638 0.634 0.638 0.647 0.642 0.652 0.624 0.641 0.643 0.646 0.643 0.634 0.646 0.657 0.565 0.645 0.620 0.652 0.201 0.182 0.602 0.637 0.634 0.642 0.660 0.644 0.655 0.638 0.649 0.642 0.647 0.648 0.647 0.631 0.652 0.652 0.664 0.670 0.686 0.681 0.692 0.676 0.667 0.649 0.662 0.665 0.690 0.662 0.658 
0.684 0.683 0.668 0.663 0.689 0.669 0.683 0.654 0.664 0.668 0.673 0.666 0.662 0.656 0.663 0.665 0.688 0.668 0.671 0.675 0.666 0.673 0.673 0.686 0.684 0.711 0.677 0.693 0.688 0.685 0.729 0.723 0.702 0.713 0.688 0.671 0.675 0.726 0.689 0.615 0.217 0.199 0.158 0.216 0.195 0.205 0.212 0.217 0.217 0.248 0.188 0.227 0.218 0.262 0.254 0.262 0.202 0.199 0.221 0.210 
