0.147 0.174 0.172 0.162 0.185 0.118 0.152 0.169 0.164 0.157 0.162 0.149 0.158 0.238 0.182 0.189 0.187 0.228 0.213 0.140 0.214 0.177 0.191 0.174 0.161 0.194 0.152 0.189 0.178 0.214 0.194 0.202 0.196 0.200 0.218 0.191 0.151 0.212 0.159 0.187 0.149 0.203 0.194 0.179 0.212 0.195 0.197 0.210 0.186 0.191 0.203 0.214 0.170 0.181 0.162 0.146 0.166 0.159 0.142 0.191 
0.181 0.221 0.142 0.181 0.159 0.159 0.167 0.145 0.162 0.155 0.198 0.182 0.166 0.160 0.171 0.168 0.173 0.171 0.168 0.164 0.198 0.154 0.162 0.173 0.170 0.162 0.186 0.149 0.109 0.160 0.182 0.154 0.217 0.168 0.165 0.203 0.172 0.206 0.192 0.193 0.196 0.170 0.190 0.143 0.146 0.152 0.148 0.181 0.157 0.152 0.150 0.181 0.229 0.191 0.190 0.151 0.186 0.185 0.194 0.160 
0.137 0.155 0.139 0.185 0.212 0.189 0.171 0.219 0.237 0.184 0.187 0.181 0.174 0.152 0.130 0.166 0.152 0.154 0.219 0.219 0.166 0.182 0.182 0.213 0.153 0.168 0.146 0.161 0.204 0.144 0.136 0.179 0.154 0.212 0.175 0.205 0.176 0.201 0.236 0.160 0.125 0.131 0.137 0.135 0.124 0.209 0.177 0.194 0.124 0.217 0.287 0.225 0.181 0.157 0.204 0.148 0.213 0.163 0.120 0.148 
0.114 0.186 0.183 0.157 0.153 0.172 0.136 0.145 0.191 0.173 0.146 0.143 0.114 0.160 0.140 0.138 0.180 0.185 0.242 0.118 0.140 0.156 0.144 0.160 0.143 0.175 0.183 0.127 0.141 0.125 0.152 0.141 0.113 0.152 0.103 0.159 0.171 0.155 0.151 0.124 0.153 0.150 0.165 0.180 0.149 0.201 0.163 0.127 0.202 0.125 0.162 0.240 0.172 0.139 0.137 0.174 0.117 0.191 0.193 0.178 
0.145 0.135 0.196 0.161 0.202 0.174 0.149 0.129 0.131 0.158 0.197 0.141 0.170 0.149 0.222 0.169 0.148 0.166 0.293 0.177 0.183 0.139 0.139 0.121 0.137 0.148 0.153 0.210 0.131 0.142 0.204 0.188 0.157 0.197 0.202 0.167 0.213 0.177 0.192 0.156 0.140 0.249 0.151 0.171 0.174 0.142 0.138 0.141 0.155 0.177 0.133 0.183 0.147 0.181 0.176 0.138 0.187 0.200 0.198 0.175 
0.133 0.172 0.189 0.272 0.168 0.160 0.160 0.129 0.144 0.153 0.190 0.157 0.185 0.172 0.180 0.172 0.148 0.191 0.186 0.173 0.160 0.125 0.139 0.217 0.128 0.169 0.177 0.134 0.161 0.217 0.268 0.194 0.199 0.250 0.158 0.228 0.183 0.204 0.209 0.246 0.148 0.160 0.147 0.209 0.227 0.171 0.184 0.201 0.180 0.199 0.161 0.201 0.167 0.157 0.150 0.145 0.161 0.182 0.180 0.180 
0.140 0.201 0.175 0.154 0.180 0.228 0.182 0.173 0.161 0.165 0.144 0.167 0.160 0.199 0.157 0.139 0.161 0.150 0.170 0.217 0.171 0.188 0.211 0.199 0.116 0.150 0.187 0.136 0.228 0.166 0.158 0.175 0.200 0.165 0.178 0.189 0.196 0.159 0.209 0.144 0.170 0.307 0.193 0.199 0.121 0.161 0.204 0.191 0.170 0.171 0.175 0.169 0.159 0.215 0.169 0.161 0.161 0.162 0.203 0.210 
0.174 0.161 0.178 0.156 0.159 0.138 0.208 0.174 0.159 0.197 0.141 0.162 0.188 0.167 0.185 0.243 0.210 0.200 0.178 0.156 0.169 0.180 0.174 0.167 0.201 0.186 0.156 0.166 0.181 0.210 0.192 0.178 0.174 0.157 0.194 0.281 0.207 0.286 0.227 0.189 0.229 0.182 0.305 0.211 0.229 0.163 0.204 0.170 0.192 0.235 0.129 0.232 0.156 0.188 0.183 0.194 0.205 0.113 0.174 0.169 
0.167 0.193 0.161 0.175 0.130 0.188 0.207 0.296 0.182 0.144 0.157 0.134 0.167 0.163 0.162 0.157 0.158 0.221 0.172 0.181 0.177 0.165 0.184 0.222 0.152 0.205 0.125 0.148 0.139 0.177 0.167 0.167 0.168 0.172 0.144 0.138 0.140 0.159 0.172 0.177 0.144 0.179 0.118 0.137 0.144 0.147 0.167 0.206 0.207 0.166 0.200 0.190 0.159 0.156 0.175 0.215 0.148 0.180 0.157 0.142 
0.141 0.161 0.159 0.185 0.153 0.143 0.163 0.147 0.101 0.158 0.154 0.153 0.172 0.143 0.168 0.147 0.157 0.148 0.140 0.177 0.171 0.190 0.150 0.143 0.194 0.156 0.168 0.189 0.188 0.146 0.190 0.165 0.146 0.166 0.136 0.128 0.150 0.136 0.137 0.136 0.163 0.177 0.137 0.143 0.141 0.139 0.152 0.124 0.155 0.121 0.195 0.144 0.153 0.124 0.141 0.148 0.184 0.161 0.148 0.154 
0.147 0.163 0.181 0.187 0.159 0.109 0.129 0.170 0.139 0.151 0.172 0.146 0.156 0.140 0.154 0.157 0.140 0.172 0.136 0.151 0.141 0.169 0.177 0.130 0.179 0.172 0.168 0.134 0.172 0.134 0.140 0.099 0.120 0.136 0.156 0.118 0.142 0.171 0.146 0.134 0.136 0.148 0.115 0.141 0.152 0.143 0.164 0.153 0.155 0.144 0.143 0.149 0.110 0.159 0.145 0.136 0.214 0.162 0.147 0.174 
0.142 0.000 0.231 0.177 0.150 0.150 0.156 0.237 0.119 0.142 0.143 0.148 0.153 0.131 0.165 0.153 0.118 0.154 0.155 0.146 0.154 0.120 0.161 0.148 0.183 0.141 0.194 0.252 0.141 0.128 0.129 0.175 0.150 0.135 0.194 0.175 0.199 0.137 0.139 0.133 0.131 0.142 0.160 0.137 0.144 0.139 0.188 0.128 0.158 0.091 0.130 0.137 0.146 0.159 0.131 0.132 0.103 0.115 0.117 0.116 
0.125 0.124 0.116 0.140 0.133 0.138 0.148 0.157 0.213 0.135 0.208 0.156 0.179 0.132 0.163 0.131 0.129 0.129 0.114 0.123 0.131 0.117 0.107 0.110 0.124 0.114 0.111 0.145 0.099 0.146 0.132 0.119 0.116 0.090 0.123 0.160 0.132 0.156 0.106 0.150 0.136 0.105 0.122 0.114 0.128 0.153 0.142 0.150 0.116 0.111 0.129 0.116 0.135 0.139 0.108 0.103 0.099 0.125 0.113 0.111 
0.114 0.115 0.526 0.378 0.366 0.369 0.376 0.398 0.386 0.382 0.428 0.541 0.600 0.583 0.615 0.583 0.591 0.569 0.600 0.579 0.586 0.602 0.640 0.629 0.605 0.640 0.649 0.660 0.433 0.271 0.325 0.345 0.361 0.374 0.412 0.455 0.582 0.663 0.596 0.611 0.627 0.590 0.597 0.588 0.613 0.589 0.609 0.594 0.577 0.604 0.595 0.651 0.623 0.177 0.150 0.381 0.418 0.477 0.515 0.513 
0.560 0.573 0.555 0.543 0.750 0.920 0.767 0.739 0.508 0.633 0.656 0.473 0.632 0.896 0.915 0.921 0.925 0.815 0.969 0.981 0.974 0.930 0.905 0.926 0.889 0.862 0.882 0.734 0.734 0.750 0.640 0.196 0.594 0.117 0.135 0.410 0.477 0.631 0.710 0.757 0.527 0.532 0.545 0.840 0.550 0.465 0.461 0.805 0.163 0.649 0.666 0.670 0.679 0.669 0.432 0.481 0.818 0.245 0.117 0.321 
0.641 0.560 0.509 0.603 0.639 0.475 0.562 0.606 0.376 0.109 0.158 0.568 0.634 0.636 0.647 0.645 0.639 0.639 0.646 0.644 0.649 0.651 0.633 0.640 0.643 0.643 0.637 0.636 0.654 0.648 0.640 0.644 0.644 0.634 0.635 0.636 0.440 0.111 0.196 0.606 0.647 0.637 0.649 0.648 0.646 0.645 0.643 0.654 0.671 0.651 0.666 0.654 0.637 0.655 0.657 0.646 0.645 0.646 0.665 0.641 
0.647 0.654 0.665 0.627 0.646 0.652 0.655 0.643 0.660 0.649 0.653 0.646 0.641 0.657 0.658 0.655 0.672 0.653 0.647 0.657 0.656 0.664 0.648 0.664 0.657 0.664 0.658 0.667 0.651 0.661 0.682 0.656 0.669 0.665 0.651 0.652 0.645 0.645 0.651 0.654 0.667 0.658 0.674 0.661 0.667 0.696 0.650 0.518 0.124 0.092 0.115 0.098 0.097 0.123 0.113 0.144 0.104 0.127 0.108 0.126 
0.138 0.110 0.142 0.166 0.149 0.125 0.112 0.130 0.124 0.125 0.111 0.121 0.133 0.124 0.119 0.134 0.116 0.129 0.103 0.135 0.138 0.095 0.126 0.105 0.175 0.130 0.138 0.144 0.130 0.132 0.122 0.158 0.133 0.113 0.145 0.181 0.161 0.187 0.153 0.139 0.117 0.147 0.146 0.118 0.124 0.131 0.142 0.162 0.150 0.129 0.137 0.159 0.149 0.157 0.124 0.112 0.121 0.124 0.103 0.171 
0.168 0.158 0.172 0.145 0.171 0.162 0.177 0.153 0.171 0.145 0.134 0.170 0.135 0.143 0.186 0.130 0.144 0.156 0.144 0.141 0.095 0.148 0.159 0.147 0.156 0.137 0.154 0.138 0.169 0.188 0.178 0.141 0.144 0.158 0.148 0.161 0.161 0.141 0.166 0.150 0.186 0.201 0.142 0.221 0.162 0.183 0.174 0.151 0.179 0.159 0.184 0.190 0.172 0.189 0.167 0.216 0.201 0.186 0.208 0.137 
0.179 0.136 0.178 0.142 0.121 0.165 0.155 0.203 0.190 0.167 0.201 0.159 0.198 0.190 0.211 0.234 0.180 0.200 0.180 0.195 0.208 0.208 0.216 0.167 0.152 0.140 0.160 0.198 0.185 0.171 0.172 0.199 0.174 0.159 0.180 0.173 0.200 0.212 0.179 0.179 0.171 0.213 0.189 0.193 0.191 0.164 0.204 0.190 0.239 0.178 0.179 0.190 0.192 0.212 0.207 0.218 0.204 0.180 0.184 0.186 
0.166 0.146 0.203 0.170 0.179 0.119 0.198 0.161 0.211 0.204 0.162 0.229 0.194 0.200 0.199 0.222 0.189 0.190 0.165 0.184 0.217 0.196 0.184 0.196 0.144 0.219 0.205 0.186 0.185 0.156 0.167 0.189 0.172 0.221 0.195 0.218 0.161 0.207 0.167 0.178 0.152 0.165 0.213 0.197 0.170 0.213 0.187 0.236 0.186 0.228 0.233 0.199 0.202 0.161 0.189 0.185 0.174 0.238 0.216 0.157 
0.148 0.165 0.175 0.182 0.172 0.178 0.232 0.205 0.221 0.185 0.195 0.206 0.246 0.218 0.214 0.173 0.184 0.209 0.223 0.213 0.181 0.180 0.186 0.232 0.257 0.195 0.205 0.213 0.199 0.139 0.164 0.211 0.158 0.193 0.174 0.206 0.164 0.207 0.187 0.194 0.183 0.217 0.277 0.265 0.271 0.170 0.221 0.216 0.213 0.161 0.188 0.209 0.230 0.147 0.160 0.173 0.176 0.206 0.201 0.131 
0.162 0.154 0.145 0.169 0.186 0.191 0.177 0.182 0.214 0.161 0.191 0.198 0.192 0.189 0.222 0.203 0.178 0.187 0.155 0.241 0.210 0.157 0.190 0.151 0.167 0.168 0.227 0.189 0.189 0.191 0.196 0.204 0.186 0.160 0.185 0.194 0.173 0.181 0.239 0.170 0.145 0.203 0.204 0.212 0.231 0.225 0.214 0.169 0.195 0.166 0.202 0.180 0.214 0.209 0.182 0.162 0.193 0.175 0.207 0.228 
0.172 0.163 0.189 0.185 0.169 0.195 0.195 0.181 0.193 0.201 0.203 0.182 0.214 0.178 0.212 0.199 0.186 0.176 0.214 0.201 0.191 0.229 0.212 0.173 0.193 0.154 0.197 0.203 0.182 0.175 0.218 0.157 0.169 0.173 0.207 0.209 0.199 0.190 0.197 0.172 0.145 0.197 0.173 0.180 0.227 0.211 0.206 0.202 0.185 0.184 0.181 0.201 0.190 0.165 0.211 0.197 0.213 0.201 0.185 0.151 
