0.142 0.088 0.088 0.102 0.082 0.072 0.085 0.104 0.064 0.076 0.075 0.085 0.086 0.095 0.070 0.096 0.080 0.079 0.088 0.086 0.086 0.065 0.088 0.088 0.090 0.058 0.086 0.078 0.058 0.087 0.093 0.067 0.071 0.095 0.082 0.054 0.094 0.085 0.081 0.078 0.087 0.091 0.078 0.054 0.080 0.065 0.078 0.084 0.095 0.085 0.092 0.091 0.092 0.057 0.101 0.084 0.044 0.085 0.054 0.087 
0.119 0.077 0.104 0.141 0.118 0.096 0.093 0.086 0.119 0.110 0.119 0.088 0.123 0.085 0.081 0.113 0.121 0.108 0.063 0.083 0.045 0.054 0.095 0.070 0.084 0.079 0.083 0.078 0.080 0.088 0.088 0.058 0.088 0.082 0.080 0.061 0.087 0.081 0.095 0.060 0.082 0.059 0.092 0.093 0.078 0.102 0.048 0.072 0.102 0.100 0.100 0.102 0.064 0.068 0.112 0.052 0.060 0.133 0.096 0.055 
0.083 0.090 0.096 0.091 0.087 0.082 0.055 0.048 0.067 0.062 0.078 0.069 0.088 0.089 0.079 0.067 0.067 0.075 0.060 0.047 0.081 0.085 0.113 0.102 0.096 0.088 0.073 0.092 0.053 0.089 0.050 0.078 0.119 0.074 0.088 0.084 0.095 0.087 0.083 0.067 0.073 0.088 0.087 0.084 0.062 0.089 0.051 0.075 0.089 0.055 0.102 0.082 0.093 0.075 0.117 0.097 0.092 0.088 0.091 0.051 
0.086 0.076 0.095 0.071 0.054 0.095 0.089 0.086 0.072 0.084 0.082 0.058 0.068 0.082 0.098 0.060 0.089 0.103 0.101 0.088 0.082 0.064 0.059 0.116 0.097 0.078 0.084 0.047 0.084 0.086 0.102 0.095 0.099 0.072 0.090 0.089 0.076 0.081 0.094 0.071 0.084 0.084 0.086 0.054 0.082 0.086 0.105 0.074 0.095 0.086 0.083 0.081 0.092 0.071 0.082 0.087 0.082 0.089 0.092 0.063 
0.056 0.079 0.125 0.063 0.082 0.095 0.081 0.097 0.062 0.084 0.084 0.065 0.077 0.087 0.086 0.082 0.083 0.085 0.058 0.086 0.078 0.085 0.081 0.052 0.095 0.083 0.092 0.051 0.087 0.094 0.082 0.092 0.071 0.115 0.084 0.078 0.063 0.071 0.098 0.094 0.068 0.085 0.074 0.092 0.087 0.107 0.068 0.115 0.101 0.048 0.085 0.085 0.098 0.073 0.063 0.098 0.082 0.081 0.096 0.048 
0.096 0.087 0.074 0.086 0.098 0.105 0.054 0.088 0.088 0.100 0.117 0.059 0.056 0.078 0.103 0.092 0.057 0.094 0.083 0.100 0.090 0.073 0.093 0.097 0.096 0.062 0.097 0.086 0.073 0.069 0.064 0.081 0.099 0.095 0.096 0.068 0.088 0.090 0.086 0.057 0.108 0.073 0.083 0.088 0.097 0.062 0.096 0.059 0.066 0.091 0.086 0.087 0.107 0.106 0.055 0.111 0.087 0.070 0.098 0.087 
0.090 0.110 0.118 0.084 0.104 0.069 0.061 0.095 0.060 0.093 0.096 0.056 0.107 0.100 0.061 0.095 0.090 0.117 0.055 0.089 0.096 0.092 0.057 0.054 0.086 0.106 0.054 0.092 0.093 0.093 0.084 0.071 0.117 0.104 0.096 0.064 0.095 0.083 0.091 0.054 0.068 0.104 0.067 0.081 0.081 0.071 0.086 0.089 0.098 0.071 0.088 0.083 0.097 0.088 0.059 0.105 0.069 0.050 0.044 0.082 
0.082 0.066 0.116 0.099 0.053 0.088 0.093 0.055 0.089 0.100 0.062 0.095 0.092 0.065 0.096 0.051 0.066 0.091 0.089 0.067 0.090 0.092 0.081 0.057 0.088 0.111 0.062 0.092 0.093 0.091 0.087 0.087 0.054 0.074 0.058 0.090 0.086 0.057 0.094 0.096 0.063 0.085 0.092 0.092 0.083 0.078 0.060 0.093 0.090 0.099 0.088 0.059 0.054 0.089 0.065 0.098 0.094 0.097 0.056 0.086 
0.091 0.090 0.103 0.064 0.075 0.095 0.079 0.090 0.063 0.056 0.093 0.071 0.086 0.089 0.049 0.088 0.082 0.088 0.101 0.080 0.080 0.087 0.109 0.053 0.088 0.092 0.067 0.075 0.078 0.095 0.050 0.083 0.089 0.074 0.076 0.074 0.081 0.083 0.042 0.051 0.079 0.084 0.080 0.078 0.079 0.073 0.049 0.085 0.053 0.079 0.043 0.082 0.078 0.093 0.091 0.056 0.104 0.082 0.081 0.039 
0.079 0.085 0.087 0.084 0.052 0.058 0.074 0.087 0.078 0.059 0.239 0.089 0.083 0.087 0.086 0.063 0.077 0.080 0.099 0.175 0.091 0.081 0.140 0.144 0.170 0.161 0.086 0.056 0.072 0.081 0.072 0.270 0.129 0.145 0.133 0.139 0.146 0.143 0.106 0.140 0.159 0.136 0.135 0.104 0.153 0.138 0.162 0.145 0.158 0.151 0.135 0.180 0.152 0.146 0.152 0.147 0.150 0.173 0.125 0.095 
0.100 0.156 0.147 0.135 0.135 0.136 0.130 0.141 0.114 0.145 0.139 0.126 0.120 0.116 0.154 0.141 0.130 0.153 0.147 0.123 0.137 0.122 0.229 0.270 0.292 0.258 0.256 0.275 0.224 0.218 0.220 0.218 0.225 0.142 0.161 0.203 0.162 0.149 0.173 0.144 0.242 0.236 0.279 0.282 0.294 0.247 0.237 0.235 0.238 0.196 0.222 0.176 0.169 0.133 0.157 0.151 0.130 0.133 0.132 0.148 
0.121 0.123 0.139 0.122 0.118 0.152 0.144 0.102 0.142 0.128 0.144 0.157 0.141 0.099 0.099 0.076 0.085 0.089 0.046 0.096 0.090 0.084 0.088 0.079 0.097 0.067 0.050 0.070 0.073 0.084 0.046 0.048 0.063 0.079 0.075 0.035 0.097 0.085 0.076 0.081 0.077 0.085 0.067 0.076 0.046 0.079 0.084 0.072 0.082 0.046 0.074 0.053 0.075 0.081 0.072 0.045 0.083 0.070 0.069 0.071 
0.072 0.070 0.046 0.000 0.090 0.076 0.064 0.070 0.064 0.107 0.043 0.070 0.065 0.070 0.077 0.076 0.084 0.044 0.081 0.072 0.071 0.041 0.070 0.076 0.065 0.073 0.077 0.067 0.081 0.075 0.046 0.056 0.074 0.086 0.081 0.070 0.041 0.065 0.079 0.074 0.063 0.070 0.066 0.067 0.046 0.039 0.072 0.064 0.076 0.071 0.034 0.069 0.039 0.069 0.071 0.065 0.072 0.069 0.079 0.068 
0.063 0.076 0.031 0.070 0.072 0.058 0.067 0.063 0.067 0.035 0.029 0.069 0.064 0.070 0.074 0.064 0.069 0.073 0.080 0.070 0.069 0.074 0.068 0.075 0.066 0.070 0.081 0.061 0.070 0.029 0.069 0.069 0.039 0.069 0.071 0.068 0.069 0.064 0.070 0.058 0.075 0.068 0.061 0.065 0.058 0.067 0.068 0.069 0.069 0.067 0.062 0.066 0.060 0.037 0.059 0.035 0.066 0.059 0.071 0.065 
0.061 0.065 0.061 0.066 0.606 0.343 0.358 0.363 0.361 0.344 0.346 0.338 0.416 0.712 0.618 0.631 0.600 0.538 0.542 0.556 0.574 0.579 0.702 0.685 0.574 0.434 0.391 0.335 0.341 0.321 0.348 0.307 0.390 0.690 0.578 0.604 0.611 0.581 0.595 0.556 0.607 0.563 0.761 0.708 0.058 0.061 0.059 0.063 0.064 0.061 0.066 0.025 0.063 0.064 0.063 0.059 0.039 0.066 0.059 0.069 
0.066 0.058 0.067 0.067 0.061 0.074 0.059 0.066 0.061 0.064 0.065 0.064 0.067 0.029 0.069 0.065 0.031 0.038 0.029 0.032 0.034 0.058 0.065 0.059 0.080 0.068 0.059 0.066 0.059 0.063 0.057 0.063 0.065 0.062 0.067 0.046 0.043 0.064 0.354 0.545 0.404 0.175 0.068 0.063 0.032 0.057 0.067 0.067 0.061 0.037 0.034 0.065 0.066 0.063 0.069 0.033 0.052 0.065 0.060 0.065 
0.059 0.035 0.059 0.030 0.033 0.031 0.058 0.025 0.058 0.025 0.027 0.025 0.059 0.058 0.055 0.056 0.060 0.059 0.029 0.070 0.062 0.060 0.036 0.060 0.025 0.057 0.027 0.025 0.025 0.025 0.059 0.063 0.025 0.059 0.057 0.025 0.057 0.026 0.026 0.031 0.026 0.032 0.059 0.060 0.061 0.058 0.065 0.067 0.040 0.037 0.069 0.071 0.038 0.063 0.035 0.065 0.027 0.065 0.028 0.032 
0.059 0.042 0.064 0.043 0.063 0.035 0.027 0.068 0.029 0.067 0.062 0.037 0.031 0.031 0.066 0.029 0.046 0.029 0.073 0.062 0.039 0.068 0.037 0.043 0.041 0.032 0.040 0.061 0.073 0.032 0.065 0.054 0.069 0.032 0.037 0.036 0.037 0.063 0.061 0.070 0.032 0.038 0.031 0.036 0.035 0.073 0.084 0.073 0.036 0.080 0.048 0.084 0.075 0.084 0.073 0.042 0.047 0.067 0.073 0.080 
0.076 0.092 0.082 0.086 0.084 0.058 0.071 0.077 0.078 0.070 0.093 0.084 0.083 0.047 0.086 0.091 0.115 0.066 0.061 0.104 0.113 0.051 0.094 0.085 0.083 0.080 0.075 0.068 0.083 0.054 0.069 0.107 0.085 0.094 0.086 0.080 0.088 0.039 0.052 0.071 0.085 0.070 0.075 0.091 0.074 0.080 0.087 0.086 0.088 0.076 0.081 0.072 0.108 0.044 0.086 0.082 0.081 0.088 0.051 0.080 
0.079 0.062 0.101 0.098 0.105 0.092 0.065 0.091 0.087 0.091 0.090 0.104 0.062 0.096 0.099 0.098 0.086 0.069 0.093 0.104 0.089 0.100 0.099 0.066 0.103 0.090 0.100 0.092 0.079 0.086 0.052 0.112 0.089 0.104 0.065 0.093 0.053 0.092 0.095 0.094 0.103 0.074 0.054 0.093 0.076 0.090 0.105 0.082 0.078 0.083 0.049 0.093 0.086 0.091 0.080 0.104 0.073 0.054 0.072 0.051 
0.080 0.099 0.105 0.087 0.064 0.097 0.083 0.101 0.059 0.092 0.113 0.095 0.060 0.093 0.094 0.051 0.075 0.101 0.058 0.089 0.090 0.088 0.091 0.095 0.064 0.094 0.099 0.078 0.068 0.057 0.091 0.093 0.053 0.057 0.082 0.094 0.087 0.079 0.092 0.051 0.092 0.084 0.058 0.088 0.079 0.060 0.091 0.095 0.088 0.096 0.092 0.058 0.078 0.093 0.075 0.067 0.090 0.106 0.069 0.082 
0.093 0.088 0.097 0.060 0.102 0.101 0.065 0.048 0.105 0.093 0.079 0.080 0.064 0.091 0.102 0.057 0.104 0.059 0.088 0.097 0.088 0.073 0.094 0.092 0.097 0.058 0.058 0.092 0.095 0.080 0.056 0.286 0.187 0.134 0.153 0.171 0.126 0.179 0.178 0.169 0.111 0.171 0.141 0.149 0.140 0.151 0.202 0.165 0.157 0.122 0.155 0.141 0.203 0.188 0.157 0.179 0.172 0.128 0.160 0.164 
0.136 0.170 0.135 0.161 0.155 0.191 0.153 0.153 0.143 0.184 0.141 0.139 0.195 0.135 0.162 0.161 0.169 0.172 0.140 0.134 0.136 0.168 0.155 0.141 0.190 0.144 0.143 0.095 0.156 0.182 0.161 0.194 0.166 0.145 0.153 0.168 0.164 0.171 0.155 0.129 0.136 0.184 0.156 0.178 0.155 0.139 0.182 0.127 0.145 0.126 0.149 0.160 0.178 0.165 0.159 0.160 0.141 0.181 0.166 0.151 
0.114 0.182 0.173 0.151 0.173 0.149 0.150 0.134 0.159 0.140 0.184 0.151 0.126 0.111 0.137 0.169 0.186 0.180 0.147 0.156 0.106 0.161 0.175 0.169 0.136 0.125 0.168 0.145 0.127 0.141 0.148 0.143 0.154 0.169 0.169 0.139 0.134 0.169 0.186 0.153 0.164 0.115 0.180 0.164 0.162 0.148 0.184 0.160 0.144 0.131 0.175 0.187 0.203 0.181 0.146 0.143 0.162 0.186 0.165 0.153 
