0.162 0.120 0.097 0.102 0.086 0.089 0.077 0.060 0.068 0.075 0.092 0.091 0.096 0.066 0.108 0.100 0.054 0.092 0.091 0.096 0.079 0.099 0.079 0.083 0.089 0.060 0.099 0.082 0.071 0.090 0.086 0.108 0.068 0.090 0.082 0.056 0.122 0.102 0.112 0.062 0.112 0.087 0.075 0.072 0.046 0.092 0.086 0.088 0.070 0.068 0.065 0.095 0.070 0.087 0.095 0.081 0.082 0.096 0.101 0.061 
0.095 0.092 0.108 0.084 0.102 0.114 0.090 0.114 0.087 0.107 0.051 0.106 0.071 0.085 0.106 0.059 0.096 0.079 0.098 0.056 0.109 0.098 0.074 0.108 0.095 0.094 0.060 0.113 0.090 0.094 0.089 0.063 0.101 0.102 0.087 0.083 0.084 0.071 0.090 0.051 0.092 0.093 0.103 0.062 0.097 0.086 0.090 0.104 0.062 0.115 0.085 0.065 0.074 0.105 0.095 0.102 0.070 0.092 0.079 0.098 
0.094 0.080 0.087 0.088 0.097 0.095 0.047 0.110 0.095 0.079 0.070 0.068 0.065 0.101 0.112 0.103 0.056 0.095 0.053 0.101 0.094 0.096 0.120 0.139 0.104 0.091 0.100 0.090 0.070 0.091 0.069 0.128 0.047 0.097 0.109 0.104 0.063 0.093 0.091 0.099 0.080 0.064 0.081 0.084 0.081 0.074 0.066 0.042 0.091 0.076 0.085 0.079 0.097 0.104 0.051 0.104 0.084 0.088 0.130 0.079 
0.096 0.087 0.075 0.083 0.086 0.118 0.078 0.104 0.082 0.099 0.097 0.102 0.093 0.087 0.124 0.237 0.163 0.158 0.169 0.175 0.136 0.156 0.180 0.171 0.142 0.124 0.138 0.206 0.178 0.179 0.177 0.166 0.177 0.184 0.172 0.131 0.170 0.174 0.175 0.186 0.183 0.143 0.134 0.184 0.180 0.176 0.178 0.141 0.169 0.138 0.126 0.149 0.149 0.147 0.136 0.157 0.139 0.147 0.174 0.124 
0.195 0.153 0.181 0.159 0.132 0.118 0.145 0.167 0.194 0.119 0.163 0.146 0.150 0.152 0.158 0.138 0.183 0.152 0.134 0.139 0.126 0.106 0.124 0.125 0.140 0.127 0.146 0.154 0.117 0.174 0.141 0.171 0.129 0.129 0.111 0.147 0.148 0.157 0.126 0.125 0.116 0.110 0.127 0.125 0.122 0.132 0.108 0.122 0.121 0.113 0.122 0.127 0.152 0.156 0.129 0.106 0.145 0.180 0.124 0.162 
0.294 0.135 0.144 0.129 0.127 0.097 0.140 0.187 0.136 0.144 0.139 0.138 0.113 0.126 0.123 0.109 0.141 0.164 0.112 0.150 0.153 0.135 0.100 0.148 0.149 0.102 0.152 0.151 0.127 0.112 0.153 0.143 0.169 0.118 0.126 0.150 0.153 0.136 0.137 0.167 0.159 0.180 0.118 0.180 0.211 0.173 0.131 0.096 0.128 0.126 0.128 0.118 0.132 0.136 0.111 0.125 0.139 0.129 0.114 0.140 
0.177 0.124 0.145 0.120 0.127 0.146 0.119 0.139 0.110 0.117 0.087 0.130 0.143 0.132 0.133 0.095 0.115 0.116 0.112 0.121 0.106 0.121 0.122 0.128 0.124 0.134 0.125 0.141 0.091 0.150 0.093 0.111 0.128 0.121 0.146 0.128 0.167 0.163 0.118 0.142 0.126 0.120 0.158 0.110 0.157 0.170 0.125 0.123 0.163 0.138 0.148 0.094 0.130 0.099 0.119 0.154 0.179 0.146 0.125 0.127 
0.118 0.095 0.138 0.148 0.120 0.137 0.134 0.136 0.154 0.146 0.128 0.122 0.152 0.159 0.138 0.180 0.124 0.119 0.096 0.135 0.136 0.133 0.146 0.123 0.121 0.118 0.142 0.127 0.118 0.160 0.102 0.103 0.108 0.126 0.141 0.169 0.151 0.147 0.183 0.148 0.142 0.142 0.155 0.159 0.146 0.132 0.131 0.104 0.132 0.134 0.132 0.102 0.106 0.000 0.114 0.117 0.114 0.120 0.136 0.116 
0.118 0.117 0.116 0.135 0.127 0.133 0.153 0.131 0.126 0.114 0.134 0.110 0.118 0.101 0.138 0.130 0.127 0.105 0.114 0.126 0.118 0.117 0.090 0.128 0.122 0.123 0.120 0.124 0.112 0.101 0.108 0.098 0.084 0.085 0.079 0.108 0.100 0.108 0.105 0.099 0.087 0.094 0.111 0.092 0.114 0.088 0.096 0.099 0.102 0.103 0.107 0.084 0.088 0.087 0.098 0.067 0.065 0.095 0.107 0.102 
0.095 0.101 0.104 0.093 0.108 0.098 0.100 0.107 0.099 0.104 0.092 0.085 0.085 0.128 0.092 0.088 0.078 0.070 0.096 0.053 0.110 0.086 0.106 0.105 0.092 0.115 0.100 0.120 0.103 0.096 0.100 0.080 0.097 0.091 0.083 0.093 0.084 0.080 0.085 0.046 0.070 0.041 0.076 0.074 0.071 0.077 0.074 0.043 0.070 0.071 0.080 0.073 0.082 0.074 0.641 0.402 0.393 0.403 0.373 0.389 
0.393 0.397 0.709 0.636 0.632 0.609 0.625 0.604 0.569 0.639 0.741 0.756 0.584 0.527 0.442 0.390 0.359 0.353 0.393 0.655 0.637 0.632 0.679 0.638 0.608 0.561 0.660 0.725 0.600 0.079 0.081 0.084 0.075 0.078 0.069 0.052 0.082 0.073 0.086 0.057 0.045 0.083 0.096 0.087 0.081 0.083 0.106 0.091 0.066 0.082 0.085 0.080 0.078 0.088 0.084 0.077 0.095 0.078 0.045 0.050 
0.065 0.058 0.086 0.085 0.044 0.055 0.089 0.082 0.081 0.048 0.099 0.072 0.086 0.053 0.068 0.051 0.110 0.186 0.204 0.197 0.207 0.158 0.164 0.161 0.368 0.507 0.396 0.273 0.099 0.176 0.194 0.189 0.205 0.161 0.159 0.163 0.111 0.113 0.107 0.118 0.093 0.087 0.095 0.059 0.066 0.053 0.083 0.075 0.081 0.063 0.082 0.041 0.075 0.056 0.057 0.069 0.212 0.665 0.562 0.082 
0.081 0.048 0.044 0.071 0.071 0.076 0.082 0.074 0.078 0.074 0.068 0.071 0.088 0.049 0.070 0.069 0.069 0.073 0.075 0.071 0.082 0.078 0.073 0.070 0.067 0.070 0.071 0.072 0.052 0.111 0.076 0.048 0.039 0.040 0.049 0.046 0.063 0.075 0.078 0.090 0.049 0.107 0.093 0.101 0.055 0.077 0.113 0.087 0.052 0.081 0.043 0.055 0.037 0.077 0.076 0.081 0.071 0.100 0.081 0.051 
0.062 0.056 0.058 0.060 0.090 0.077 0.094 0.060 0.058 0.066 0.045 0.086 0.089 0.084 0.133 0.072 0.059 0.087 0.068 0.052 0.052 0.094 0.089 0.079 0.102 0.058 0.059 0.096 0.059 0.100 0.054 0.061 0.064 0.055 0.095 0.106 0.122 0.081 0.081 0.075 0.111 0.082 0.119 0.067 0.101 0.116 0.107 0.097 0.108 0.109 0.075 0.107 0.071 0.079 0.133 0.097 0.120 0.136 0.116 0.144 
0.096 0.098 0.122 0.141 0.105 0.145 0.196 0.159 0.109 0.136 0.140 0.180 0.152 0.159 0.151 0.130 0.119 0.117 0.149 0.127 0.158 0.131 0.158 0.130 0.134 0.143 0.144 0.121 0.125 0.133 0.118 0.120 0.141 0.137 0.164 0.111 0.162 0.148 0.138 0.151 0.142 0.166 0.153 0.169 0.136 0.137 0.142 0.108 0.164 0.146 0.121 0.174 0.163 0.164 0.162 0.181 0.192 0.153 0.152 0.165 
0.154 0.151 0.148 0.144 0.110 0.177 0.218 0.197 0.183 0.132 0.185 0.155 0.178 0.161 0.154 0.191 0.158 0.157 0.176 0.161 0.148 0.187 0.179 0.172 0.138 0.161 0.159 0.167 0.174 0.139 0.160 0.157 0.164 0.154 0.131 0.179 0.148 0.177 0.145 0.122 0.193 0.258 0.200 0.169 0.171 0.166 0.149 0.160 0.157 0.191 0.150 0.159 0.157 0.240 0.142 0.135 0.172 0.149 0.132 0.153 
0.166 0.143 0.162 0.173 0.128 0.170 0.188 0.225 0.206 0.122 0.132 0.161 0.214 0.148 0.130 0.169 0.152 0.161 0.166 0.158 0.124 0.144 0.201 0.131 0.126 0.159 0.185 0.166 0.186 0.141 0.119 0.148 0.164 0.189 0.145 0.151 0.150 0.183 0.111 0.182 0.175 0.160 0.174 0.164 0.127 0.148 0.152 0.172 0.146 0.150 0.176 0.164 0.179 0.145 0.151 0.117 0.176 0.163 0.199 0.182 
0.162 0.176 0.167 0.164 0.170 0.190 0.161 0.173 0.130 0.160 0.165 0.218 0.151 0.162 0.142 0.154 0.124 0.176 0.147 0.186 0.125 0.204 0.141 0.131 0.180 0.161 0.152 0.141 0.180 0.152 0.121 0.162 0.165 0.169 0.148 0.163 0.194 0.164 0.156 0.165 0.132 0.128 0.207 0.116 0.157 0.167 0.131 0.159 0.170 0.142 0.181 0.160 0.155 0.117 0.174 0.166 0.164 0.179 0.150 0.154 
0.179 0.162 0.142 0.173 0.157 0.133 0.176 0.173 0.106 0.143 0.150 0.190 0.168 0.196 0.119 0.135 0.143 0.138 0.173 0.143 0.173 0.180 0.196 0.129 0.146 0.172 0.171 0.154 0.137 0.139 0.175 0.143 0.143 0.137 0.195 0.167 0.196 0.201 0.156 0.166 0.172 0.167 0.193 0.137 0.125 0.147 0.144 0.158 0.174 0.127 0.173 0.172 0.173 0.144 0.153 0.155 0.126 0.182 0.174 0.176 
0.139 0.134 0.122 0.151 0.154 0.172 0.166 0.169 0.181 0.178 0.174 0.138 0.181 0.177 0.188 0.180 0.165 0.163 0.143 0.145 0.133 0.180 0.177 0.137 0.133 0.132 0.147 0.167 0.152 0.198 0.133 0.134 0.145 0.146 0.150 0.174 0.146 0.174 0.175 0.155 0.140 0.144 0.167 0.153 0.166 0.156 0.151 0.146 0.164 0.159 0.112 0.177 0.179 0.139 0.149 0.143 0.146 0.139 0.146 0.125 
0.151 0.135 0.160 0.149 0.140 0.179 0.163 0.143 0.146 0.180 0.165 0.155 0.134 0.201 0.166 0.119 0.145 0.169 0.166 0.137 0.168 0.165 0.169 0.147 0.150 0.148 0.164 0.136 0.117 0.150 0.151 0.147 0.137 0.122 0.175 0.167 0.171 0.131 0.151 0.104 0.144 0.165 0.192 0.119 0.144 0.135 0.153 0.138 0.158 0.163 0.099 0.193 0.143 0.143 0.111 0.124 0.154 0.155 0.161 0.175 
0.151 0.121 0.176 0.182 0.184 0.150 0.157 0.125 0.193 0.139 0.172 0.172 0.151 0.181 0.171 0.164 0.132 0.160 0.149 0.193 0.154 0.161 0.154 0.157 0.170 0.154 0.174 0.115 0.206 0.125 0.134 0.181 0.160 0.165 0.158 0.163 0.147 0.145 0.158 0.164 0.131 0.164 0.155 0.178 0.122 0.146 0.137 0.148 0.140 0.139 0.107 0.180 0.188 0.168 0.169 0.174 0.142 0.155 0.172 0.185 
0.126 0.166 0.156 0.116 0.176 0.194 0.153 0.172 0.149 0.105 0.157 0.149 0.147 0.180 0.162 0.150 0.135 0.147 0.163 0.156 0.155 0.153 0.171 0.101 0.095 0.156 0.147 0.175 0.136 0.182 0.153 0.124 0.119 0.171 0.158 0.168 0.147 0.188 0.184 0.177 0.175 0.170 0.196 0.150 0.116 0.110 0.151 0.144 0.142 0.157 0.120 0.188 0.154 0.141 0.164 0.130 0.120 0.124 0.165 0.124 
0.149 0.154 0.196 0.139 0.153 0.123 0.172 0.152 0.174 0.118 0.147 0.168 0.168 0.140 0.110 0.124 0.171 0.158 0.177 0.160 0.130 0.144 0.201 0.171 0.141 0.174 0.152 0.163 0.172 0.165 0.108 0.135 0.175 0.139 0.124 0.142 0.166 0.177 0.152 0.132 0.159 0.145 0.138 0.192 0.167 0.156 0.131 0.147 0.215 0.195 0.165 0.170 0.124 0.172 0.156 0.191 0.130 0.156 0.178 0.148 
