0.332 0.290 0.373 0.447 0.328 0.225 0.274 0.322 0.244 0.298 0.299 0.276 0.223 0.208 0.260 0.277 0.244 0.208 0.318 0.256 0.401 0.282 0.307 0.262 0.319 0.270 0.374 0.288 0.299 0.330 0.279 0.294 0.195 0.340 0.347 0.229 0.316 0.279 0.326 0.324 0.363 0.284 0.222 0.295 0.251 0.258 0.270 0.244 0.444 0.212 0.358 0.297 0.296 0.273 0.274 0.267 0.227 0.220 0.253 0.300 
0.328 0.319 0.274 0.313 0.294 0.300 0.387 0.244 0.321 0.327 0.316 0.352 0.298 0.243 0.219 0.333 0.292 0.364 0.285 0.298 0.270 0.238 0.258 0.231 0.270 0.257 0.303 0.293 0.302 0.277 0.240 0.288 0.259 0.329 0.205 0.360 0.290 0.287 0.276 0.305 0.332 0.323 0.261 0.255 0.250 0.268 0.328 0.205 0.333 0.304 0.310 0.239 0.240 0.263 0.305 0.287 0.331 0.235 0.304 0.266 
0.413 0.306 0.337 0.301 0.331 0.273 0.530 0.324 0.329 0.251 0.331 0.372 0.305 0.484 0.298 0.361 0.330 0.312 0.315 0.313 0.275 0.388 0.313 0.299 0.268 0.246 0.354 0.272 0.268 0.219 0.401 0.276 0.309 0.341 0.282 0.327 0.278 0.396 0.282 0.241 0.241 0.346 0.270 0.243 0.248 0.211 0.329 0.314 0.272 0.214 0.351 0.349 0.273 0.303 0.318 0.297 0.317 0.315 0.283 0.349 
0.257 0.436 0.315 0.343 0.310 0.380 0.401 0.351 0.312 0.265 0.340 0.448 0.466 0.285 0.308 0.373 0.454 0.296 0.325 0.472 0.325 0.379 0.364 0.327 0.336 0.248 0.366 0.256 0.376 0.254 0.292 0.575 0.263 0.341 0.317 0.312 0.346 0.310 0.334 0.299 0.352 0.322 0.318 0.261 0.222 0.343 0.396 0.325 0.367 0.247 0.353 0.436 0.274 0.259 0.205 0.283 0.392 0.379 0.433 0.213 
0.351 0.336 0.306 0.303 0.270 0.276 0.289 0.281 0.258 0.371 0.300 0.279 0.339 0.355 0.228 0.298 0.301 0.277 0.296 0.287 0.359 0.381 0.379 0.344 0.320 0.278 0.439 0.348 0.293 0.241 0.281 0.389 0.414 0.279 0.403 0.271 0.371 0.431 0.296 0.228 0.265 0.321 0.276 0.235 0.411 0.317 0.365 0.381 0.339 0.382 0.330 0.510 0.315 0.250 0.321 0.294 0.405 0.374 0.252 0.368 
0.331 0.301 0.343 0.351 0.259 0.462 0.393 0.345 0.298 0.282 0.391 0.353 0.304 0.294 0.339 0.324 0.349 0.473 0.273 0.327 0.376 0.233 0.332 0.230 0.280 0.302 0.268 0.298 0.243 0.255 0.389 0.326 0.486 0.251 0.231 0.312 0.343 0.349 0.300 0.331 0.385 0.263 0.410 0.354 0.308 0.309 0.262 0.466 0.342 0.407 0.311 0.268 0.294 0.299 0.368 0.293 0.343 0.428 0.269 0.323 
0.354 0.313 0.282 0.334 0.300 0.343 0.360 0.384 0.252 0.287 0.293 0.261 0.298 0.317 0.291 0.265 0.343 0.321 0.294 0.290 0.245 0.382 0.421 0.434 0.336 0.313 0.343 0.335 0.342 0.340 0.363 0.305 0.352 0.321 0.259 0.318 0.257 0.318 0.348 0.286 0.313 0.248 0.345 0.419 0.214 0.322 0.473 0.310 0.258 0.334 0.304 0.316 0.386 0.289 0.328 0.392 0.256 0.247 0.331 0.258 
0.285 0.347 0.343 0.323 0.267 0.333 0.363 0.388 0.256 0.314 0.301 0.353 0.314 0.302 0.331 0.369 0.331 0.384 0.312 0.281 0.284 0.303 0.370 0.359 0.269 0.264 0.372 0.292 0.319 0.381 0.208 0.334 0.432 0.276 0.327 0.328 0.288 0.281 0.298 0.266 0.341 0.313 0.278 0.266 0.384 0.356 0.425 0.267 0.249 0.299 0.256 0.308 0.507 0.310 0.285 0.346 0.346 0.297 0.243 0.275 
0.339 0.345 0.432 0.345 0.253 0.472 0.293 0.413 0.241 0.257 0.267 0.331 0.455 0.324 0.331 0.422 0.350 0.556 0.334 0.428 0.509 0.351 0.339 0.327 0.306 0.307 0.315 0.453 0.314 0.324 0.278 0.291 0.348 0.249 0.337 0.295 0.232 0.296 0.351 0.298 0.319 0.335 0.474 0.488 0.322 0.395 0.481 0.357 0.376 0.371 0.302 0.293 0.360 0.266 0.273 0.329 0.356 0.305 0.347 0.301 
0.325 0.345 0.431 0.373 0.330 0.289 0.388 0.412 0.387 0.335 0.274 0.258 0.315 0.314 0.377 0.330 0.286 0.377 0.282 0.465 0.319 0.440 0.467 0.387 0.425 0.302 0.504 0.326 0.314 0.341 0.332 0.280 0.344 0.546 0.310 0.313 0.279 0.321 0.299 0.352 0.341 0.333 0.336 0.458 0.334 0.378 0.274 0.334 0.362 0.417 0.256 0.287 0.446 0.316 0.339 0.262 0.289 0.383 0.313 0.271 
0.305 0.269 0.436 0.437 0.333 0.261 0.414 0.386 0.366 0.314 0.228 0.426 0.209 0.370 0.448 0.306 0.339 0.321 0.206 0.413 0.358 0.424 0.320 0.470 0.406 0.315 0.303 0.264 0.237 0.337 0.286 0.300 0.257 0.324 0.366 0.225 0.270 0.299 0.263 0.305 0.273 0.296 0.350 0.432 0.274 0.345 0.333 0.402 0.412 0.332 0.366 0.273 0.237 0.423 0.312 0.305 0.262 0.281 0.277 0.320 
0.338 0.305 0.291 0.368 0.321 0.322 0.284 0.370 0.395 0.371 0.287 0.332 0.187 0.369 0.291 0.355 0.344 0.281 0.352 0.328 0.299 0.358 0.238 0.376 0.283 0.240 0.284 0.338 0.263 0.305 0.287 0.333 0.379 0.323 0.335 0.354 0.361 0.321 0.427 0.250 0.250 0.378 0.275 0.254 0.364 0.296 0.312 0.313 0.353 0.297 0.369 0.267 0.285 0.264 0.357 0.340 0.317 0.267 0.497 0.218 
0.301 0.334 0.352 0.443 0.337 0.418 0.341 0.316 0.232 0.298 0.332 0.410 0.441 0.474 0.250 0.383 0.291 0.418 0.361 0.240 0.226 0.375 0.303 0.348 0.436 0.316 0.263 0.301 0.360 0.277 0.317 0.245 0.342 0.407 0.290 0.288 0.416 0.337 0.418 0.285 0.359 0.354 0.349 0.408 0.292 0.352 0.276 0.379 0.345 0.411 0.377 0.361 0.311 0.386 0.309 0.278 0.259 0.261 0.297 0.271 
0.257 0.241 0.262 0.388 0.439 0.348 0.362 0.394 0.277 0.536 0.256 0.385 0.457 0.359 0.434 0.318 0.371 0.433 0.402 0.269 0.305 0.352 0.359 0.434 0.421 0.368 0.453 0.297 0.348 0.263 0.282 0.288 0.354 0.333 0.325 0.369 0.381 0.294 0.319 0.358 0.377 0.379 0.349 0.500 0.280 0.365 0.319 0.432 0.282 0.374 0.368 0.273 0.265 0.410 0.354 0.308 0.318 0.434 0.300 0.248 
0.358 0.348 0.323 0.355 0.261 0.309 0.318 0.362 0.398 0.202 0.367 0.359 0.242 0.377 0.315 0.319 0.375 0.331 0.328 0.485 0.340 0.274 0.308 0.300 0.328 0.304 0.329 0.315 0.316 0.273 0.325 0.361 0.354 0.289 0.323 0.361 0.349 0.336 0.416 0.377 0.324 0.417 0.247 0.269 0.395 0.327 0.233 0.384 0.320 0.284 0.306 0.416 0.263 0.357 0.318 0.297 0.464 0.361 0.271 0.365 
0.244 0.237 0.331 0.315 0.343 0.447 0.652 0.362 0.298 0.375 0.378 0.375 0.302 0.254 0.353 0.435 0.279 0.319 0.525 0.364 0.391 0.311 0.299 0.284 0.259 0.386 0.326 0.381 0.380 0.327 0.364 0.335 0.357 0.274 0.327 0.254 0.278 0.462 0.368 0.373 0.280 0.252 0.281 0.314 0.298 0.328 0.435 0.296 0.272 0.426 0.409 0.264 0.360 0.285 0.289 0.358 0.388 0.312 0.324 0.358 
0.272 0.272 0.340 0.143 0.416 0.319 0.335 0.380 0.320 0.334 0.355 0.314 0.382 0.282 0.219 0.365 0.445 0.330 0.364 0.450 0.350 0.369 0.291 0.375 0.300 0.377 0.271 0.352 0.322 0.386 0.215 0.316 0.332 0.321 0.344 0.268 0.265 0.329 0.333 0.420 0.294 0.463 0.290 0.271 0.352 0.362 0.269 0.325 0.304 0.239 0.277 0.286 0.268 0.333 0.460 0.257 0.235 0.237 0.361 0.314 
0.290 0.338 0.388 0.344 0.267 0.320 0.533 0.351 0.262 0.464 0.364 0.312 0.411 0.374 0.363 0.335 0.488 0.261 0.493 0.317 0.279 0.348 0.307 0.205 0.373 0.342 0.324 0.412 0.304 0.272 0.351 0.254 0.333 0.319 0.303 0.436 0.295 0.435 0.211 0.295 0.386 0.307 0.349 0.335 0.399 0.269 0.245 0.477 0.307 0.298 0.371 0.305 0.351 0.318 0.354 0.320 0.280 0.425 0.218 0.297 
0.339 0.402 0.341 0.327 0.336 0.334 0.255 0.267 0.288 0.278 0.312 0.294 0.247 0.319 0.311 0.352 0.339 0.265 0.354 0.384 0.421 0.312 0.371 0.313 0.234 0.331 0.303 0.316 0.411 0.284 0.383 0.328 0.330 0.349 0.332 0.257 0.406 0.333 0.283 0.316 0.320 0.303 0.400 0.238 0.310 0.264 0.283 0.212 0.302 0.331 0.251 0.302 0.264 0.273 0.243 0.332 0.230 0.258 0.316 0.217 
0.310 0.336 0.310 0.284 0.236 0.475 0.301 0.311 0.247 0.168 0.316 0.255 0.284 0.295 0.309 0.222 0.251 0.332 0.244 0.284 0.268 0.222 0.259 0.417 0.251 0.214 0.262 0.243 0.294 0.292 0.238 0.287 0.267 0.311 0.322 0.349 0.191 0.374 0.188 0.290 0.286 0.257 0.316 0.191 0.264 0.262 0.252 0.321 0.303 0.305 0.205 0.261 0.234 0.231 0.307 0.232 0.325 0.315 0.194 0.236 
0.287 0.459 0.286 0.180 0.223 0.289 0.256 0.411 0.256 0.205 0.292 0.210 0.297 0.249 0.287 0.272 0.331 0.202 0.241 0.345 0.331 0.358 0.317 0.273 0.422 0.258 0.244 0.291 0.227 0.238 0.234 0.233 0.318 0.348 0.225 0.221 0.277 0.371 0.199 0.240 0.367 0.244 0.244 0.299 0.386 0.232 0.210 0.330 0.243 0.229 0.311 0.233 0.255 0.239 0.296 0.351 0.258 0.387 0.261 0.264 
0.371 0.202 0.249 0.342 0.327 0.241 0.195 0.301 0.303 0.210 0.251 0.242 0.248 0.287 0.227 0.242 0.217 0.243 0.346 0.275 0.234 0.237 0.217 0.238 0.560 0.480 0.332 0.360 0.175 0.238 0.211 0.311 0.266 0.328 0.313 0.174 0.200 0.226 0.393 0.355 0.174 0.332 0.290 0.051 0.667 0.846 0.225 0.206 0.383 0.314 0.091 0.247 0.359 0.272 0.204 0.204 0.220 0.267 0.223 0.338 
0.341 0.336 0.331 0.243 0.436 0.353 0.360 0.405 0.300 0.270 0.298 0.345 0.329 0.308 0.303 0.307 0.269 0.336 0.253 0.304 0.253 0.294 0.412 0.333 0.380 0.268 0.381 0.404 0.391 0.375 0.282 0.476 0.414 0.292 0.256 0.273 0.243 0.290 0.326 0.325 0.292 0.285 0.310 0.490 0.352 0.357 0.344 0.280 0.300 0.271 0.306 0.236 0.266 0.405 0.271 0.435 0.327 0.339 0.326 0.333 
0.223 0.349 0.270 0.316 0.219 0.460 0.389 0.322 0.401 0.264 0.318 0.428 0.314 0.248 0.294 0.278 0.272 0.391 0.320 0.318 0.327 0.240 0.287 0.238 0.289 0.394 0.232 0.361 0.256 0.310 0.280 0.318 0.240 0.308 0.219 0.274 0.242 0.308 0.385 0.366 0.272 0.281 0.346 0.291 0.375 0.238 0.210 0.281 0.283 0.299 0.267 0.288 0.312 0.357 0.208 0.337 0.246 0.387 0.275 0.424 
