0.183 0.165 0.181 0.172 0.177 0.210 0.210 0.209 0.181 0.164 0.194 0.196 0.217 0.222 0.193 0.205 0.157 0.249 0.178 0.183 0.211 0.201 0.170 0.172 0.191 0.165 0.158 0.195 0.219 0.207 0.116 0.192 0.193 0.189 0.183 0.210 0.166 0.194 0.212 0.157 0.153 0.247 0.175 0.165 0.184 0.210 0.194 0.154 0.231 0.194 0.223 0.200 0.143 0.191 0.158 0.237 0.188 0.189 0.191 0.133 
0.184 0.171 0.166 0.159 0.182 0.214 0.197 0.214 0.230 0.198 0.182 0.200 0.188 0.192 0.250 0.192 0.217 0.182 0.177 0.211 0.226 0.213 0.162 0.192 0.194 0.200 0.148 0.179 0.159 0.176 0.172 0.180 0.182 0.162 0.158 0.186 0.213 0.201 0.157 0.182 0.138 0.204 0.207 0.204 0.209 0.209 0.207 0.229 0.196 0.210 0.198 0.212 0.187 0.220 0.129 0.199 0.206 0.227 0.249 0.175 
0.194 0.192 0.211 0.170 0.183 0.227 0.202 0.224 0.198 0.167 0.156 0.179 0.265 0.206 0.184 0.188 0.207 0.185 0.175 0.186 0.221 0.218 0.201 0.200 0.175 0.184 0.169 0.210 0.180 0.229 0.176 0.167 0.201 0.201 0.181 0.188 0.189 0.173 0.190 0.168 0.186 0.213 0.189 0.223 0.210 0.179 0.162 0.239 0.155 0.189 0.201 0.252 0.210 0.206 0.190 0.182 0.213 0.203 0.152 0.192 
0.192 0.166 0.201 0.166 0.164 0.216 0.197 0.197 0.231 0.228 0.191 0.257 0.211 0.210 0.226 0.229 0.211 0.206 0.230 0.202 0.203 0.236 0.229 0.212 0.176 0.198 0.252 0.214 0.204 0.176 0.182 0.180 0.176 0.228 0.208 0.253 0.222 0.220 0.198 0.210 0.218 0.219 0.207 0.234 0.196 0.215 0.192 0.185 0.187 0.199 0.217 0.227 0.263 0.215 0.183 0.202 0.176 0.168 0.201 0.198 
0.179 0.139 0.202 0.139 0.165 0.194 0.202 0.211 0.200 0.213 0.197 0.220 0.242 0.186 0.230 0.254 0.190 0.212 0.171 0.224 0.193 0.213 0.231 0.194 0.199 0.212 0.229 0.202 0.188 0.195 0.173 0.191 0.201 0.155 0.177 0.212 0.199 0.224 0.251 0.200 0.182 0.262 0.221 0.229 0.249 0.230 0.215 0.182 0.178 0.198 0.199 0.266 0.186 0.209 0.230 0.231 0.221 0.266 0.219 0.213 
0.212 0.198 0.249 0.184 0.173 0.218 0.228 0.228 0.204 0.217 0.203 0.241 0.203 0.226 0.200 0.229 0.183 0.213 0.198 0.208 0.217 0.216 0.202 0.212 0.167 0.188 0.241 0.233 0.246 0.235 0.188 0.166 0.190 0.218 0.158 0.186 0.222 0.210 0.226 0.216 0.200 0.232 0.233 0.238 0.219 0.219 0.207 0.219 0.216 0.204 0.212 0.221 0.204 0.149 0.193 0.191 0.204 0.216 0.196 0.188 
0.188 0.148 0.255 0.174 0.183 0.259 0.232 0.208 0.188 0.166 0.172 0.206 0.206 0.209 0.232 0.236 0.233 0.224 0.223 0.231 0.223 0.228 0.167 0.176 0.159 0.181 0.173 0.182 0.181 0.176 0.148 0.191 0.191 0.211 0.194 0.195 0.210 0.184 0.199 0.222 0.212 0.223 0.259 0.238 0.189 0.228 0.216 0.158 0.234 0.205 0.201 0.238 0.195 0.213 0.213 0.206 0.232 0.191 0.222 0.204 
0.215 0.153 0.234 0.190 0.135 0.180 0.202 0.185 0.231 0.174 0.221 0.229 0.215 0.239 0.229 0.210 0.197 0.231 0.195 0.206 0.191 0.250 0.208 0.246 0.193 0.175 0.230 0.217 0.185 0.206 0.160 0.183 0.219 0.192 0.185 0.331 0.213 0.303 0.205 0.224 0.277 0.283 0.189 0.397 0.269 0.237 0.277 0.267 0.322 0.283 0.210 0.267 0.189 0.205 0.202 0.229 0.231 0.197 0.244 0.192 
0.212 0.165 0.198 0.166 0.203 0.248 0.325 0.194 0.197 0.207 0.188 0.202 0.233 0.192 0.198 0.230 0.223 0.189 0.178 0.159 0.177 0.253 0.207 0.216 0.206 0.170 0.198 0.191 0.221 0.208 0.204 0.164 0.176 0.163 0.149 0.188 0.159 0.182 0.205 0.175 0.162 0.173 0.183 0.241 0.209 0.199 0.178 0.208 0.194 0.200 0.217 0.204 0.173 0.196 0.151 0.139 0.160 0.179 0.137 0.160 
0.146 0.207 0.189 0.160 0.168 0.154 0.184 0.180 0.171 0.178 0.156 0.220 0.228 0.229 0.204 0.171 0.186 0.200 0.188 0.205 0.234 0.199 0.235 0.178 0.160 0.171 0.170 0.171 0.201 0.173 0.131 0.160 0.125 0.145 0.130 0.139 0.183 0.147 0.238 0.176 0.177 0.238 0.163 0.239 0.185 0.185 0.208 0.161 0.222 0.173 0.208 0.213 0.195 0.186 0.120 0.177 0.126 0.164 0.163 0.161 
0.166 0.141 0.212 0.159 0.167 0.167 0.166 0.168 0.203 0.185 0.180 0.187 0.201 0.157 0.212 0.195 0.219 0.151 0.166 0.196 0.198 0.263 0.217 0.172 0.192 0.169 0.192 0.184 0.215 0.188 0.174 0.197 0.175 0.188 0.167 0.121 0.173 0.176 0.177 0.188 0.159 0.241 0.186 0.198 0.206 0.209 0.211 0.173 0.195 0.170 0.185 0.228 0.187 0.175 0.186 0.209 0.203 0.197 0.188 0.152 
0.000 0.245 0.162 0.157 0.179 0.156 0.245 0.163 0.155 0.202 0.182 0.171 0.205 0.181 0.190 0.156 0.170 0.148 0.170 0.160 0.177 0.194 0.195 0.175 0.160 0.178 0.176 0.157 0.192 0.191 0.171 0.149 0.144 0.193 0.193 0.172 0.166 0.164 0.162 0.141 0.180 0.184 0.164 0.178 0.140 0.178 0.188 0.165 0.129 0.146 0.152 0.168 0.129 0.156 0.168 0.147 0.099 0.078 0.165 0.142 
0.142 0.162 0.126 0.140 0.132 0.130 0.152 0.133 0.220 0.148 0.163 0.212 0.145 0.201 0.121 0.137 0.211 0.130 0.155 0.157 0.191 0.147 0.144 0.128 0.111 0.109 0.142 0.116 0.131 0.131 0.137 0.141 0.137 0.136 0.112 0.169 0.122 0.100 0.143 0.107 0.129 0.123 0.151 0.125 0.124 0.123 0.113 0.096 0.117 0.105 0.101 0.115 0.117 0.118 0.092 0.127 0.121 0.101 0.093 0.071 
0.103 0.522 0.383 0.381 0.387 0.403 0.411 0.503 0.622 0.577 0.599 0.587 0.579 0.584 0.582 0.584 0.549 0.624 0.658 0.487 0.349 0.395 0.413 0.399 0.432 0.488 0.565 0.620 0.567 0.560 0.605 0.580 0.575 0.571 0.576 0.616 0.646 0.438 0.168 0.166 0.489 0.447 0.522 0.535 0.515 0.562 0.394 0.118 0.098 0.112 0.127 0.091 0.128 0.103 0.123 0.115 0.106 0.120 0.104 0.126 
0.097 0.113 0.107 0.290 0.668 0.599 0.797 0.113 0.486 0.628 0.668 0.712 0.855 0.885 0.769 0.795 0.929 0.971 0.964 0.944 0.914 0.913 0.912 0.857 0.888 0.723 0.677 0.720 0.707 0.727 0.717 0.600 0.454 0.104 0.143 0.449 0.494 0.548 0.642 0.792 0.700 0.433 0.399 0.814 0.795 0.654 0.571 0.527 0.626 0.680 0.664 0.685 0.659 0.403 0.675 0.755 0.141 0.140 0.262 0.110 
0.166 0.228 0.201 0.188 0.189 0.192 0.243 0.220 0.231 0.206 0.180 0.236 0.287 0.197 0.268 0.209 0.201 0.190 0.281 0.239 0.213 0.207 0.161 0.198 0.145 0.183 0.212 0.210 0.230 0.190 0.219 0.177 0.193 0.193 0.205 0.200 0.172 0.221 0.198 0.195 0.243 0.225 0.223 0.226 0.300 0.208 0.214 0.217 0.210 0.212 0.212 0.231 0.194 0.208 0.200 0.189 0.203 0.230 0.206 0.225 
0.196 0.251 0.198 0.191 0.181 0.220 0.214 0.216 0.203 0.201 0.300 0.360 0.210 0.230 0.206 0.233 0.269 0.217 0.228 0.193 0.264 0.199 0.221 0.220 0.191 0.200 0.198 0.180 0.214 0.191 0.243 0.201 0.182 0.220 0.172 0.211 0.175 0.174 0.190 0.205 0.229 0.231 0.208 0.216 0.162 0.184 0.195 0.164 0.215 0.207 0.203 0.231 0.206 0.186 0.152 0.176 0.186 0.162 0.156 0.000 
0.347 0.166 0.108 0.218 0.169 0.197 0.169 0.192 0.162 0.160 0.208 0.150 0.165 0.200 0.181 0.193 0.146 0.182 0.176 0.177 0.205 0.190 0.175 0.202 0.142 0.179 0.160 0.191 0.176 0.155 0.184 0.198 0.179 0.145 0.138 0.161 0.153 0.140 0.159 0.184 0.169 0.158 0.165 0.137 0.207 0.108 0.187 0.155 0.137 0.141 0.117 0.149 0.134 0.087 0.150 0.148 0.160 0.155 0.142 0.137 
0.162 0.138 0.138 0.117 0.145 0.115 0.137 0.146 0.534 0.518 0.546 0.230 0.140 0.164 0.158 0.493 0.525 0.537 0.297 0.109 0.142 0.131 0.305 0.559 0.491 0.547 0.152 0.130 0.159 0.116 0.451 0.555 0.536 0.344 0.134 0.172 0.161 0.161 0.159 0.132 0.122 0.160 0.122 0.111 0.116 0.111 0.149 0.097 0.121 0.118 0.121 0.134 0.119 0.129 0.105 0.136 0.147 0.137 0.160 0.165 
0.586 0.416 0.408 0.423 0.416 0.428 0.589 0.616 0.623 0.596 0.625 0.585 0.615 0.573 0.562 0.613 0.594 0.615 0.647 0.685 0.447 0.432 0.370 0.402 0.416 0.490 0.607 0.626 0.600 0.658 0.602 0.619 0.599 0.615 0.593 0.601 0.607 0.627 0.621 0.618 0.649 0.245 0.209 0.364 0.444 0.463 0.486 0.524 0.538 0.579 0.552 0.525 0.523 0.326 0.089 0.121 0.091 0.131 0.114 0.086 
0.134 0.089 0.277 0.642 0.564 0.853 0.146 0.389 0.648 0.697 0.745 0.823 0.880 0.965 0.915 0.810 0.960 0.975 0.978 0.930 0.904 0.911 0.891 0.867 0.813 0.693 0.717 0.743 0.729 0.555 0.599 0.218 0.448 0.607 0.552 0.589 0.786 0.697 0.470 0.483 0.811 0.807 0.562 0.327 0.726 0.133 0.548 0.690 0.685 0.680 0.679 0.510 0.377 0.836 0.308 0.134 0.145 0.115 0.119 0.568 
0.628 0.470 0.561 0.599 0.586 0.515 0.559 0.609 0.351 0.106 0.142 0.108 0.392 0.563 0.635 0.631 0.652 0.659 0.630 0.638 0.640 0.639 0.648 0.640 0.639 0.645 0.640 0.652 0.638 0.637 0.618 0.634 0.623 0.643 0.645 0.647 0.645 0.638 0.636 0.137 0.113 0.143 0.272 0.600 0.629 0.621 0.649 0.660 0.652 0.650 0.638 0.650 0.639 0.644 0.639 0.645 0.636 0.630 0.631 0.655 
0.634 0.619 0.646 0.668 0.671 0.656 0.652 0.656 0.647 0.661 0.659 0.667 0.665 0.634 0.663 0.651 0.660 0.647 0.678 0.648 0.684 0.654 0.673 0.656 0.673 0.676 0.673 0.657 0.675 0.660 0.667 0.656 0.661 0.667 0.675 0.667 0.670 0.675 0.670 0.671 0.658 0.678 0.654 0.675 0.696 0.676 0.678 0.690 0.712 0.737 0.685 0.616 0.152 0.148 0.149 0.142 0.194 0.176 0.186 0.154 
0.223 0.166 0.192 0.189 0.229 0.212 0.202 0.237 0.210 0.221 0.236 0.209 0.242 0.245 0.206 0.221 0.189 0.222 0.228 0.236 0.230 0.198 0.187 0.194 0.220 0.227 0.220 0.258 0.222 0.205 0.200 0.202 0.175 0.213 0.222 0.196 0.200 0.150 0.203 0.224 0.240 0.226 0.239 0.246 0.202 0.240 0.252 0.275 0.289 0.245 0.233 0.217 0.222 0.204 0.226 0.260 0.242 0.240 0.272 0.233 
