0.076 0.085 0.057 0.098 0.083 0.082 0.101 0.057 0.099 0.086 0.101 0.056 0.098 0.082 0.064 0.099 0.088 0.056 0.085 0.075 0.089 0.077 0.059 0.084 0.096 0.085 0.080 0.060 0.080 0.091 0.076 0.077 0.090 0.087 0.054 0.074 0.079 0.090 0.078 0.084 0.062 0.075 0.084 0.074 0.104 0.064 0.083 0.080 0.070 0.076 0.076 0.079 0.048 0.065 0.095 0.068 0.075 0.049 0.069 0.071 
0.067 0.080 0.072 0.088 0.080 0.058 0.085 0.075 0.089 0.079 0.079 0.082 0.038 0.049 0.089 0.092 0.082 0.049 0.073 0.081 0.069 0.081 0.084 0.048 0.102 0.083 0.081 0.079 0.082 0.042 0.086 0.078 0.062 0.055 0.076 0.081 0.052 0.084 0.089 0.080 0.081 0.040 0.075 0.083 0.096 0.086 0.088 0.056 0.072 0.080 0.090 0.079 0.084 0.056 0.082 0.050 0.072 0.084 0.070 0.074 
0.076 0.068 0.085 0.055 0.095 0.080 0.083 0.091 0.077 0.075 0.084 0.086 0.058 0.076 0.043 0.057 0.084 0.046 0.085 0.080 0.086 0.085 0.045 0.080 0.077 0.087 0.070 0.089 0.077 0.075 0.047 0.041 0.081 0.080 0.082 0.094 0.103 0.084 0.052 0.087 0.086 0.081 0.076 0.072 0.088 0.061 0.079 0.086 0.040 0.068 0.065 0.068 0.080 0.075 0.085 0.062 0.071 0.075 0.062 0.074 
0.043 0.068 0.076 0.088 0.077 0.095 0.044 0.082 0.082 0.075 0.082 0.081 0.077 0.081 0.054 0.088 0.088 0.082 0.070 0.072 0.046 0.078 0.081 0.077 0.046 0.072 0.069 0.074 0.075 0.056 0.057 0.076 0.071 0.058 0.085 0.062 0.089 0.081 0.086 0.074 0.060 0.085 0.076 0.071 0.080 0.099 0.053 0.085 0.042 0.078 0.082 0.081 0.076 0.072 0.058 0.074 0.081 0.073 0.068 0.076 
0.065 0.078 0.040 0.087 0.082 0.078 0.080 0.085 0.054 0.061 0.107 0.078 0.052 0.081 0.089 0.095 0.086 0.046 0.088 0.071 0.087 0.089 0.078 0.045 0.083 0.082 0.075 0.070 0.055 0.072 0.073 0.086 0.045 0.084 0.076 0.060 0.080 0.082 0.089 0.090 0.088 0.082 0.062 0.085 0.077 0.112 0.078 0.061 0.058 0.045 0.077 0.073 0.088 0.082 0.072 0.076 0.074 0.046 0.071 0.073 
0.071 0.070 0.047 0.085 0.074 0.080 0.073 0.062 0.058 0.088 0.048 0.079 0.076 0.092 0.052 0.102 0.112 0.059 0.072 0.097 0.066 0.046 0.087 0.068 0.084 0.070 0.041 0.087 0.073 0.075 0.038 0.081 0.075 0.073 0.080 0.096 0.087 0.085 0.055 0.071 0.086 0.092 0.047 0.052 0.052 0.106 0.099 0.053 0.086 0.073 0.074 0.071 0.050 0.072 0.080 0.083 0.077 0.082 0.076 0.071 
0.048 0.073 0.085 0.053 0.076 0.090 0.079 0.056 0.091 0.072 0.097 0.060 0.091 0.085 0.090 0.059 0.093 0.097 0.079 0.082 0.082 0.079 0.054 0.046 0.090 0.080 0.081 0.097 0.075 0.115 0.082 0.061 0.040 0.087 0.050 0.080 0.107 0.082 0.082 0.078 0.075 0.077 0.074 0.079 0.091 0.089 0.084 0.048 0.069 0.082 0.075 0.080 0.048 0.076 0.086 0.076 0.068 0.079 0.080 0.073 
0.072 0.073 0.095 0.083 0.090 0.077 0.079 0.075 0.092 0.050 0.088 0.078 0.083 0.044 0.080 0.095 0.090 0.052 0.059 0.067 0.078 0.074 0.053 0.075 0.084 0.074 0.077 0.082 0.043 0.077 0.075 0.077 0.079 0.073 0.098 0.066 0.077 0.088 0.069 0.071 0.051 0.079 0.075 0.125 0.106 0.047 0.086 0.087 0.080 0.089 0.045 0.080 0.076 0.075 0.070 0.073 0.053 0.051 0.083 0.073 
0.078 0.073 0.039 0.080 0.077 0.090 0.079 0.042 0.082 0.083 0.092 0.085 0.071 0.049 0.078 0.090 0.090 0.066 0.053 0.081 0.073 0.080 0.056 0.083 0.089 0.083 0.046 0.092 0.094 0.094 0.088 0.077 0.045 0.083 0.090 0.063 0.083 0.090 0.036 0.090 0.078 0.085 0.087 0.069 0.078 0.054 0.088 0.091 0.086 0.096 0.048 0.082 0.070 0.078 0.060 0.039 0.072 0.072 0.076 0.077 
0.062 0.048 0.072 0.089 0.064 0.117 0.081 0.080 0.080 0.048 0.080 0.073 0.067 0.074 0.042 0.086 0.058 0.076 0.079 0.074 0.080 0.049 0.080 0.076 0.068 0.085 0.046 0.254 0.132 0.134 0.137 0.112 0.119 0.147 0.134 0.119 0.138 0.138 0.128 0.147 0.106 0.143 0.111 0.140 0.161 0.146 0.153 0.173 0.121 0.158 0.123 0.132 0.158 0.177 0.147 0.119 0.128 0.128 0.128 0.118 
0.148 0.094 0.139 0.138 0.124 0.136 0.131 0.114 0.124 0.153 0.144 0.136 0.110 0.143 0.148 0.138 0.151 0.155 0.129 0.132 0.139 0.114 0.120 0.102 0.138 0.180 0.140 0.171 0.090 0.120 0.130 0.115 0.137 0.131 0.167 0.194 0.123 0.158 0.179 0.134 0.116 0.144 0.142 0.140 0.133 0.176 0.138 0.177 0.144 0.145 0.119 0.138 0.157 0.123 0.149 0.148 0.137 0.123 0.122 0.156 
0.147 0.142 0.149 0.132 0.132 0.143 0.173 0.154 0.155 0.144 0.126 0.135 0.160 0.150 0.135 0.163 0.178 0.182 0.152 0.106 0.139 0.134 0.159 0.130 0.169 0.098 0.137 0.139 0.119 0.122 0.123 0.142 0.306 0.116 0.134 0.171 0.139 0.169 0.113 0.141 0.152 0.137 0.133 0.127 0.126 0.153 0.144 0.123 0.144 0.136 0.137 0.138 0.096 0.140 0.125 0.141 0.123 0.140 0.131 0.129 
0.110 0.121 0.099 0.158 0.129 0.140 0.138 0.137 0.118 0.115 0.159 0.129 0.113 0.134 0.119 0.146 0.150 0.135 0.147 0.121 0.146 0.095 0.119 0.132 0.153 0.129 0.129 0.116 0.134 0.126 0.090 0.127 0.136 0.158 0.142 0.141 0.135 0.143 0.113 0.148 0.133 0.133 0.142 0.129 0.133 0.102 0.133 0.127 0.149 0.142 0.157 0.133 0.166 0.105 0.186 0.127 0.157 0.140 0.140 0.099 
0.119 0.133 0.155 0.142 0.135 0.150 0.111 0.160 0.153 0.136 0.136 0.154 0.123 0.128 0.179 0.146 0.133 0.157 0.156 0.132 0.133 0.144 0.129 0.120 0.134 0.110 0.089 0.128 0.153 0.115 0.117 0.144 0.125 0.140 0.102 0.155 0.133 0.151 0.152 0.110 0.155 0.130 0.154 0.138 0.122 0.149 0.128 0.143 0.121 0.108 0.128 0.115 0.129 0.145 0.133 0.116 0.076 0.114 0.128 0.117 
0.108 0.111 0.114 0.110 0.125 0.099 0.130 0.168 0.140 0.163 0.114 0.137 0.140 0.147 0.124 0.144 0.132 0.117 0.126 0.148 0.118 0.125 0.120 0.126 0.119 0.000 0.103 0.108 0.113 0.111 0.124 0.171 0.130 0.073 0.102 0.149 0.121 0.128 0.139 0.136 0.110 0.117 0.082 0.090 0.104 0.126 0.122 0.128 0.117 0.092 0.108 0.115 0.112 0.108 0.125 0.111 0.112 0.115 0.080 0.102 
0.093 0.101 0.093 0.077 0.076 0.090 0.098 0.101 0.120 0.092 0.111 0.137 0.106 0.118 0.121 0.118 0.122 0.106 0.098 0.082 0.102 0.093 0.101 0.099 0.074 0.063 0.121 0.093 0.091 0.095 0.095 0.086 0.067 0.079 0.108 0.086 0.083 0.082 0.107 0.089 0.101 0.090 0.050 0.090 0.093 0.080 0.045 0.089 0.076 0.089 0.084 0.075 0.082 0.070 0.080 0.078 0.075 0.089 0.075 0.083 
0.081 0.067 0.044 0.083 0.077 0.081 0.075 0.127 0.090 0.069 0.095 0.086 0.078 0.077 0.090 0.089 0.076 0.077 0.077 0.077 0.089 0.066 0.050 0.075 0.079 0.078 0.705 0.679 0.698 0.599 0.736 0.746 0.564 0.458 0.439 0.436 0.417 0.721 0.632 0.646 0.645 0.637 0.764 0.484 0.076 0.036 0.073 0.065 0.073 0.072 0.058 0.055 0.034 0.072 0.069 0.067 0.070 0.067 0.082 0.072 
0.062 0.037 0.067 0.070 0.069 0.062 0.070 0.064 0.070 0.069 0.067 0.079 0.051 0.079 0.082 0.071 0.074 0.044 0.069 0.074 0.070 0.078 0.076 0.087 0.105 0.071 0.085 0.073 0.080 0.083 0.072 0.086 0.080 0.052 0.052 0.073 0.080 0.089 0.089 0.100 0.079 0.078 0.066 0.049 0.045 0.033 0.056 0.099 0.608 0.445 0.263 0.064 0.070 0.072 0.066 0.078 0.084 0.079 0.092 0.074 
0.080 0.096 0.075 0.082 0.088 0.075 0.072 0.066 0.069 0.032 0.076 0.084 0.081 0.046 0.073 0.052 0.088 0.068 0.078 0.067 0.072 0.069 0.064 0.069 0.064 0.127 0.125 0.129 0.142 0.087 0.177 0.140 0.133 0.135 0.092 0.115 0.108 0.141 0.150 0.153 0.169 0.177 0.160 0.109 0.146 0.139 0.158 0.138 0.141 0.140 0.139 0.105 0.122 0.142 0.184 0.158 0.142 0.135 0.143 0.142 
0.116 0.132 0.136 0.118 0.135 0.165 0.160 0.135 0.174 0.158 0.125 0.111 0.110 0.134 0.142 0.127 0.150 0.134 0.124 0.141 0.133 0.150 0.117 0.123 0.135 0.132 0.153 0.138 0.126 0.125 0.141 0.107 0.124 0.130 0.097 0.140 0.139 0.139 0.133 0.136 0.152 0.140 0.162 0.165 0.159 0.173 0.136 0.147 0.137 0.132 0.133 0.107 0.092 0.124 0.128 0.119 0.126 0.130 0.139 0.119 
0.114 0.108 0.146 0.134 0.138 0.149 0.149 0.154 0.108 0.134 0.122 0.122 0.116 0.131 0.158 0.129 0.121 0.134 0.128 0.117 0.118 0.121 0.113 0.127 0.000 0.130 0.113 0.097 0.143 0.144 0.153 0.097 0.062 0.115 0.113 0.110 0.118 0.120 0.117 0.099 0.124 0.132 0.094 0.124 0.128 0.123 0.120 0.119 0.150 0.070 0.071 0.064 0.084 0.085 0.082 0.073 0.038 0.075 0.072 0.065 
0.068 0.072 0.070 0.073 0.066 0.066 0.067 0.072 0.066 0.077 0.041 0.056 0.043 0.064 0.065 0.070 0.063 0.066 0.065 0.068 0.067 0.062 0.073 0.065 0.071 0.068 0.067 0.068 0.067 0.032 0.074 0.068 0.072 0.065 0.042 0.049 0.058 0.070 0.063 0.069 0.070 0.065 0.080 0.091 0.098 0.031 0.080 0.064 0.072 0.076 0.068 0.059 0.063 0.065 0.066 0.058 0.047 0.062 0.070 0.059 
0.065 0.067 0.058 0.068 0.065 0.068 0.066 0.054 0.063 0.062 0.057 0.065 0.059 0.032 0.065 0.065 0.068 0.062 0.047 0.053 0.062 0.079 0.067 0.076 0.068 0.605 0.404 0.334 0.311 0.328 0.343 0.658 0.622 0.640 0.558 0.632 0.789 0.605 0.501 0.386 0.367 0.387 0.553 0.610 0.654 0.606 0.599 0.717 0.623 0.067 0.064 0.056 0.065 0.030 0.066 0.062 0.059 0.056 0.030 0.064 
0.062 0.059 0.087 0.058 0.061 0.063 0.061 0.064 0.059 0.032 0.065 0.057 0.066 0.062 0.067 0.069 0.061 0.070 0.062 0.067 0.041 0.054 0.066 0.059 0.065 0.061 0.065 0.065 0.059 0.065 0.059 0.031 0.064 0.055 0.067 0.059 0.069 0.070 0.061 0.032 0.058 0.056 0.039 0.057 0.038 0.081 0.386 0.465 0.338 0.070 0.032 0.039 0.027 0.035 0.027 0.040 0.066 0.025 0.070 0.063 
