0.225 0.162 0.133 0.171 0.135 0.136 0.194 0.154 0.139 0.168 0.189 0.177 0.149 0.168 0.179 0.202 0.181 0.135 0.143 0.205 0.166 0.191 0.160 0.132 0.132 0.155 0.148 0.173 0.156 0.119 0.198 0.185 0.156 0.136 0.152 0.176 0.154 0.141 0.164 0.183 0.183 0.156 0.134 0.239 0.194 0.175 0.140 0.172 0.160 0.143 0.129 0.156 0.162 0.162 0.177 0.155 0.128 0.148 0.145 0.133 
0.134 0.152 0.147 0.162 0.154 0.132 0.175 0.177 0.189 0.163 0.169 0.172 0.160 0.126 0.192 0.174 0.182 0.149 0.145 0.167 0.132 0.159 0.141 0.144 0.128 0.166 0.166 0.123 0.158 0.166 0.128 0.133 0.177 0.163 0.145 0.160 0.176 0.165 0.146 0.153 0.151 0.163 0.142 0.179 0.167 0.153 0.192 0.184 0.161 0.150 0.167 0.184 0.129 0.169 0.185 0.124 0.157 0.148 0.168 0.157 
0.155 0.160 0.237 0.153 0.171 0.154 0.160 0.145 0.161 0.170 0.160 0.159 0.146 0.169 0.125 0.184 0.168 0.163 0.144 0.156 0.128 0.176 0.132 0.154 0.155 0.189 0.139 0.168 0.162 0.126 0.171 0.178 0.155 0.172 0.139 0.172 0.173 0.156 0.164 0.146 0.150 0.177 0.154 0.162 0.147 0.193 0.212 0.141 0.131 0.120 0.148 0.154 0.161 0.145 0.176 0.145 0.157 0.178 0.161 0.159 
0.170 0.187 0.183 0.203 0.174 0.131 0.176 0.169 0.151 0.135 0.156 0.149 0.164 0.159 0.182 0.140 0.150 0.125 0.173 0.151 0.167 0.144 0.165 0.165 0.153 0.113 0.151 0.186 0.149 0.163 0.139 0.143 0.166 0.150 0.135 0.137 0.146 0.174 0.151 0.170 0.137 0.157 0.148 0.179 0.161 0.178 0.185 0.156 0.137 0.152 0.120 0.126 0.178 0.136 0.160 0.145 0.138 0.153 0.182 0.114 
0.177 0.144 0.157 0.142 0.197 0.146 0.171 0.144 0.128 0.131 0.157 0.145 0.144 0.157 0.181 0.154 0.168 0.153 0.121 0.144 0.152 0.157 0.140 0.136 0.119 0.177 0.130 0.137 0.153 0.142 0.139 0.094 0.136 0.152 0.098 0.142 0.151 0.154 0.149 0.126 0.148 0.135 0.109 0.118 0.142 0.158 0.130 0.157 0.114 0.118 0.142 0.160 0.158 0.135 0.162 0.138 0.152 0.143 0.139 0.145 
0.125 0.116 0.271 0.147 0.124 0.159 0.145 0.162 0.167 0.130 0.151 0.135 0.162 0.153 0.138 0.162 0.164 0.161 0.126 0.124 0.104 0.154 0.134 0.132 0.115 0.120 0.124 0.126 0.143 0.129 0.131 0.130 0.124 0.135 0.131 0.135 0.145 0.146 0.165 0.149 0.132 0.126 0.126 0.142 0.135 0.179 0.182 0.148 0.127 0.165 0.140 0.134 0.134 0.082 0.146 0.143 0.124 0.128 0.136 0.129 
0.133 0.105 0.128 0.141 0.102 0.149 0.142 0.180 0.157 0.141 0.150 0.163 0.105 0.164 0.164 0.150 0.157 0.085 0.124 0.131 0.112 0.129 0.141 0.134 0.128 0.102 0.126 0.128 0.137 0.124 0.142 0.153 0.100 0.154 0.121 0.144 0.148 0.157 0.172 0.114 0.122 0.168 0.145 0.150 0.142 0.150 0.154 0.103 0.120 0.137 0.142 0.168 0.135 0.132 0.135 0.142 0.129 0.126 0.120 0.121 
0.139 0.127 0.152 0.114 0.127 0.136 0.144 0.142 0.144 0.147 0.113 0.159 0.176 0.139 0.153 0.143 0.129 0.134 0.140 0.141 0.144 0.160 0.153 0.123 0.097 0.119 0.125 0.132 0.154 0.172 0.101 0.129 0.126 0.129 0.109 0.122 0.126 0.121 0.118 0.133 0.105 0.141 0.144 0.148 0.118 0.151 0.133 0.119 0.138 0.117 0.128 0.111 0.112 0.103 0.124 0.000 0.144 0.124 0.107 0.111 
0.109 0.345 0.330 0.111 0.115 0.149 0.136 0.150 0.132 0.143 0.123 0.126 0.135 0.124 0.137 0.133 0.089 0.084 0.110 0.094 0.107 0.116 0.120 0.140 0.122 0.114 0.115 0.108 0.170 0.115 0.112 0.096 0.094 0.091 0.095 0.098 0.098 0.108 0.092 0.084 0.079 0.086 0.087 0.086 0.083 0.088 0.086 0.092 0.099 0.092 0.095 0.089 0.098 0.104 0.064 0.097 0.103 0.098 0.107 0.087 
0.078 0.094 0.101 0.081 0.072 0.084 0.077 0.059 0.098 0.088 0.100 0.101 0.082 0.083 0.095 0.077 0.083 0.082 0.079 0.095 0.091 0.069 0.067 0.091 0.103 0.061 0.074 0.095 0.096 0.085 0.100 0.099 0.100 0.094 0.061 0.085 0.088 0.093 0.082 0.085 0.087 0.084 0.069 0.060 0.082 0.076 0.096 0.084 0.078 0.081 0.080 0.096 0.081 0.084 0.081 0.072 0.664 0.411 0.369 0.373 
0.365 0.379 0.382 0.392 0.672 0.647 0.657 0.648 0.614 0.597 0.584 0.625 0.680 0.772 0.755 0.590 0.556 0.470 0.420 0.427 0.413 0.702 0.677 0.682 0.609 0.656 0.636 0.643 0.640 0.652 0.738 0.558 0.070 0.077 0.036 0.078 0.076 0.075 0.080 0.067 0.075 0.076 0.054 0.066 0.073 0.096 0.112 0.097 0.086 0.076 0.083 0.077 0.064 0.078 0.068 0.072 0.075 0.077 0.074 0.067 
0.044 0.074 0.081 0.075 0.072 0.053 0.083 0.067 0.045 0.049 0.048 0.040 0.079 0.070 0.077 0.076 0.092 0.077 0.042 0.387 0.528 0.381 0.118 0.066 0.064 0.038 0.047 0.108 0.083 0.056 0.075 0.075 0.040 0.037 0.040 0.038 0.078 0.065 0.040 0.069 0.070 0.079 0.083 0.078 0.083 0.075 0.082 0.080 0.078 0.079 0.071 0.077 0.076 0.085 0.061 0.071 0.083 0.076 0.070 0.071 
0.078 0.076 0.077 0.074 0.071 0.067 0.062 0.067 0.067 0.065 0.072 0.068 0.070 0.071 0.071 0.070 0.078 0.059 0.047 0.069 0.075 0.084 0.084 0.079 0.071 0.081 0.103 0.091 0.098 0.087 0.078 0.082 0.069 0.067 0.063 0.076 0.077 0.072 0.080 0.077 0.087 0.042 0.051 0.082 0.057 0.090 0.049 0.076 0.041 0.043 0.065 0.082 0.075 0.080 0.079 0.041 0.081 0.061 0.073 0.044 
0.052 0.076 0.080 0.038 0.080 0.044 0.090 0.057 0.061 0.090 0.041 0.091 0.041 0.047 0.039 0.084 0.071 0.084 0.054 0.057 0.067 0.093 0.075 0.061 0.089 0.067 0.062 0.065 0.068 0.073 0.068 0.068 0.098 0.089 0.058 0.064 0.065 0.089 0.109 0.084 0.093 0.102 0.098 0.065 0.090 0.088 0.091 0.113 0.100 0.118 0.080 0.112 0.083 0.131 0.099 0.098 0.096 0.117 0.079 0.074 
0.076 0.128 0.117 0.299 0.129 0.107 0.120 0.146 0.139 0.132 0.117 0.128 0.081 0.125 0.136 0.128 0.140 0.126 0.131 0.136 0.122 0.130 0.138 0.136 0.138 0.126 0.134 0.162 0.145 0.130 0.145 0.140 0.124 0.138 0.142 0.165 0.165 0.153 0.152 0.148 0.167 0.172 0.145 0.161 0.131 0.212 0.164 0.169 0.123 0.150 0.137 0.144 0.163 0.143 0.189 0.153 0.162 0.185 0.168 0.172 
0.162 0.183 0.144 0.161 0.161 0.155 0.176 0.178 0.172 0.139 0.197 0.164 0.184 0.163 0.194 0.174 0.167 0.172 0.176 0.197 0.133 0.135 0.159 0.196 0.225 0.163 0.171 0.172 0.159 0.131 0.184 0.185 0.181 0.145 0.170 0.160 0.146 0.174 0.157 0.142 0.171 0.163 0.170 0.169 0.151 0.155 0.136 0.158 0.166 0.174 0.160 0.173 0.118 0.185 0.195 0.164 0.148 0.152 0.165 0.172 
0.160 0.197 0.151 0.134 0.169 0.186 0.169 0.151 0.153 0.195 0.162 0.154 0.172 0.167 0.174 0.150 0.175 0.188 0.152 0.139 0.177 0.195 0.174 0.163 0.139 0.157 0.168 0.185 0.168 0.173 0.200 0.155 0.179 0.138 0.158 0.176 0.202 0.168 0.140 0.172 0.189 0.169 0.143 0.164 0.175 0.191 0.165 0.168 0.133 0.134 0.155 0.154 0.164 0.175 0.142 0.172 0.163 0.198 0.163 0.158 
0.164 0.198 0.143 0.164 0.158 0.178 0.162 0.197 0.168 0.152 0.183 0.166 0.200 0.195 0.190 0.265 0.177 0.173 0.146 0.168 0.169 0.184 0.160 0.179 0.213 0.153 0.153 0.180 0.166 0.174 0.172 0.150 0.161 0.159 0.155 0.183 0.186 0.205 0.161 0.181 0.158 0.174 0.173 0.204 0.134 0.208 0.165 0.207 0.253 0.297 0.319 0.227 0.256 0.234 0.167 0.135 0.128 0.169 0.191 0.163 
0.167 0.150 0.166 0.143 0.184 0.169 0.203 0.142 0.185 0.166 0.132 0.144 0.182 0.130 0.195 0.183 0.153 0.163 0.160 0.163 0.171 0.138 0.161 0.143 0.167 0.148 0.153 0.154 0.165 0.170 0.155 0.160 0.156 0.124 0.145 0.161 0.163 0.151 0.194 0.180 0.167 0.159 0.210 0.160 0.131 0.168 0.142 0.151 0.186 0.148 0.135 0.144 0.171 0.172 0.190 0.186 0.146 0.166 0.164 0.165 
0.194 0.225 0.134 0.164 0.164 0.146 0.151 0.198 0.183 0.193 0.149 0.140 0.176 0.195 0.192 0.136 0.198 0.131 0.168 0.121 0.130 0.158 0.135 0.160 0.176 0.169 0.138 0.185 0.162 0.135 0.214 0.172 0.174 0.156 0.194 0.178 0.176 0.176 0.192 0.189 0.166 0.227 0.168 0.152 0.185 0.194 0.167 0.139 0.182 0.207 0.142 0.190 0.147 0.183 0.173 0.160 0.177 0.155 0.160 0.178 
0.165 0.162 0.148 0.151 0.172 0.198 0.166 0.144 0.167 0.159 0.199 0.187 0.156 0.174 0.192 0.127 0.150 0.147 0.151 0.153 0.166 0.193 0.155 0.173 0.170 0.170 0.173 0.189 0.120 0.170 0.155 0.150 0.130 0.150 0.185 0.173 0.201 0.132 0.173 0.200 0.171 0.169 0.174 0.191 0.149 0.185 0.183 0.149 0.178 0.135 0.143 0.183 0.179 0.144 0.140 0.129 0.158 0.164 0.171 0.199 
0.188 0.154 0.155 0.147 0.168 0.159 0.168 0.189 0.191 0.168 0.166 0.173 0.175 0.175 0.158 0.172 0.160 0.134 0.129 0.158 0.176 0.183 0.169 0.184 0.183 0.135 0.155 0.171 0.148 0.162 0.151 0.153 0.143 0.159 0.129 0.193 0.182 0.157 0.191 0.177 0.126 0.158 0.168 0.162 0.165 0.192 0.178 0.177 0.138 0.150 0.142 0.136 0.161 0.199 0.160 0.168 0.232 0.179 0.178 0.169 
0.203 0.157 0.180 0.127 0.165 0.189 0.184 0.137 0.175 0.175 0.166 0.166 0.137 0.202 0.191 0.172 0.171 0.168 0.130 0.156 0.161 0.154 0.140 0.176 0.161 0.162 0.166 0.171 0.147 0.161 0.169 0.155 0.156 0.120 0.173 0.179 0.193 0.188 0.191 0.208 0.146 0.159 0.175 0.187 0.114 0.165 0.176 0.186 0.197 0.161 0.151 0.183 0.185 0.204 0.148 0.153 0.165 0.170 0.132 0.190 
0.171 0.152 0.139 0.149 0.176 0.164 0.189 0.180 0.159 0.185 0.161 0.151 0.170 0.159 0.236 0.295 0.252 0.254 0.283 0.282 0.278 0.241 0.249 0.275 0.249 0.223 0.181 0.269 0.204 0.186 0.221 0.184 0.302 0.307 0.286 0.271 0.292 0.295 0.220 0.264 0.265 0.212 0.229 0.206 0.203 0.168 0.186 0.174 0.182 0.145 0.178 0.186 0.140 0.192 0.163 0.166 0.157 0.170 0.176 0.195 
