0.172 0.130 0.133 0.154 0.139 0.160 0.205 0.178 0.186 0.101 0.105 0.147 0.139 0.129 0.143 0.129 0.147 0.131 0.104 0.076 0.089 0.081 0.086 0.070 0.081 0.044 0.077 0.083 0.076 0.053 0.089 0.057 0.088 0.082 0.085 0.083 0.045 0.114 0.074 0.081 0.044 0.087 0.076 0.090 0.079 0.081 0.053 0.059 0.104 0.087 0.070 0.080 0.037 0.079 0.082 0.068 0.076 0.078 0.086 0.043 
0.084 0.077 0.077 0.084 0.082 0.056 0.077 0.061 0.082 0.081 0.082 0.085 0.045 0.083 0.069 0.083 0.071 0.082 0.095 0.063 0.076 0.080 0.079 0.069 0.059 0.086 0.072 0.055 0.077 0.083 0.081 0.091 0.045 0.110 0.093 0.079 0.091 0.088 0.046 0.081 0.072 0.074 0.075 0.083 0.067 0.083 0.067 0.060 0.074 0.083 0.074 0.075 0.071 0.036 0.078 0.080 0.079 0.076 0.085 0.079 
0.038 0.079 0.086 0.072 0.076 0.070 0.089 0.061 0.041 0.072 0.076 0.073 0.070 0.073 0.079 0.079 0.000 0.089 0.077 0.065 0.074 0.065 0.111 0.081 0.038 0.069 0.056 0.072 0.070 0.083 0.082 0.077 0.075 0.034 0.074 0.074 0.070 0.079 0.079 0.076 0.064 0.074 0.073 0.077 0.081 0.037 0.084 0.053 0.067 0.076 0.063 0.070 0.066 0.066 0.068 0.065 0.068 0.036 0.075 0.074 
0.064 0.068 0.064 0.073 0.068 0.072 0.065 0.061 0.069 0.055 0.046 0.068 0.036 0.070 0.064 0.071 0.068 0.079 0.075 0.063 0.073 0.068 0.064 0.076 0.035 0.072 0.072 0.062 0.075 0.065 0.075 0.032 0.078 0.068 0.070 0.062 0.068 0.033 0.064 0.069 0.070 0.059 0.064 0.063 0.068 0.068 0.062 0.068 0.062 0.068 0.068 0.070 0.076 0.034 0.039 0.075 0.061 0.066 0.060 0.071 
0.058 0.065 0.068 0.067 0.068 0.062 0.067 0.065 0.062 0.071 0.080 0.061 0.035 0.064 0.069 0.040 0.063 0.613 0.342 0.359 0.344 0.344 0.360 0.335 0.362 0.511 0.693 0.643 0.627 0.635 0.586 0.566 0.599 0.563 0.613 0.731 0.741 0.543 0.496 0.427 0.371 0.345 0.329 0.345 0.669 0.545 0.626 0.578 0.588 0.583 0.560 0.549 0.588 0.738 0.551 0.065 0.027 0.032 0.058 0.066 
0.067 0.058 0.068 0.033 0.069 0.066 0.061 0.066 0.059 0.067 0.062 0.027 0.065 0.059 0.067 0.059 0.036 0.072 0.058 0.031 0.061 0.062 0.063 0.058 0.065 0.062 0.066 0.060 0.067 0.068 0.062 0.066 0.061 0.067 0.070 0.029 0.032 0.041 0.033 0.064 0.100 0.569 0.473 0.323 0.066 0.076 0.091 0.062 0.063 0.031 0.066 0.067 0.060 0.065 0.059 0.065 0.040 0.031 0.076 0.066 
0.068 0.059 0.068 0.074 0.060 0.066 0.059 0.063 0.065 0.027 0.066 0.027 0.064 0.058 0.066 0.064 0.045 0.049 0.063 0.061 0.060 0.058 0.057 0.060 0.059 0.059 0.067 0.075 0.068 0.063 0.063 0.062 0.056 0.058 0.057 0.060 0.032 0.058 0.059 0.027 0.055 0.058 0.061 0.059 0.061 0.026 0.059 0.027 0.025 0.059 0.058 0.027 0.063 0.030 0.060 0.029 0.035 0.058 0.028 0.069 
0.028 0.031 0.039 0.068 0.036 0.060 0.065 0.029 0.032 0.056 0.033 0.067 0.058 0.065 0.034 0.038 0.067 0.039 0.025 0.033 0.059 0.064 0.059 0.068 0.029 0.067 0.025 0.068 0.034 0.043 0.060 0.072 0.028 0.040 0.069 0.030 0.039 0.031 0.070 0.062 0.064 0.035 0.035 0.036 0.079 0.032 0.072 0.034 0.038 0.067 0.039 0.031 0.068 0.039 0.042 0.054 0.028 0.071 0.032 0.090 
0.038 0.045 0.031 0.039 0.035 0.078 0.035 0.039 0.037 0.044 0.068 0.070 0.040 0.073 0.057 0.087 0.049 0.051 0.064 0.055 0.044 0.071 0.049 0.085 0.080 0.074 0.085 0.075 0.054 0.121 0.090 0.091 0.051 0.083 0.069 0.082 0.095 0.040 0.041 0.066 0.079 0.084 0.073 0.083 0.110 0.104 0.059 0.107 0.087 0.076 0.072 0.072 0.051 0.082 0.074 0.084 0.073 0.084 0.047 0.089 
0.097 0.071 0.077 0.076 0.046 0.085 0.088 0.085 0.084 0.083 0.044 0.089 0.084 0.079 0.138 0.060 0.083 0.060 0.104 0.100 0.089 0.060 0.081 0.096 0.094 0.050 0.104 0.105 0.063 0.083 0.090 0.081 0.098 0.053 0.062 0.117 0.086 0.061 0.092 0.081 0.090 0.045 0.093 0.089 0.107 0.071 0.089 0.085 0.077 0.053 0.083 0.098 0.069 0.073 0.100 0.063 0.095 0.094 0.049 0.090 
0.093 0.095 0.077 0.089 0.063 0.103 0.098 0.088 0.069 0.091 0.072 0.062 0.090 0.063 0.097 0.095 0.052 0.093 0.097 0.082 0.084 0.049 0.101 0.086 0.078 0.101 0.051 0.089 0.088 0.060 0.076 0.084 0.051 0.081 0.095 0.072 0.081 0.084 0.081 0.070 0.082 0.087 0.090 0.081 0.078 0.100 0.087 0.117 0.067 0.100 0.056 0.119 0.076 0.064 0.093 0.081 0.091 0.069 0.086 0.092 
0.096 0.096 0.055 0.082 0.075 0.087 0.081 0.080 0.064 0.091 0.096 0.055 0.087 0.090 0.103 0.081 0.084 0.102 0.085 0.053 0.090 0.090 0.092 0.057 0.099 0.080 0.085 0.088 0.056 0.098 0.103 0.054 0.079 0.088 0.097 0.089 0.069 0.079 0.083 0.090 0.048 0.090 0.057 0.096 0.099 0.066 0.107 0.056 0.105 0.090 0.099 0.075 0.091 0.085 0.080 0.083 0.086 0.093 0.099 0.106 
0.093 0.069 0.068 0.077 0.084 0.090 0.132 0.097 0.093 0.099 0.078 0.057 0.050 0.096 0.091 0.090 0.099 0.098 0.095 0.054 0.065 0.091 0.089 0.056 0.084 0.084 0.093 0.057 0.083 0.106 0.103 0.090 0.082 0.055 0.102 0.108 0.054 0.070 0.055 0.050 0.087 0.083 0.087 0.087 0.083 0.101 0.087 0.090 0.097 0.101 0.064 0.089 0.051 0.102 0.082 0.063 0.096 0.049 0.059 0.110 
0.106 0.051 0.093 0.084 0.102 0.070 0.089 0.067 0.074 0.087 0.083 0.083 0.060 0.051 0.099 0.055 0.076 0.093 0.051 0.059 0.126 0.078 0.089 0.097 0.080 0.044 0.085 0.091 0.068 0.108 0.103 0.100 0.098 0.087 0.061 0.095 0.098 0.095 0.092 0.086 0.053 0.090 0.046 0.090 0.100 0.104 0.084 0.090 0.065 0.091 0.054 0.099 0.082 0.052 0.051 0.086 0.083 0.097 0.092 0.093 
0.065 0.082 0.100 0.090 0.064 0.123 0.392 0.761 0.767 0.759 0.778 0.697 0.142 0.088 0.088 0.102 0.082 0.072 0.085 0.104 0.064 0.076 0.075 0.085 0.086 0.095 0.070 0.096 0.080 0.079 0.088 0.086 0.086 0.065 0.088 0.088 0.090 0.058 0.086 0.078 0.058 0.087 0.093 0.067 0.071 0.095 0.082 0.054 0.094 0.085 0.081 0.078 0.087 0.091 0.078 0.054 0.080 0.065 0.078 0.084 
0.095 0.085 0.092 0.091 0.092 0.057 0.101 0.084 0.044 0.085 0.054 0.087 0.119 0.077 0.104 0.141 0.118 0.096 0.093 0.086 0.119 0.110 0.119 0.088 0.123 0.085 0.081 0.113 0.121 0.108 0.063 0.083 0.045 0.054 0.095 0.070 0.084 0.079 0.083 0.078 0.080 0.088 0.088 0.058 0.088 0.082 0.080 0.061 0.087 0.081 0.095 0.060 0.082 0.059 0.092 0.093 0.078 0.102 0.048 0.072 
0.102 0.100 0.100 0.102 0.064 0.068 0.112 0.052 0.060 0.133 0.096 0.055 0.083 0.090 0.096 0.091 0.087 0.082 0.055 0.048 0.067 0.062 0.078 0.069 0.088 0.089 0.079 0.067 0.067 0.075 0.060 0.047 0.081 0.085 0.113 0.102 0.096 0.088 0.073 0.092 0.053 0.089 0.050 0.078 0.119 0.074 0.088 0.084 0.095 0.087 0.083 0.067 0.073 0.088 0.087 0.084 0.062 0.089 0.051 0.075 
0.089 0.055 0.102 0.082 0.093 0.075 0.117 0.097 0.092 0.088 0.091 0.051 0.086 0.076 0.095 0.071 0.054 0.095 0.089 0.086 0.072 0.084 0.082 0.058 0.068 0.082 0.098 0.060 0.089 0.103 0.101 0.088 0.082 0.064 0.059 0.116 0.097 0.078 0.084 0.047 0.084 0.086 0.102 0.095 0.099 0.072 0.090 0.089 0.076 0.081 0.094 0.071 0.084 0.084 0.086 0.054 0.082 0.086 0.105 0.074 
0.095 0.086 0.083 0.081 0.092 0.071 0.082 0.087 0.082 0.089 0.092 0.063 0.056 0.079 0.125 0.063 0.082 0.095 0.081 0.097 0.062 0.084 0.084 0.065 0.077 0.087 0.086 0.082 0.083 0.085 0.058 0.086 0.078 0.085 0.081 0.052 0.095 0.083 0.092 0.051 0.087 0.094 0.082 0.092 0.071 0.115 0.084 0.078 0.063 0.071 0.098 0.094 0.068 0.085 0.074 0.092 0.087 0.107 0.068 0.115 
0.101 0.048 0.085 0.085 0.098 0.073 0.063 0.098 0.082 0.081 0.096 0.048 0.096 0.087 0.074 0.086 0.098 0.105 0.054 0.088 0.088 0.100 0.117 0.059 0.056 0.078 0.103 0.092 0.057 0.094 0.083 0.100 0.090 0.073 0.093 0.097 0.096 0.062 0.097 0.086 0.073 0.069 0.064 0.081 0.099 0.095 0.096 0.068 0.088 0.090 0.086 0.057 0.108 0.073 0.083 0.088 0.097 0.062 0.096 0.059 
0.066 0.091 0.086 0.087 0.107 0.106 0.055 0.111 0.087 0.070 0.098 0.087 0.090 0.110 0.118 0.084 0.104 0.069 0.061 0.095 0.060 0.093 0.096 0.056 0.107 0.100 0.061 0.095 0.090 0.117 0.055 0.089 0.096 0.092 0.057 0.054 0.086 0.106 0.054 0.092 0.093 0.093 0.084 0.071 0.117 0.104 0.096 0.064 0.095 0.083 0.091 0.054 0.068 0.104 0.067 0.081 0.081 0.071 0.086 0.089 
0.098 0.071 0.088 0.083 0.097 0.088 0.059 0.105 0.069 0.050 0.044 0.082 0.082 0.066 0.116 0.099 0.053 0.088 0.093 0.055 0.089 0.100 0.062 0.095 0.092 0.065 0.096 0.051 0.066 0.091 0.089 0.067 0.090 0.092 0.081 0.057 0.088 0.111 0.062 0.092 0.093 0.091 0.087 0.087 0.054 0.074 0.058 0.090 0.086 0.057 0.094 0.096 0.063 0.085 0.092 0.092 0.083 0.078 0.060 0.093 
0.090 0.099 0.088 0.059 0.054 0.089 0.065 0.098 0.094 0.097 0.056 0.086 0.091 0.090 0.103 0.064 0.075 0.095 0.079 0.090 0.063 0.056 0.093 0.071 0.086 0.089 0.049 0.088 0.082 0.088 0.101 0.080 0.080 0.087 0.109 0.053 0.088 0.092 0.067 0.075 0.078 0.095 0.050 0.083 0.089 0.074 0.076 0.074 0.081 0.083 0.042 0.051 0.079 0.084 0.080 0.078 0.079 0.073 0.049 0.085 
0.053 0.079 0.043 0.082 0.078 0.093 0.091 0.056 0.104 0.082 0.081 0.039 0.079 0.085 0.087 0.084 0.052 0.058 0.074 0.087 0.078 0.059 0.239 0.089 0.083 0.087 0.086 0.063 0.077 0.080 0.099 0.175 0.091 0.081 0.140 0.144 0.170 0.161 0.086 0.056 0.072 0.081 0.072 0.270 0.129 0.145 0.133 0.139 0.146 0.143 0.106 0.140 0.159 0.136 0.135 0.104 0.153 0.138 0.162 0.145 
