0.269 0.149 0.235 0.232 0.143 0.239 0.176 0.171 0.217 0.240 0.244 0.182 0.233 0.340 0.188 0.252 0.204 0.198 0.245 0.196 0.212 0.155 0.229 0.209 0.210 0.270 0.228 0.289 0.327 0.228 0.283 0.226 0.187 0.169 0.237 0.296 0.290 0.306 0.245 0.218 0.277 0.229 0.205 0.193 0.248 0.213 0.258 0.234 0.310 0.193 0.272 0.199 0.262 0.196 0.191 0.224 0.153 0.249 0.286 0.584 
0.000 0.000 0.000 0.192 0.243 0.276 0.223 0.216 0.239 0.317 0.246 0.231 0.318 0.250 0.197 0.237 0.240 0.414 0.221 0.257 0.270 0.290 0.273 0.238 0.249 0.194 0.182 0.312 0.185 0.227 0.200 0.229 0.337 0.309 0.235 0.273 0.233 0.193 0.194 0.344 0.250 0.324 0.250 0.217 0.248 0.263 0.225 0.193 0.238 0.199 0.200 0.167 0.301 0.221 0.262 0.203 0.323 0.275 0.269 0.229 
0.219 0.228 0.217 0.268 0.253 0.285 0.293 0.237 0.334 0.260 0.262 0.240 0.223 0.258 0.254 0.242 0.298 0.256 0.357 0.291 0.316 0.243 0.253 0.252 0.218 0.209 0.274 0.325 0.277 0.295 0.276 0.233 0.297 0.368 0.235 0.304 0.191 0.315 0.349 0.235 0.276 0.201 0.325 0.263 0.191 0.222 0.376 0.385 0.241 0.281 0.251 0.278 0.275 0.265 0.242 0.207 0.187 0.244 0.280 0.255 
0.272 0.260 0.278 0.397 0.316 0.293 0.260 0.265 0.228 0.278 0.333 0.240 0.222 0.253 0.230 0.265 0.235 0.200 0.380 0.337 0.284 0.188 0.255 0.236 0.278 0.186 0.261 0.231 0.196 0.337 0.243 0.262 0.222 0.281 0.270 0.271 0.290 0.264 0.197 0.247 0.241 0.219 0.233 0.348 0.298 0.284 0.232 0.309 0.325 0.268 0.259 0.326 0.365 0.240 0.286 0.333 0.229 0.275 0.272 0.323 
0.697 0.000 0.000 0.000 0.000 0.314 0.271 0.233 0.262 0.246 0.261 0.250 0.282 0.305 0.323 0.279 0.333 0.216 0.271 0.255 0.325 0.300 0.286 0.302 0.254 0.226 0.272 0.278 0.229 0.306 0.336 0.346 0.239 0.314 0.212 0.221 0.252 0.271 0.278 0.317 0.215 0.360 0.223 0.356 0.415 0.263 0.367 0.277 0.330 0.357 0.252 0.356 0.231 0.234 0.254 0.261 0.313 0.285 0.286 0.307 
0.235 0.335 0.260 0.345 0.288 0.278 0.201 0.331 0.338 0.260 0.220 0.205 0.190 0.247 0.315 0.356 0.251 0.315 0.332 0.324 0.303 0.283 0.233 0.265 0.243 0.258 0.221 0.245 0.224 0.245 0.251 0.209 0.254 0.238 0.236 0.284 0.195 0.259 0.347 0.245 0.334 0.245 0.291 0.283 0.205 0.300 0.240 0.304 0.239 0.262 0.195 0.234 0.308 0.253 0.201 0.249 0.288 0.252 0.314 0.269 
0.244 0.271 0.390 0.328 0.258 0.321 0.344 0.236 0.253 0.252 0.247 0.211 0.217 0.241 0.220 0.269 0.222 0.264 0.332 0.324 0.195 0.284 0.238 0.360 0.226 0.249 0.266 0.266 0.361 0.273 0.249 0.280 0.199 0.327 0.270 0.278 0.202 0.199 0.407 0.275 0.401 0.205 0.247 0.285 0.291 0.184 0.205 0.176 0.309 0.249 0.229 0.319 0.236 0.290 0.251 0.261 0.205 0.258 0.462 0.260 
0.215 0.178 0.253 0.376 0.208 0.220 0.337 0.298 0.237 0.189 0.246 0.309 0.300 0.197 0.254 0.329 0.233 0.228 0.297 0.200 0.240 0.263 0.338 0.336 0.234 0.165 0.243 0.247 0.229 0.298 0.215 0.274 0.194 0.336 0.299 0.312 0.258 0.353 0.296 0.324 0.284 0.215 0.208 0.271 0.225 0.265 0.275 0.217 0.372 0.280 0.224 0.263 0.248 0.225 0.327 0.342 0.266 0.221 0.206 0.226 
0.313 0.249 0.236 0.232 0.283 0.245 0.258 0.286 0.256 0.376 0.202 0.171 0.250 0.209 0.341 0.381 0.269 0.268 0.287 0.321 0.253 0.298 0.357 0.302 0.253 0.338 0.332 0.237 0.248 0.286 0.219 0.208 0.197 0.261 0.363 0.186 0.176 0.297 0.212 0.250 0.280 0.261 0.195 0.339 0.354 0.326 0.185 0.276 0.238 0.275 0.190 0.232 0.271 0.306 0.335 0.233 0.229 0.169 0.181 0.221 
0.345 0.225 0.273 0.245 0.253 0.216 0.231 0.268 0.301 0.281 0.235 0.356 0.269 0.243 0.375 0.304 0.273 0.250 0.286 0.262 0.202 0.339 0.201 0.291 0.282 0.258 0.260 0.218 0.278 0.214 0.267 0.279 0.270 0.223 0.311 0.293 0.242 0.214 0.218 0.247 0.258 0.271 0.322 0.249 0.315 0.350 0.322 0.313 0.184 0.417 0.281 0.259 0.272 0.278 0.281 0.258 0.225 0.328 0.220 0.210 
0.249 0.255 0.303 0.233 0.314 0.265 0.292 0.267 0.244 0.245 0.347 0.244 0.277 0.286 0.271 0.206 0.321 0.187 0.183 0.306 0.258 0.281 0.195 0.223 0.285 0.337 0.293 0.320 0.277 0.322 0.276 0.250 0.233 0.283 0.194 0.270 0.252 0.264 0.214 0.243 0.308 0.269 0.262 0.312 0.335 0.289 0.260 0.288 0.276 0.299 0.286 0.220 0.242 0.204 0.246 0.252 0.299 0.197 0.277 0.263 
0.205 0.277 0.208 0.246 0.333 0.388 0.345 0.306 0.310 0.392 0.240 0.266 0.250 0.253 0.380 0.319 0.272 0.317 0.274 0.289 0.238 0.260 0.246 0.247 0.381 0.256 0.290 0.245 0.268 0.216 0.245 0.218 0.213 0.308 0.329 0.299 0.275 0.253 0.241 0.330 0.288 0.279 0.245 0.318 0.345 0.264 0.362 0.245 0.255 0.273 0.389 0.293 0.252 0.297 0.349 0.308 0.323 0.247 0.280 0.352 
0.255 0.330 0.375 0.276 0.222 0.212 0.340 0.332 0.299 0.346 0.291 0.285 0.254 0.302 0.323 0.334 0.273 0.322 0.272 0.286 0.255 0.283 0.237 0.278 0.395 0.269 0.200 0.188 0.274 0.265 0.249 0.242 0.254 0.247 0.260 0.305 0.243 0.229 0.198 0.213 0.336 0.258 0.197 0.322 0.339 0.287 0.271 0.267 0.363 0.355 0.236 0.216 0.243 0.243 0.221 0.215 0.197 0.278 0.287 0.343 
0.227 0.167 0.236 0.244 0.312 0.201 0.229 0.259 0.302 0.261 0.275 0.266 0.325 0.287 0.326 0.217 0.291 0.211 0.318 0.276 0.291 0.222 0.247 0.343 0.308 0.294 0.369 0.282 0.348 0.297 0.228 0.194 0.279 0.258 0.276 0.238 0.259 0.313 0.313 0.280 0.255 0.237 0.276 0.337 0.237 0.296 0.180 0.310 0.262 0.260 0.336 0.213 0.294 0.235 0.287 0.307 0.268 0.309 0.307 0.232 
0.304 0.252 0.344 0.184 0.266 0.326 0.296 0.372 0.176 0.246 0.373 0.316 0.271 0.236 0.236 0.261 0.270 0.293 0.256 0.162 0.226 0.313 0.230 0.198 0.301 0.293 0.318 0.359 0.253 0.228 0.315 0.259 0.301 0.275 0.322 0.274 0.195 0.248 0.266 0.274 0.300 0.327 0.349 0.277 0.263 0.176 0.244 0.271 0.298 0.312 0.323 0.264 0.262 0.316 0.249 0.261 0.340 0.297 0.220 0.246 
0.189 0.306 0.297 0.294 0.298 0.249 0.549 0.643 0.274 0.170 0.325 0.225 0.294 0.231 0.203 0.278 0.279 0.291 0.266 0.212 0.370 0.356 0.294 0.228 0.287 0.436 0.210 0.266 0.292 0.229 0.304 0.316 0.285 0.262 0.178 0.299 0.240 0.322 0.329 0.249 0.294 0.195 0.302 0.250 0.262 0.408 0.279 0.269 0.271 0.292 0.409 0.279 0.254 0.292 0.192 0.227 0.322 0.267 0.258 0.181 
0.348 0.319 0.253 0.194 0.303 0.281 0.274 0.170 0.244 0.314 0.237 0.248 0.279 0.245 0.263 0.280 0.195 0.296 0.226 0.250 0.221 0.270 0.286 0.387 0.228 0.246 0.300 0.216 0.286 0.243 0.263 0.213 0.254 0.303 0.338 0.348 0.310 0.386 0.224 0.221 0.352 0.263 0.297 0.245 0.323 0.371 0.204 0.253 0.244 0.230 0.296 0.233 0.320 0.278 0.370 0.310 0.265 0.422 0.226 0.259 
0.308 0.268 0.274 0.204 0.356 0.291 0.218 0.248 0.197 0.333 0.244 0.299 0.233 0.332 0.252 0.322 0.278 0.230 0.160 0.280 0.230 0.357 0.179 0.244 0.237 0.249 0.208 0.263 0.250 0.263 0.283 0.260 0.359 0.256 0.269 0.412 0.234 0.288 0.243 0.243 0.262 0.181 0.194 0.227 0.196 0.353 0.274 0.254 0.274 0.219 0.304 0.257 0.221 0.305 0.284 0.214 0.252 0.231 0.229 0.252 
0.233 0.256 0.269 0.303 0.264 0.326 0.276 0.283 0.270 0.305 0.230 0.296 0.254 0.360 0.252 0.188 0.245 0.204 0.265 0.300 0.251 0.194 0.222 0.217 0.231 0.281 0.266 0.281 0.221 0.342 0.186 0.219 0.231 0.204 0.261 0.195 0.284 0.234 0.251 0.319 0.193 0.206 0.243 0.293 0.304 0.199 0.141 0.189 0.219 0.282 0.186 0.249 0.246 0.270 0.271 0.209 0.212 0.246 0.330 0.181 
0.231 0.202 0.319 0.213 0.282 0.300 0.212 0.226 0.302 0.189 0.261 0.203 0.227 0.217 0.218 0.237 0.269 0.227 0.203 0.293 0.245 0.208 0.282 0.280 0.241 0.183 0.199 0.194 0.237 0.250 0.268 0.232 0.208 0.171 0.286 0.345 0.236 0.253 0.220 0.122 0.194 0.183 0.265 0.197 0.194 0.327 0.195 0.213 0.195 0.236 0.308 0.193 0.294 0.182 0.138 0.337 0.226 0.242 0.242 0.238 
0.272 0.240 0.202 0.234 0.237 0.369 0.232 0.213 0.206 0.188 0.367 0.269 0.223 0.173 0.224 0.222 0.188 0.256 0.202 0.288 0.250 0.243 0.233 0.239 0.240 0.293 0.219 0.235 0.182 0.259 0.291 0.193 0.167 0.213 0.338 0.316 0.172 0.205 0.225 0.232 0.289 0.266 0.217 0.198 0.211 0.307 0.173 0.220 0.300 0.215 0.270 0.247 0.179 0.162 0.239 0.324 0.295 0.191 0.206 0.158 
0.208 0.250 0.194 0.173 0.282 0.446 0.181 0.212 0.225 0.260 0.198 0.116 0.199 0.195 0.199 0.272 0.259 0.207 0.186 0.233 0.272 0.177 0.213 0.280 0.272 0.206 0.692 0.820 0.268 0.244 0.263 0.229 0.915 0.529 0.083 0.344 0.250 0.288 0.782 0.276 0.214 0.325 0.264 0.255 0.291 0.234 0.352 0.161 0.304 0.319 0.301 0.155 0.257 0.220 0.211 0.329 0.225 0.237 0.186 0.222 
0.240 0.247 0.325 0.279 0.201 0.246 0.240 0.223 0.297 0.270 0.194 0.315 0.272 0.315 0.265 0.253 0.221 0.248 0.323 0.276 0.275 0.273 0.229 0.306 0.295 0.251 0.236 0.199 0.252 0.273 0.255 0.381 0.318 0.246 0.218 0.262 0.307 0.200 0.301 0.242 0.235 0.226 0.261 0.294 0.273 0.263 0.233 0.227 0.256 0.208 0.287 0.256 0.215 0.278 0.258 0.267 0.282 0.183 0.292 0.230 
0.347 0.260 0.231 0.198 0.377 0.277 0.285 0.277 0.315 0.377 0.273 0.280 0.319 0.336 0.339 0.323 0.273 0.334 0.318 0.268 0.257 0.249 0.232 0.271 0.311 0.267 0.224 0.225 0.280 0.246 0.227 0.252 0.343 0.296 0.298 0.247 0.306 0.173 0.183 0.319 0.232 0.142 0.287 0.317 0.362 0.247 0.231 0.289 0.194 0.266 0.189 0.237 0.308 0.249 0.284 0.317 0.237 0.318 0.291 0.243 
