0.048 0.106 0.089 0.082 0.072 0.077 0.077 0.051 0.101 0.085 0.080 0.090 0.087 0.046 0.090 0.082 0.102 0.084 0.084 0.070 0.057 0.052 0.079 0.092 0.086 0.081 0.082 0.083 0.092 0.051 0.091 0.082 0.088 0.079 0.084 0.080 0.088 0.051 0.086 0.059 0.074 0.080 0.088 0.104 0.096 0.131 0.124 0.054 0.077 0.080 0.089 0.068 0.081 0.085 0.050 0.087 0.086 0.082 0.091 0.092 
0.071 0.090 0.055 0.092 0.092 0.081 0.085 0.090 0.047 0.078 0.077 0.080 0.050 0.080 0.091 0.076 0.083 0.083 0.075 0.062 0.046 0.082 0.104 0.093 0.059 0.079 0.071 0.080 0.085 0.084 0.086 0.093 0.052 0.090 0.091 0.079 0.053 0.081 0.081 0.053 0.075 0.073 0.046 0.074 0.075 0.072 0.076 0.068 0.047 0.070 0.086 0.080 0.079 0.082 0.073 0.047 0.058 0.054 0.086 0.060 
0.093 0.084 0.090 0.088 0.047 0.091 0.079 0.084 0.093 0.078 0.081 0.081 0.080 0.092 0.087 0.091 0.046 0.050 0.071 0.086 0.086 0.070 0.043 0.077 0.045 0.087 0.078 0.082 0.079 0.083 0.059 0.086 0.083 0.073 0.084 0.073 0.074 0.065 0.096 0.082 0.051 0.081 0.078 0.047 0.048 0.049 0.082 0.071 0.039 0.077 0.076 0.080 0.088 0.086 0.061 0.080 0.084 0.079 0.088 0.087 
0.070 0.097 0.082 0.088 0.068 0.085 0.095 0.075 0.067 0.068 0.077 0.084 0.102 0.089 0.061 0.059 0.072 0.082 0.074 0.043 0.074 0.071 0.077 0.082 0.247 0.087 0.077 0.078 0.086 0.052 0.079 0.082 0.089 0.051 0.055 0.079 0.081 0.076 0.062 0.090 0.084 0.055 0.079 0.081 0.077 0.086 0.051 0.042 0.084 0.071 0.062 0.046 0.077 0.077 0.074 0.080 0.078 0.068 0.081 0.079 
0.091 0.049 0.084 0.074 0.084 0.080 0.077 0.078 0.082 0.073 0.043 0.065 0.052 0.072 0.074 0.070 0.076 0.035 0.054 0.083 0.074 0.068 0.071 0.080 0.074 0.073 0.079 0.068 0.085 0.091 0.093 0.060 0.045 0.083 0.093 0.086 0.051 0.058 0.062 0.107 0.078 0.079 0.077 0.075 0.072 0.085 0.065 0.065 0.070 0.068 0.070 0.040 0.068 0.043 0.034 0.081 0.072 0.074 0.094 0.080 
0.085 0.075 0.091 0.050 0.069 0.089 0.073 0.049 0.048 0.045 0.081 0.070 0.074 0.069 0.074 0.073 0.065 0.074 0.068 0.096 0.053 0.077 0.073 0.072 0.075 0.078 0.086 0.087 0.040 0.075 0.056 0.091 0.082 0.092 0.079 0.076 0.047 0.044 0.068 0.050 0.074 0.079 0.075 0.079 0.039 0.078 0.068 0.043 0.078 0.066 0.085 0.072 0.064 0.072 0.067 0.047 0.079 0.065 0.091 0.072 
0.078 0.074 0.082 0.083 0.067 0.076 0.081 0.048 0.057 0.078 0.053 0.087 0.081 0.084 0.074 0.075 0.052 0.000 0.074 0.042 0.066 0.073 0.079 0.112 0.074 0.081 0.068 0.055 0.073 0.089 0.077 0.080 0.067 0.074 0.075 0.042 0.076 0.072 0.082 0.076 0.076 0.068 0.075 0.045 0.066 0.085 0.073 0.071 0.047 0.075 0.075 0.046 0.079 0.071 0.069 0.064 0.067 0.070 0.077 0.069 
0.073 0.032 0.043 0.077 0.067 0.068 0.069 0.068 0.050 0.058 0.082 0.079 0.071 0.067 0.059 0.043 0.064 0.073 0.083 0.068 0.065 0.065 0.068 0.072 0.063 0.072 0.067 0.071 0.072 0.064 0.053 0.050 0.037 0.039 0.065 0.074 0.070 0.072 0.070 0.062 0.064 0.029 0.066 0.069 0.064 0.073 0.075 0.077 0.068 0.072 0.051 0.050 0.040 0.068 0.062 0.066 0.060 0.067 0.066 0.067 
0.066 0.058 0.067 0.031 0.059 0.068 0.061 0.062 0.065 0.066 0.068 0.053 0.041 0.066 0.057 0.062 0.057 0.058 0.592 0.342 0.343 0.312 0.333 0.316 0.555 0.649 0.698 0.602 0.597 0.630 0.589 0.606 0.575 0.764 0.698 0.548 0.432 0.360 0.290 0.304 0.599 0.639 0.616 0.633 0.620 0.603 0.606 0.600 0.603 0.668 0.167 0.061 0.064 0.034 0.054 0.065 0.064 0.063 0.055 0.064 
0.058 0.064 0.063 0.027 0.062 0.059 0.060 0.064 0.057 0.063 0.056 0.066 0.063 0.056 0.067 0.057 0.039 0.069 0.062 0.065 0.026 0.064 0.066 0.027 0.069 0.058 0.063 0.032 0.029 0.031 0.061 0.068 0.031 0.025 0.034 0.060 0.077 0.066 0.070 0.115 0.614 0.452 0.245 0.061 0.062 0.058 0.072 0.071 0.068 0.067 0.057 0.067 0.062 0.066 0.032 0.058 0.064 0.059 0.064 0.066 
0.058 0.064 0.058 0.066 0.035 0.060 0.064 0.026 0.061 0.064 0.026 0.064 0.058 0.060 0.034 0.061 0.031 0.130 0.109 0.141 0.121 0.117 0.196 0.161 0.141 0.113 0.119 0.136 0.135 0.188 0.148 0.160 0.136 0.143 0.126 0.161 0.128 0.151 0.151 0.122 0.098 0.117 0.135 0.104 0.135 0.147 0.133 0.134 0.113 0.123 0.129 0.101 0.136 0.100 0.149 0.131 0.147 0.116 0.143 0.150 
0.142 0.185 0.144 0.123 0.108 0.139 0.137 0.134 0.157 0.142 0.129 0.138 0.122 0.138 0.119 0.132 0.155 0.124 0.150 0.136 0.115 0.088 0.130 0.151 0.135 0.130 0.124 0.171 0.154 0.136 0.140 0.124 0.150 0.145 0.137 0.153 0.128 0.168 0.131 0.111 0.154 0.139 0.140 0.098 0.139 0.131 0.122 0.138 0.123 0.114 0.118 0.097 0.111 0.113 0.101 0.117 0.149 0.141 0.150 0.139 
0.142 0.125 0.092 0.133 0.114 0.143 0.130 0.147 0.114 0.126 0.098 0.113 0.133 0.123 0.112 0.118 0.000 0.177 0.118 0.093 0.098 0.122 0.148 0.133 0.125 0.107 0.109 0.135 0.114 0.122 0.114 0.124 0.093 0.121 0.126 0.118 0.119 0.122 0.130 0.111 0.095 0.110 0.108 0.107 0.122 0.119 0.102 0.107 0.122 0.096 0.070 0.105 0.092 0.091 0.091 0.090 0.110 0.101 0.107 0.102 
0.091 0.088 0.100 0.111 0.099 0.091 0.095 0.079 0.094 0.092 0.081 0.101 0.068 0.100 0.109 0.097 0.100 0.073 0.095 0.091 0.084 0.091 0.085 0.093 0.083 0.077 0.092 0.084 0.087 0.088 0.088 0.104 0.093 0.086 0.082 0.062 0.084 0.043 0.081 0.070 0.086 0.076 0.085 0.082 0.089 0.095 0.081 0.083 0.079 0.088 0.110 0.085 0.104 0.121 0.108 0.109 0.073 0.055 0.071 0.079 
0.081 0.080 0.081 0.084 0.072 0.077 0.082 0.081 0.090 0.084 0.083 0.091 0.104 0.092 0.100 0.111 0.119 0.599 0.378 0.362 0.386 0.400 0.468 0.583 0.605 0.645 0.619 0.624 0.605 0.618 0.629 0.567 0.625 0.715 0.746 0.652 0.552 0.407 0.353 0.521 0.668 0.592 0.647 0.666 0.591 0.608 0.608 0.642 0.565 0.663 0.742 0.506 0.082 0.084 0.103 0.056 0.078 0.056 0.081 0.081 
0.085 0.075 0.081 0.089 0.083 0.086 0.077 0.085 0.082 0.080 0.073 0.070 0.083 0.067 0.076 0.071 0.067 0.074 0.069 0.076 0.067 0.052 0.076 0.077 0.082 0.073 0.074 0.074 0.073 0.076 0.080 0.078 0.075 0.069 0.079 0.049 0.079 0.088 0.066 0.382 0.527 0.350 0.135 0.045 0.070 0.070 0.044 0.082 0.095 0.078 0.074 0.082 0.075 0.074 0.072 0.075 0.077 0.064 0.079 0.072 
0.065 0.098 0.075 0.082 0.060 0.053 0.081 0.083 0.079 0.074 0.078 0.065 0.074 0.081 0.080 0.048 0.072 0.080 0.072 0.075 0.070 0.070 0.075 0.070 0.038 0.036 0.073 0.078 0.076 0.085 0.074 0.072 0.071 0.074 0.077 0.071 0.067 0.041 0.084 0.041 0.037 0.072 0.038 0.040 0.080 0.046 0.041 0.074 0.070 0.068 0.039 0.070 0.044 0.041 0.075 0.053 0.047 0.049 0.063 0.058 
0.066 0.079 0.078 0.038 0.088 0.039 0.080 0.046 0.073 0.067 0.073 0.072 0.071 0.067 0.044 0.036 0.047 0.049 0.048 0.084 0.089 0.091 0.054 0.052 0.052 0.050 0.079 0.089 0.072 0.075 0.073 0.052 0.040 0.081 0.073 0.061 0.072 0.053 0.048 0.065 0.081 0.058 0.067 0.067 0.074 0.089 0.060 0.083 0.062 0.046 0.094 0.061 0.102 0.067 0.105 0.061 0.064 0.068 0.107 0.070 
0.075 0.113 0.070 0.100 0.079 0.097 0.151 0.078 0.138 0.066 0.070 0.073 0.084 0.113 0.134 0.118 0.110 0.137 0.127 0.130 0.122 0.151 0.139 0.102 0.152 0.137 0.137 0.169 0.114 0.155 0.170 0.155 0.153 0.116 0.150 0.140 0.165 0.129 0.139 0.121 0.132 0.143 0.159 0.143 0.164 0.152 0.147 0.116 0.119 0.120 0.131 0.115 0.132 0.140 0.121 0.134 0.149 0.152 0.156 0.155 
0.164 0.143 0.147 0.156 0.171 0.178 0.155 0.112 0.118 0.135 0.138 0.162 0.131 0.157 0.172 0.147 0.146 0.168 0.142 0.180 0.155 0.179 0.166 0.148 0.131 0.142 0.128 0.160 0.152 0.181 0.148 0.157 0.145 0.150 0.176 0.187 0.141 0.145 0.157 0.177 0.154 0.148 0.156 0.161 0.162 0.164 0.143 0.120 0.154 0.155 0.177 0.128 0.165 0.165 0.138 0.155 0.109 0.170 0.134 0.171 
0.170 0.156 0.132 0.117 0.158 0.179 0.140 0.169 0.150 0.168 0.155 0.133 0.165 0.165 0.158 0.182 0.138 0.163 0.147 0.152 0.151 0.119 0.134 0.192 0.187 0.155 0.160 0.159 0.192 0.187 0.169 0.151 0.183 0.173 0.176 0.188 0.162 0.142 0.143 0.128 0.145 0.147 0.171 0.140 0.168 0.187 0.144 0.121 0.163 0.174 0.176 0.159 0.145 0.168 0.191 0.166 0.124 0.142 0.172 0.170 
0.174 0.147 0.130 0.162 0.162 0.187 0.158 0.121 0.160 0.158 0.172 0.144 0.186 0.165 0.154 0.169 0.176 0.169 0.194 0.172 0.130 0.138 0.152 0.182 0.175 0.160 0.183 0.172 0.166 0.171 0.170 0.188 0.142 0.145 0.141 0.209 0.174 0.200 0.186 0.150 0.151 0.138 0.190 0.157 0.183 0.151 0.164 0.144 0.143 0.163 0.184 0.204 0.138 0.170 0.144 0.146 0.170 0.152 0.183 0.172 
0.186 0.144 0.150 0.161 0.164 0.143 0.145 0.161 0.191 0.139 0.151 0.171 0.170 0.145 0.183 0.156 0.161 0.205 0.198 0.151 0.116 0.172 0.162 0.114 0.176 0.170 0.147 0.190 0.223 0.173 0.192 0.191 0.162 0.201 0.193 0.176 0.168 0.182 0.180 0.171 0.138 0.151 0.176 0.158 0.190 0.183 0.119 0.145 0.159 0.126 0.183 0.217 0.163 0.120 0.150 0.135 0.162 0.196 0.146 0.186 
0.149 0.160 0.166 0.146 0.165 0.205 0.172 0.175 0.193 0.141 0.143 0.163 0.134 0.158 0.174 0.134 0.151 0.168 0.148 0.176 0.199 0.146 0.172 0.132 0.161 0.156 0.172 0.163 0.140 0.160 0.182 0.150 0.172 0.171 0.133 0.176 0.151 0.180 0.126 0.147 0.158 0.184 0.131 0.197 0.194 0.145 0.174 0.136 0.159 0.169 0.153 0.153 0.152 0.132 0.179 0.142 0.157 0.148 0.158 0.158 
