0.158 0.151 0.135 0.180 0.152 0.146 0.152 0.147 0.150 0.173 0.125 0.095 0.100 0.156 0.147 0.135 0.135 0.136 0.130 0.141 0.114 0.145 0.139 0.126 0.120 0.116 0.154 0.141 0.130 0.153 0.147 0.123 0.137 0.122 0.229 0.270 0.292 0.258 0.256 0.275 0.224 0.218 0.220 0.218 0.225 0.142 0.161 0.203 0.162 0.149 0.173 0.144 0.242 0.236 0.279 0.282 0.294 0.247 0.237 0.235 
0.238 0.196 0.222 0.176 0.169 0.133 0.157 0.151 0.130 0.133 0.132 0.148 0.121 0.123 0.139 0.122 0.118 0.152 0.144 0.102 0.142 0.128 0.144 0.157 0.141 0.099 0.099 0.076 0.085 0.089 0.046 0.096 0.090 0.084 0.088 0.079 0.097 0.067 0.050 0.070 0.073 0.084 0.046 0.048 0.063 0.079 0.075 0.035 0.097 0.085 0.076 0.081 0.077 0.085 0.067 0.076 0.046 0.079 0.084 0.072 
0.082 0.046 0.074 0.053 0.075 0.081 0.072 0.045 0.083 0.070 0.069 0.071 0.072 0.070 0.046 0.000 0.090 0.076 0.064 0.070 0.064 0.107 0.043 0.070 0.065 0.070 0.077 0.076 0.084 0.044 0.081 0.072 0.071 0.041 0.070 0.076 0.065 0.073 0.077 0.067 0.081 0.075 0.046 0.056 0.074 0.086 0.081 0.070 0.041 0.065 0.079 0.074 0.063 0.070 0.066 0.067 0.046 0.039 0.072 0.064 
0.076 0.071 0.034 0.069 0.039 0.069 0.071 0.065 0.072 0.069 0.079 0.068 0.063 0.076 0.031 0.070 0.072 0.058 0.067 0.063 0.067 0.035 0.029 0.069 0.064 0.070 0.074 0.064 0.069 0.073 0.080 0.070 0.069 0.074 0.068 0.075 0.066 0.070 0.081 0.061 0.070 0.029 0.069 0.069 0.039 0.069 0.071 0.068 0.069 0.064 0.070 0.058 0.075 0.068 0.061 0.065 0.058 0.067 0.068 0.069 
0.069 0.067 0.062 0.066 0.060 0.037 0.059 0.035 0.066 0.059 0.071 0.065 0.061 0.065 0.061 0.066 0.606 0.343 0.358 0.363 0.361 0.344 0.346 0.338 0.416 0.712 0.618 0.631 0.600 0.538 0.542 0.556 0.574 0.579 0.702 0.685 0.574 0.434 0.391 0.335 0.341 0.321 0.348 0.307 0.390 0.690 0.578 0.604 0.611 0.581 0.595 0.556 0.607 0.563 0.761 0.708 0.058 0.061 0.059 0.063 
0.064 0.061 0.066 0.025 0.063 0.064 0.063 0.059 0.039 0.066 0.059 0.069 0.066 0.058 0.067 0.067 0.061 0.074 0.059 0.066 0.061 0.064 0.065 0.064 0.067 0.029 0.069 0.065 0.031 0.038 0.029 0.032 0.034 0.058 0.065 0.059 0.080 0.068 0.059 0.066 0.059 0.063 0.057 0.063 0.065 0.062 0.067 0.046 0.043 0.064 0.354 0.545 0.404 0.175 0.068 0.063 0.032 0.057 0.067 0.067 
0.061 0.037 0.034 0.065 0.066 0.063 0.069 0.033 0.052 0.065 0.060 0.065 0.059 0.035 0.059 0.030 0.033 0.031 0.058 0.025 0.058 0.025 0.027 0.025 0.059 0.058 0.055 0.056 0.060 0.059 0.029 0.070 0.062 0.060 0.036 0.060 0.025 0.057 0.027 0.025 0.025 0.025 0.059 0.063 0.025 0.059 0.057 0.025 0.057 0.026 0.026 0.031 0.026 0.032 0.059 0.060 0.061 0.058 0.065 0.067 
0.040 0.037 0.069 0.071 0.038 0.063 0.035 0.065 0.027 0.065 0.028 0.032 0.059 0.042 0.064 0.043 0.063 0.035 0.027 0.068 0.029 0.067 0.062 0.037 0.031 0.031 0.066 0.029 0.046 0.029 0.073 0.062 0.039 0.068 0.037 0.043 0.041 0.032 0.040 0.061 0.073 0.032 0.065 0.054 0.069 0.032 0.037 0.036 0.037 0.063 0.061 0.070 0.032 0.038 0.031 0.036 0.035 0.073 0.084 0.073 
0.036 0.080 0.048 0.084 0.075 0.084 0.073 0.042 0.047 0.067 0.073 0.080 0.076 0.092 0.082 0.086 0.084 0.058 0.071 0.077 0.078 0.070 0.093 0.084 0.083 0.047 0.086 0.091 0.115 0.066 0.061 0.104 0.113 0.051 0.094 0.085 0.083 0.080 0.075 0.068 0.083 0.054 0.069 0.107 0.085 0.094 0.086 0.080 0.088 0.039 0.052 0.071 0.085 0.070 0.075 0.091 0.074 0.080 0.087 0.086 
0.088 0.076 0.081 0.072 0.108 0.044 0.086 0.082 0.081 0.088 0.051 0.080 0.079 0.062 0.101 0.098 0.105 0.092 0.065 0.091 0.087 0.091 0.090 0.104 0.062 0.096 0.099 0.098 0.086 0.069 0.093 0.104 0.089 0.100 0.099 0.066 0.103 0.090 0.100 0.092 0.079 0.086 0.052 0.112 0.089 0.104 0.065 0.093 0.053 0.092 0.095 0.094 0.103 0.074 0.054 0.093 0.076 0.090 0.105 0.082 
0.078 0.083 0.049 0.093 0.086 0.091 0.080 0.104 0.073 0.054 0.072 0.051 0.080 0.099 0.105 0.087 0.064 0.097 0.083 0.101 0.059 0.092 0.113 0.095 0.060 0.093 0.094 0.051 0.075 0.101 0.058 0.089 0.090 0.088 0.091 0.095 0.064 0.094 0.099 0.078 0.068 0.057 0.091 0.093 0.053 0.057 0.082 0.094 0.087 0.079 0.092 0.051 0.092 0.084 0.058 0.088 0.079 0.060 0.091 0.095 
0.088 0.096 0.092 0.058 0.078 0.093 0.075 0.067 0.090 0.106 0.069 0.082 0.093 0.088 0.097 0.060 0.102 0.101 0.065 0.048 0.105 0.093 0.079 0.080 0.064 0.091 0.102 0.057 0.104 0.059 0.088 0.097 0.088 0.073 0.094 0.092 0.097 0.058 0.058 0.092 0.095 0.080 0.056 0.286 0.187 0.134 0.153 0.171 0.126 0.179 0.178 0.169 0.111 0.171 0.141 0.149 0.140 0.151 0.202 0.165 
0.157 0.122 0.155 0.141 0.203 0.188 0.157 0.179 0.172 0.128 0.160 0.164 0.136 0.170 0.135 0.161 0.155 0.191 0.153 0.153 0.143 0.184 0.141 0.139 0.195 0.135 0.162 0.161 0.169 0.172 0.140 0.134 0.136 0.168 0.155 0.141 0.190 0.144 0.143 0.095 0.156 0.182 0.161 0.194 0.166 0.145 0.153 0.168 0.164 0.171 0.155 0.129 0.136 0.184 0.156 0.178 0.155 0.139 0.182 0.127 
0.145 0.126 0.149 0.160 0.178 0.165 0.159 0.160 0.141 0.181 0.166 0.151 0.114 0.182 0.173 0.151 0.173 0.149 0.150 0.134 0.159 0.140 0.184 0.151 0.126 0.111 0.137 0.169 0.186 0.180 0.147 0.156 0.106 0.161 0.175 0.169 0.136 0.125 0.168 0.145 0.127 0.141 0.148 0.143 0.154 0.169 0.169 0.139 0.134 0.169 0.186 0.153 0.164 0.115 0.180 0.164 0.162 0.148 0.184 0.160 
0.144 0.131 0.175 0.187 0.203 0.181 0.146 0.143 0.162 0.186 0.165 0.153 0.105 0.152 0.149 0.183 0.165 0.168 0.127 0.174 0.172 0.112 0.170 0.154 0.123 0.165 0.146 0.167 0.168 0.164 0.184 0.168 0.166 0.162 0.138 0.135 0.137 0.143 0.157 0.160 0.186 0.181 0.142 0.126 0.141 0.147 0.152 0.131 0.146 0.149 0.166 0.150 0.152 0.123 0.116 0.184 0.141 0.140 0.182 0.174 
0.109 0.135 0.154 0.122 0.194 0.177 0.147 0.118 0.157 0.154 0.158 0.127 0.147 0.164 0.142 0.114 0.162 0.146 0.116 0.148 0.133 0.162 0.177 0.159 0.162 0.150 0.139 0.111 0.157 0.143 0.120 0.139 0.152 0.148 0.160 0.168 0.171 0.173 0.155 0.170 0.176 0.121 0.150 0.180 0.126 0.142 0.124 0.141 0.160 0.164 0.120 0.148 0.171 0.146 0.145 0.136 0.159 0.152 0.199 0.187 
0.172 0.153 0.142 0.175 0.177 0.152 0.150 0.126 0.125 0.123 0.181 0.154 0.145 0.176 0.171 0.146 0.150 0.154 0.140 0.187 0.196 0.185 0.202 0.258 0.162 0.178 0.134 0.176 0.206 0.133 0.139 0.126 0.168 0.171 0.125 0.153 0.098 0.136 0.151 0.163 0.146 0.147 0.156 0.190 0.148 0.160 0.119 0.149 0.142 0.169 0.168 0.131 0.147 0.134 0.143 0.154 0.123 0.116 0.180 0.177 
0.153 0.167 0.150 0.135 0.147 0.166 0.138 0.136 0.123 0.154 0.173 0.153 0.155 0.151 0.149 0.148 0.137 0.170 0.184 0.183 0.123 0.154 0.154 0.132 0.163 0.144 0.159 0.179 0.174 0.192 0.159 0.137 0.148 0.168 0.140 0.176 0.163 0.124 0.163 0.165 0.179 0.150 0.139 0.203 0.148 0.166 0.165 0.152 0.142 0.176 0.182 0.128 0.133 0.149 0.132 0.181 0.149 0.152 0.163 0.183 
0.170 0.200 0.175 0.146 0.147 0.193 0.165 0.147 0.158 0.153 0.171 0.147 0.122 0.150 0.187 0.163 0.177 0.169 0.159 0.144 0.164 0.150 0.170 0.166 0.148 0.169 0.136 0.167 0.219 0.191 0.163 0.156 0.158 0.166 0.192 0.193 0.189 0.130 0.143 0.158 0.161 0.141 0.156 0.145 0.160 0.173 0.128 0.141 0.167 0.171 0.170 0.159 0.165 0.141 0.142 0.137 0.151 0.157 0.168 0.183 
0.145 0.149 0.144 0.154 0.148 0.193 0.191 0.144 0.135 0.160 0.175 0.169 0.123 0.171 0.160 0.150 0.119 0.145 0.183 0.164 0.177 0.147 0.171 0.127 0.126 0.143 0.157 0.157 0.166 0.191 0.153 0.123 0.179 0.149 0.166 0.155 0.123 0.150 0.173 0.169 0.176 0.125 0.129 0.143 0.149 0.172 0.186 0.160 0.187 0.134 0.166 0.176 0.149 0.151 0.151 0.180 0.167 0.173 0.210 0.151 
0.171 0.219 0.163 0.115 0.212 0.154 0.171 0.160 0.139 0.177 0.179 0.133 0.170 0.177 0.194 0.171 0.161 0.125 0.139 0.173 0.179 0.184 0.157 0.160 0.132 0.175 0.142 0.160 0.184 0.141 0.151 0.167 0.155 0.141 0.190 0.128 0.161 0.173 0.144 0.149 0.155 0.158 0.156 0.125 0.145 0.169 0.142 0.145 0.165 0.167 0.185 0.128 0.194 0.143 0.176 0.152 0.150 0.133 0.170 0.203 
0.149 0.106 0.153 0.149 0.181 0.141 0.166 0.178 0.124 0.152 0.147 0.138 0.137 0.159 0.163 0.179 0.176 0.170 0.157 0.160 0.157 0.190 0.144 0.145 0.168 0.170 0.158 0.152 0.170 0.186 0.280 0.276 0.253 0.243 0.187 0.188 0.156 0.121 0.137 0.155 0.150 0.147 0.161 0.146 0.133 0.113 0.144 0.163 0.138 0.198 0.168 0.127 0.180 0.141 0.151 0.143 0.159 0.154 0.166 0.181 
0.144 0.145 0.113 0.122 0.180 0.190 0.178 0.180 0.167 0.154 0.144 0.138 0.150 0.168 0.158 0.153 0.159 0.144 0.122 0.147 0.169 0.157 0.127 0.135 0.168 0.142 0.137 0.157 0.148 0.219 0.270 0.279 0.310 0.305 0.297 0.258 0.270 0.210 0.218 0.190 0.184 0.169 0.202 0.197 0.212 0.250 0.294 0.262 0.301 0.270 0.233 0.224 0.231 0.181 0.144 0.172 0.158 0.214 0.191 0.152 
0.148 0.130 0.161 0.216 0.255 0.139 0.134 0.148 0.129 0.126 0.115 0.110 0.148 0.140 0.139 0.136 0.150 0.163 0.110 0.143 0.110 0.305 0.162 0.135 0.131 0.152 0.129 0.148 0.136 0.157 0.166 0.145 0.153 0.181 0.178 0.154 0.142 0.165 0.130 0.144 0.151 0.138 0.157 0.172 0.141 0.120 0.104 0.114 0.170 0.107 0.149 0.131 0.152 0.146 0.122 0.121 0.141 0.158 0.167 0.182 
