0.176 0.171 0.152 0.203 0.193 0.190 0.152 0.162 0.188 0.179 0.151 0.116 0.161 0.137 0.171 0.179 0.147 0.163 0.140 0.173 0.162 0.178 0.136 0.174 0.163 0.134 0.141 0.160 0.123 0.163 0.171 0.193 0.132 0.140 0.175 0.155 0.159 0.167 0.154 0.209 0.168 0.163 0.140 0.169 0.142 0.160 0.127 0.143 0.214 0.152 0.134 0.145 0.149 0.178 0.156 0.196 0.151 0.154 0.163 0.176 
0.151 0.181 0.127 0.143 0.141 0.154 0.149 0.148 0.171 0.232 0.236 0.181 0.166 0.148 0.152 0.172 0.161 0.119 0.179 0.172 0.171 0.192 0.154 0.175 0.144 0.171 0.180 0.170 0.156 0.127 0.165 0.176 0.149 0.164 0.186 0.160 0.152 0.157 0.137 0.171 0.159 0.107 0.166 0.108 0.150 0.146 0.172 0.129 0.175 0.172 0.165 0.157 0.159 0.162 0.192 0.174 0.145 0.149 0.140 0.119 
0.161 0.129 0.154 0.175 0.151 0.167 0.154 0.184 0.135 0.179 0.153 0.110 0.191 0.167 0.259 0.288 0.266 0.277 0.317 0.248 0.263 0.254 0.237 0.245 0.217 0.213 0.192 0.210 0.206 0.191 0.214 0.179 0.245 0.279 0.291 0.291 0.298 0.258 0.236 0.243 0.243 0.230 0.153 0.185 0.175 0.191 0.226 0.216 0.143 0.148 0.173 0.200 0.190 0.130 0.184 0.182 0.151 0.124 0.161 0.163 
0.130 0.148 0.141 0.192 0.179 0.152 0.138 0.136 0.153 0.172 0.150 0.161 0.169 0.142 0.129 0.164 0.158 0.142 0.210 0.180 0.125 0.166 0.129 0.301 0.214 0.194 0.204 0.152 0.143 0.166 0.186 0.164 0.131 0.195 0.182 0.116 0.174 0.166 0.177 0.256 0.168 0.140 0.180 0.154 0.219 0.208 0.204 0.217 0.161 0.188 0.162 0.165 0.195 0.167 0.217 0.225 0.208 0.155 0.182 0.123 
0.209 0.222 0.255 0.223 0.165 0.207 0.193 0.190 0.199 0.227 0.163 0.149 0.178 0.132 0.175 0.235 0.165 0.136 0.182 0.190 0.215 0.240 0.159 0.165 0.169 0.233 0.230 0.149 0.187 0.194 0.207 0.205 0.212 0.253 0.146 0.159 0.223 0.210 0.186 0.200 0.207 0.235 0.171 0.242 0.242 0.264 0.204 0.231 0.181 0.234 0.138 0.150 0.183 0.200 0.237 0.283 0.254 0.210 0.165 0.193 
0.153 0.232 0.155 0.242 0.192 0.202 0.232 0.188 0.187 0.223 0.239 0.217 0.213 0.209 0.206 0.260 0.181 0.171 0.241 0.217 0.181 0.135 0.174 0.206 0.275 0.222 0.207 0.168 0.214 0.232 0.214 0.252 0.156 0.193 0.192 0.255 0.183 0.210 0.176 0.135 0.150 0.182 0.196 0.197 0.196 0.261 0.167 0.207 0.238 0.238 0.193 0.195 0.148 0.188 0.171 0.241 0.176 0.195 0.176 0.212 
0.192 0.186 0.198 0.243 0.173 0.195 0.207 0.218 0.127 0.271 0.247 0.181 0.172 0.209 0.186 0.208 0.174 0.207 0.206 0.195 0.191 0.213 0.159 0.190 0.211 0.251 0.185 0.222 0.166 0.132 0.162 0.189 0.172 0.262 0.234 0.212 0.155 0.177 0.192 0.189 0.200 0.181 0.212 0.148 0.173 0.173 0.192 0.168 0.194 0.187 0.170 0.212 0.150 0.206 0.218 0.291 0.190 0.176 0.233 0.198 
0.186 0.196 0.156 0.213 0.169 0.185 0.170 0.190 0.188 0.158 0.188 0.184 0.280 0.254 0.212 0.210 0.214 0.166 0.225 0.163 0.179 0.184 0.146 0.179 0.171 0.204 0.176 0.161 0.186 0.184 0.159 0.206 0.254 0.210 0.181 0.159 0.233 0.174 0.159 0.180 0.180 0.196 0.236 0.219 0.182 0.232 0.149 0.185 0.235 0.209 0.167 0.182 0.303 0.192 0.253 0.222 0.206 0.233 0.252 0.209 
0.188 0.230 0.204 0.202 0.254 0.179 0.184 0.176 0.135 0.168 0.172 0.171 0.184 0.120 0.146 0.155 0.184 0.182 0.191 0.198 0.154 0.117 0.158 0.175 0.207 0.175 0.133 0.156 0.145 0.179 0.163 0.116 0.151 0.157 0.158 0.188 0.122 0.140 0.169 0.171 0.142 0.153 0.217 0.140 0.139 0.147 0.213 0.174 0.186 0.165 0.169 0.155 0.219 0.196 0.173 0.220 0.141 0.170 0.214 0.125 
0.190 0.159 0.126 0.193 0.139 0.150 0.169 0.153 0.126 0.124 0.200 0.303 0.155 0.164 0.185 0.158 0.158 0.167 0.144 0.172 0.110 0.172 0.126 0.170 0.221 0.147 0.143 0.134 0.127 0.159 0.166 0.152 0.143 0.161 0.140 0.149 0.187 0.106 0.134 0.187 0.140 0.154 0.126 0.166 0.149 0.159 0.173 0.180 0.172 0.130 0.133 0.154 0.139 0.160 0.205 0.178 0.186 0.101 0.105 0.147 
0.139 0.129 0.143 0.129 0.147 0.131 0.104 0.076 0.089 0.081 0.086 0.070 0.081 0.044 0.077 0.083 0.076 0.053 0.089 0.057 0.088 0.082 0.085 0.083 0.045 0.114 0.074 0.081 0.044 0.087 0.076 0.090 0.079 0.081 0.053 0.059 0.104 0.087 0.070 0.080 0.037 0.079 0.082 0.068 0.076 0.078 0.086 0.043 0.084 0.077 0.077 0.084 0.082 0.056 0.077 0.061 0.082 0.081 0.082 0.085 
0.045 0.083 0.069 0.083 0.071 0.082 0.095 0.063 0.076 0.080 0.079 0.069 0.059 0.086 0.072 0.055 0.077 0.083 0.081 0.091 0.045 0.110 0.093 0.079 0.091 0.088 0.046 0.081 0.072 0.074 0.075 0.083 0.067 0.083 0.067 0.060 0.074 0.083 0.074 0.075 0.071 0.036 0.078 0.080 0.079 0.076 0.085 0.079 0.038 0.079 0.086 0.072 0.076 0.070 0.089 0.061 0.041 0.072 0.076 0.073 
0.070 0.073 0.079 0.079 0.000 0.089 0.077 0.065 0.074 0.065 0.111 0.081 0.038 0.069 0.056 0.072 0.070 0.083 0.082 0.077 0.075 0.034 0.074 0.074 0.070 0.079 0.079 0.076 0.064 0.074 0.073 0.077 0.081 0.037 0.084 0.053 0.067 0.076 0.063 0.070 0.066 0.066 0.068 0.065 0.068 0.036 0.075 0.074 0.064 0.068 0.064 0.073 0.068 0.072 0.065 0.061 0.069 0.055 0.046 0.068 
0.036 0.070 0.064 0.071 0.068 0.079 0.075 0.063 0.073 0.068 0.064 0.076 0.035 0.072 0.072 0.062 0.075 0.065 0.075 0.032 0.078 0.068 0.070 0.062 0.068 0.033 0.064 0.069 0.070 0.059 0.064 0.063 0.068 0.068 0.062 0.068 0.062 0.068 0.068 0.070 0.076 0.034 0.039 0.075 0.061 0.066 0.060 0.071 0.058 0.065 0.068 0.067 0.068 0.062 0.067 0.065 0.062 0.071 0.080 0.061 
0.035 0.064 0.069 0.040 0.063 0.613 0.342 0.359 0.344 0.344 0.360 0.335 0.362 0.511 0.693 0.643 0.627 0.635 0.586 0.566 0.599 0.563 0.613 0.731 0.741 0.543 0.496 0.427 0.371 0.345 0.329 0.345 0.669 0.545 0.626 0.578 0.588 0.583 0.560 0.549 0.588 0.738 0.551 0.065 0.027 0.032 0.058 0.066 0.067 0.058 0.068 0.033 0.069 0.066 0.061 0.066 0.059 0.067 0.062 0.027 
0.065 0.059 0.067 0.059 0.036 0.072 0.058 0.031 0.061 0.062 0.063 0.058 0.065 0.062 0.066 0.060 0.067 0.068 0.062 0.066 0.061 0.067 0.070 0.029 0.032 0.041 0.033 0.064 0.100 0.569 0.473 0.323 0.066 0.076 0.091 0.062 0.063 0.031 0.066 0.067 0.060 0.065 0.059 0.065 0.040 0.031 0.076 0.066 0.068 0.059 0.068 0.074 0.060 0.066 0.059 0.063 0.065 0.027 0.066 0.027 
0.064 0.058 0.066 0.064 0.045 0.049 0.063 0.061 0.060 0.058 0.057 0.060 0.059 0.059 0.067 0.075 0.068 0.063 0.063 0.062 0.056 0.058 0.057 0.060 0.032 0.058 0.059 0.027 0.055 0.058 0.061 0.059 0.061 0.026 0.059 0.027 0.025 0.059 0.058 0.027 0.063 0.030 0.060 0.029 0.035 0.058 0.028 0.069 0.028 0.031 0.039 0.068 0.036 0.060 0.065 0.029 0.032 0.056 0.033 0.067 
0.058 0.065 0.034 0.038 0.067 0.039 0.025 0.033 0.059 0.064 0.059 0.068 0.029 0.067 0.025 0.068 0.034 0.043 0.060 0.072 0.028 0.040 0.069 0.030 0.039 0.031 0.070 0.062 0.064 0.035 0.035 0.036 0.079 0.032 0.072 0.034 0.038 0.067 0.039 0.031 0.068 0.039 0.042 0.054 0.028 0.071 0.032 0.090 0.038 0.045 0.031 0.039 0.035 0.078 0.035 0.039 0.037 0.044 0.068 0.070 
0.040 0.073 0.057 0.087 0.049 0.051 0.064 0.055 0.044 0.071 0.049 0.085 0.080 0.074 0.085 0.075 0.054 0.121 0.090 0.091 0.051 0.083 0.069 0.082 0.095 0.040 0.041 0.066 0.079 0.084 0.073 0.083 0.110 0.104 0.059 0.107 0.087 0.076 0.072 0.072 0.051 0.082 0.074 0.084 0.073 0.084 0.047 0.089 0.097 0.071 0.077 0.076 0.046 0.085 0.088 0.085 0.084 0.083 0.044 0.089 
0.084 0.079 0.138 0.060 0.083 0.060 0.104 0.100 0.089 0.060 0.081 0.096 0.094 0.050 0.104 0.105 0.063 0.083 0.090 0.081 0.098 0.053 0.062 0.117 0.086 0.061 0.092 0.081 0.090 0.045 0.093 0.089 0.107 0.071 0.089 0.085 0.077 0.053 0.083 0.098 0.069 0.073 0.100 0.063 0.095 0.094 0.049 0.090 0.093 0.095 0.077 0.089 0.063 0.103 0.098 0.088 0.069 0.091 0.072 0.062 
0.090 0.063 0.097 0.095 0.052 0.093 0.097 0.082 0.084 0.049 0.101 0.086 0.078 0.101 0.051 0.089 0.088 0.060 0.076 0.084 0.051 0.081 0.095 0.072 0.081 0.084 0.081 0.070 0.082 0.087 0.090 0.081 0.078 0.100 0.087 0.117 0.067 0.100 0.056 0.119 0.076 0.064 0.093 0.081 0.091 0.069 0.086 0.092 0.096 0.096 0.055 0.082 0.075 0.087 0.081 0.080 0.064 0.091 0.096 0.055 
0.087 0.090 0.103 0.081 0.084 0.102 0.085 0.053 0.090 0.090 0.092 0.057 0.099 0.080 0.085 0.088 0.056 0.098 0.103 0.054 0.079 0.088 0.097 0.089 0.069 0.079 0.083 0.090 0.048 0.090 0.057 0.096 0.099 0.066 0.107 0.056 0.105 0.090 0.099 0.075 0.091 0.085 0.080 0.083 0.086 0.093 0.099 0.106 0.093 0.069 0.068 0.077 0.084 0.090 0.132 0.097 0.093 0.099 0.078 0.057 
0.050 0.096 0.091 0.090 0.099 0.098 0.095 0.054 0.065 0.091 0.089 0.056 0.084 0.084 0.093 0.057 0.083 0.106 0.103 0.090 0.082 0.055 0.102 0.108 0.054 0.070 0.055 0.050 0.087 0.083 0.087 0.087 0.083 0.101 0.087 0.090 0.097 0.101 0.064 0.089 0.051 0.102 0.082 0.063 0.096 0.049 0.059 0.110 0.106 0.051 0.093 0.084 0.102 0.070 0.089 0.067 0.074 0.087 0.083 0.083 
0.060 0.051 0.099 0.055 0.076 0.093 0.051 0.059 0.126 0.078 0.089 0.097 0.080 0.044 0.085 0.091 0.068 0.108 0.103 0.100 0.098 0.087 0.061 0.095 0.098 0.095 0.092 0.086 0.053 0.090 0.046 0.090 0.100 0.104 0.084 0.090 0.065 0.091 0.054 0.099 0.082 0.052 0.051 0.086 0.083 0.097 0.092 0.093 0.065 0.082 0.100 0.090 0.064 0.123 0.392 0.761 0.767 0.759 0.778 0.697 
