0.286 0.305 0.337 0.376 0.388 0.378 0.326 0.311 0.315 0.370 0.391 0.347 0.327 0.319 0.297 0.275 0.250 0.274 0.322 0.308 0.304 0.319 0.336 0.354 0.299 0.277 0.324 0.378 0.436 0.377 0.345 0.366 0.387 0.409 0.415 0.411 0.386 0.330 0.258 0.271 0.295 0.344 0.335 0.298 0.295 0.316 0.385 0.354 0.273 0.259 0.243 0.226 0.230 0.243 0.320 0.361 0.330 0.292 0.251 0.334 
0.364 0.288 0.281 0.309 0.302 0.302 0.316 0.323 0.326 0.378 0.388 0.317 0.322 0.364 0.313 0.270 0.245 0.242 0.251 0.269 0.260 0.197 0.225 0.299 0.308 0.315 0.320 0.303 0.275 0.236 0.213 0.222 0.243 0.271 0.257 0.232 0.187 0.211 0.270 0.327 0.365 0.367 0.349 0.322 0.360 0.379 0.360 0.349 0.340 0.391 0.400 0.322 0.293 0.288 0.293 0.327 0.422 0.388 0.290 0.339 
0.352 0.292 0.315 0.379 0.357 0.338 0.327 0.281 0.219 0.230 0.242 0.259 0.273 0.287 0.237 0.196 0.175 0.220 0.296 0.326 0.316 0.228 0.197 0.195 0.288 0.333 0.280 0.266 0.272 0.256 0.239 0.219 0.224 0.242 0.272 0.300 0.326 0.302 0.253 0.287 0.293 0.246 0.262 0.309 0.268 0.249 0.272 0.281 0.285 0.254 0.239 0.259 0.252 0.232 0.266 0.266 0.194 0.205 0.258 0.263 
0.268 0.277 0.278 0.276 0.279 0.284 0.290 0.245 0.175 0.170 0.168 0.174 0.191 0.213 0.171 0.153 0.183 0.191 0.188 0.173 0.131 0.037 0.080 0.191 0.184 0.193 0.237 0.257 0.264 0.189 0.146 0.171 0.240 0.332 0.370 0.345 0.197 0.160 0.179 0.187 0.184 0.158 0.135 0.114 0.153 0.174 0.160 0.142 0.122 0.121 0.125 0.142 0.153 0.161 0.152 0.145 0.144 0.145 0.145 0.152 
0.167 0.201 0.207 0.200 0.154 0.124 0.124 0.108 0.084 0.104 0.125 0.151 0.169 0.183 0.154 0.142 0.164 0.142 0.098 0.081 0.069 0.067 0.085 0.113 0.114 0.124 0.155 0.171 0.181 0.155 0.128 0.099 0.091 0.093 0.150 0.175 0.136 0.104 0.075 0.078 0.078 0.071 0.081 0.100 0.117 0.147 0.204 0.191 0.143 0.135 0.125 0.113 0.104 0.095 0.092 0.086 0.072 0.107 0.166 0.161 
0.147 0.116 0.136 0.180 0.153 0.132 0.125 0.103 0.074 0.083 0.098 0.126 0.133 0.130 0.084 0.054 0.059 0.060 0.059 0.069 0.078 0.085 0.091 0.097 0.122 0.133 0.114 0.099 0.087 0.096 0.101 0.100 0.095 0.089 0.111 0.119 0.100 0.083 0.068 0.093 0.126 0.175 0.177 0.156 0.131 0.104 0.074 0.086 0.119 0.098 0.081 0.069 0.069 0.073 0.129 0.168 0.171 0.143 0.099 0.094 
0.091 0.091 0.092 0.093 0.084 0.079 0.083 0.101 0.126 0.148 0.156 0.136 0.116 0.096 0.125 0.158 0.198 0.166 0.098 0.093 0.091 0.093 0.083 0.068 0.090 0.096 0.069 0.074 0.096 0.105 0.124 0.165 0.152 0.112 0.090 0.082 0.100 0.086 0.057 0.059 0.065 0.079 0.099 0.122 0.107 0.096 0.093 0.101 0.113 0.100 0.088 0.077 0.084 0.100 0.092 0.093 0.110 0.114 0.110 0.097 
0.098 0.126 0.134 0.133 0.146 0.149 0.131 0.135 0.150 0.119 0.099 0.104 0.101 0.095 0.083 0.090 0.137 0.127 0.090 0.120 0.138 0.131 0.192 0.286 0.240 0.207 0.199 0.159 0.103 0.137 0.148 0.111 0.094 0.087 0.117 0.142 0.158 0.175 0.194 0.165 0.129 0.078 0.082 0.114 0.089 0.085 0.122 0.145 0.160 0.113 0.092 0.126 0.116 0.083 0.081 0.094 0.136 0.149 0.146 0.153 
0.147 0.114 0.111 0.123 0.132 0.151 0.191 0.200 0.195 0.131 0.106 0.161 0.170 0.158 0.143 0.144 0.177 0.158 0.112 0.138 0.152 0.141 0.159 0.193 0.176 0.163 0.158 0.145 0.128 0.104 0.096 0.123 0.116 0.093 0.103 0.113 0.123 0.135 0.146 0.183 0.198 0.170 0.145 0.121 0.113 0.110 0.119 0.141 0.168 0.123 0.107 0.147 0.140 0.111 0.091 0.096 0.148 0.143 0.111 0.102 
0.104 0.127 0.139 0.145 0.132 0.132 0.157 0.156 0.142 0.156 0.155 0.122 0.119 0.130 0.139 0.141 0.130 0.140 0.159 0.121 0.106 0.137 0.159 0.176 0.206 0.210 0.165 0.131 0.101 0.123 0.137 0.134 0.149 0.173 0.194 0.201 0.180 0.184 0.200 0.285 0.309 0.209 0.173 0.170 0.212 0.245 0.255 0.238 0.206 0.174 0.160 0.185 0.199 0.209 0.190 0.174 0.165 0.158 0.152 0.147 
0.146 0.150 0.180 0.224 0.211 0.199 0.190 0.213 0.253 0.217 0.200 0.220 0.223 0.217 0.265 0.268 0.180 0.183 0.232 0.197 0.168 0.150 0.153 0.166 0.167 0.174 0.191 0.190 0.180 0.244 0.279 0.258 0.242 0.228 0.242 0.243 0.217 0.223 0.245 0.254 0.254 0.237 0.193 0.135 0.183 0.220 0.237 0.232 0.216 0.211 0.246 0.363 0.334 0.234 0.250 0.258 0.249 0.268 0.301 0.282 
0.271 0.275 0.282 0.291 0.273 0.254 0.236 0.221 0.208 0.191 0.213 0.313 0.382 0.436 0.368 0.337 0.378 0.352 0.292 0.295 0.282 0.234 0.212 0.204 0.219 0.254 0.332 0.309 0.236 0.237 0.238 0.239 0.248 0.262 0.325 0.345 0.279 0.266 0.279 0.224 0.208 0.273 0.265 0.220 0.240 0.247 0.231 0.242 0.265 0.246 0.263 0.352 0.385 0.391 0.354 0.322 0.303 0.292 0.285 0.309 
0.319 0.301 0.280 0.257 0.310 0.320 0.243 0.249 0.298 0.278 0.262 0.252 0.225 0.189 0.253 0.299 0.308 0.307 0.300 0.249 0.241 0.317 0.321 0.290 0.229 0.212 0.285 0.290 0.261 0.223 0.232 0.335 0.384 0.406 0.317 0.269 0.302 0.321 0.333 0.272 0.227 0.214 0.205 0.198 0.252 0.279 0.251 0.241 0.241 0.186 0.156 0.177 0.215 0.261 0.222 0.204 0.227 0.243 0.254 0.306 
0.325 0.280 0.299 0.351 0.344 0.317 0.252 0.319 0.452 0.388 0.346 0.345 0.321 0.286 0.265 0.259 0.286 0.309 0.330 0.344 0.335 0.283 0.261 0.255 0.264 0.272 0.280 0.298 0.322 0.370 0.399 0.392 0.324 0.226 0.239 0.241 0.224 0.239 0.271 0.269 0.289 0.353 0.322 0.242 0.269 0.307 0.368 0.371 0.345 0.281 0.255 0.308 0.321 0.315 0.232 0.190 0.230 0.222 0.190 0.213 
0.247 0.304 0.292 0.245 0.269 0.281 0.264 0.276 0.303 0.237 0.198 0.216 0.215 0.206 0.176 0.158 0.165 0.212 0.278 0.280 0.292 0.323 0.295 0.238 0.358 0.421 0.368 0.399 0.472 0.394 0.347 0.363 0.337 0.291 0.302 0.322 0.358 0.376 0.384 0.390 0.379 0.334 0.321 0.323 0.340 0.349 0.342 0.329 0.311 0.255 0.243 0.322 0.346 0.343 0.363 0.373 0.360 0.370 0.392 0.360 
0.341 0.346 0.324 0.290 0.332 0.374 0.412 0.427 0.431 0.352 0.294 0.277 0.245 0.205 0.277 0.340 0.382 0.347 0.273 0.369 0.405 0.321 0.317 0.353 0.303 0.265 0.250 0.208 0.153 0.187 0.203 0.187 0.214 0.263 0.257 0.255 0.264 0.261 0.254 0.271 0.272 0.239 0.233 0.240 0.243 0.259 0.304 0.287 0.240 0.254 0.271 0.293 0.313 0.332 0.306 0.282 0.263 0.292 0.344 0.346 
0.338 0.309 0.290 0.275 0.303 0.289 0.192 0.205 0.275 0.214 0.195 0.261 0.295 0.314 0.352 0.379 0.386 0.418 0.461 0.393 0.349 0.355 0.348 0.333 0.265 0.221 0.226 0.270 0.333 0.305 0.290 0.301 0.316 0.332 0.356 0.363 0.339 0.313 0.287 0.259 0.254 0.297 0.306 0.299 0.389 0.434 0.389 0.337 0.281 0.319 0.360 0.407 0.443 0.475 0.412 0.364 0.343 0.368 0.414 0.424 
0.416 0.371 0.413 0.497 0.436 0.386 0.360 0.387 0.441 0.471 0.475 0.426 0.391 0.364 0.335 0.331 0.378 0.371 0.338 0.351 0.358 0.352 0.347 0.343 0.302 0.313 0.430 0.446 0.411 0.361 0.356 0.442 0.402 0.300 0.287 0.279 0.281 0.303 0.336 0.337 0.316 0.252 0.256 0.293 0.302 0.299 0.274 0.302 0.356 0.403 0.435 0.440 0.428 0.407 0.319 0.267 0.288 0.369 0.480 0.434 
0.398 0.380 0.364 0.351 0.396 0.476 0.627 0.581 0.437 0.414 0.385 0.348 0.352 0.376 0.358 0.329 0.278 0.263 0.265 0.257 0.256 0.268 0.284 0.301 0.325 0.341 0.342 0.294 0.221 0.282 0.312 0.280 0.259 0.243 0.333 0.411 0.467 0.418 0.316 0.376 0.410 0.394 0.352 0.298 0.274 0.272 0.315 0.361 0.409 0.398 0.384 0.363 0.343 0.322 0.426 0.465 0.375 0.325 0.294 0.289 
0.309 0.376 0.338 0.247 0.316 0.346 0.299 0.283 0.283 0.294 0.313 0.348 0.368 0.381 0.397 0.440 0.537 0.478 0.341 0.297 0.285 0.336 0.350 0.345 0.389 0.422 0.433 0.367 0.261 0.253 0.265 0.315 0.349 0.374 0.392 0.388 0.338 0.323 0.324 0.316 0.313 0.317 0.313 0.304 0.311 0.295 0.236 0.248 0.295 0.335 0.344 0.293 0.320 0.386 0.306 0.239 0.198 0.228 0.294 0.337 
0.356 0.326 0.316 0.316 0.322 0.319 0.299 0.334 0.397 0.364 0.341 0.340 0.358 0.385 0.356 0.324 0.284 0.323 0.401 0.418 0.397 0.301 0.314 0.383 0.350 0.321 0.300 0.279 0.257 0.282 0.311 0.347 0.311 0.240 0.261 0.308 0.408 0.408 0.358 0.329 0.317 0.336 0.303 0.245 0.287 0.306 0.275 0.247 0.219 0.288 0.315 0.260 0.247 0.256 0.352 0.402 0.359 0.329 0.304 0.336 
0.355 0.347 0.386 0.449 0.375 0.328 0.338 0.344 0.347 0.312 0.268 0.207 0.198 0.216 0.284 0.328 0.322 0.317 0.314 0.232 0.223 0.360 0.465 0.554 0.446 0.361 0.325 0.301 0.285 0.353 0.391 0.372 0.346 0.316 0.281 0.269 0.300 0.322 0.340 0.317 0.321 0.382 0.408 0.415 0.421 0.424 0.424 0.359 0.261 0.280 0.285 0.261 0.278 0.317 0.341 0.349 0.325 0.309 0.298 0.329 
0.355 0.368 0.361 0.345 0.359 0.349 0.293 0.287 0.304 0.269 0.250 0.267 0.322 0.397 0.332 0.301 0.338 0.347 0.343 0.358 0.374 0.391 0.372 0.334 0.387 0.406 0.359 0.352 0.363 0.379 0.367 0.301 0.288 0.302 0.254 0.244 0.311 0.335 0.338 0.381 0.388 0.325 0.336 0.385 0.331 0.313 0.368 0.358 0.315 0.284 0.266 0.271 0.277 0.285 0.268 0.250 0.231 0.284 0.373 0.286 
0.245 0.295 0.313 0.316 0.333 0.333 0.299 0.294 0.302 0.290 0.287 0.301 0.272 0.220 0.252 0.271 0.264 0.283 0.314 0.350 0.357 0.307 0.311 0.341 0.297 0.278 0.307 0.305 0.287 0.254 0.227 0.214 0.229 0.257 0.261 0.261 0.251 0.296 0.367 0.363 0.345 0.299 0.262 0.230 0.239 0.233 0.199 0.253 0.351 0.293 0.254 0.255 0.236 0.208 0.306 0.361 0.332 0.361 0.421 0.359 
