0.162 0.353 0.419 0.440 0.442 0.512 0.578 0.647 0.500 0.530 0.445 0.118 0.099 0.096 0.117 0.089 0.108 0.101 0.087 0.119 0.084 0.103 0.100 0.085 0.105 0.105 0.104 0.101 0.112 0.105 0.107 0.112 0.097 0.089 0.097 0.060 0.109 0.100 0.094 0.123 0.103 0.368 0.696 0.245 0.111 0.795 0.577 0.653 0.677 0.773 0.798 0.883 0.904 0.905 0.855 0.969 0.972 0.942 0.916 0.927 
0.912 0.872 0.767 0.742 0.733 0.719 0.739 0.734 0.731 0.575 0.309 0.123 0.199 0.445 0.595 0.651 0.708 0.761 0.605 0.389 0.716 0.829 0.335 0.594 0.569 0.687 0.134 0.526 0.711 0.686 0.694 0.652 0.535 0.453 0.821 0.265 0.119 0.134 0.303 0.627 0.615 0.598 0.627 0.594 0.577 0.594 0.617 0.152 0.099 0.361 0.589 0.627 0.645 0.638 0.630 0.628 0.629 0.645 0.635 0.640 
0.638 0.629 0.644 0.628 0.618 0.617 0.625 0.626 0.631 0.618 0.626 0.632 0.637 0.524 0.100 0.098 0.340 0.626 0.634 0.636 0.630 0.617 0.638 0.635 0.641 0.634 0.650 0.650 0.647 0.635 0.652 0.655 0.651 0.647 0.644 0.634 0.633 0.636 0.642 0.634 0.638 0.637 0.652 0.633 0.648 0.639 0.652 0.638 0.654 0.640 0.649 0.638 0.664 0.643 0.641 0.641 0.649 0.659 0.648 0.639 
0.649 0.650 0.644 0.653 0.641 0.648 0.635 0.647 0.641 0.652 0.644 0.648 0.651 0.651 0.650 0.642 0.638 0.650 0.639 0.647 0.639 0.635 0.640 0.647 0.636 0.643 0.441 0.108 0.091 0.107 0.122 0.115 0.117 0.098 0.119 0.095 0.129 0.112 0.112 0.123 0.079 0.138 0.144 0.119 0.137 0.112 0.118 0.123 0.107 0.129 0.129 0.130 0.152 0.126 0.185 0.137 0.136 0.143 0.131 0.131 
0.097 0.121 0.105 0.121 0.166 0.111 0.121 0.133 0.122 0.123 0.117 0.123 0.141 0.128 0.123 0.126 0.136 0.133 0.120 0.123 0.121 0.161 0.166 0.131 0.101 0.109 0.145 0.160 0.124 0.130 0.127 0.118 0.132 0.152 0.152 0.110 0.123 0.122 0.125 0.151 0.160 0.133 0.141 0.135 0.142 0.136 0.143 0.172 0.140 0.174 0.152 0.165 0.155 0.158 0.167 0.107 0.143 0.173 0.163 0.127 
0.112 0.141 0.138 0.145 0.164 0.152 0.183 0.134 0.122 0.162 0.151 0.154 0.156 0.165 0.172 0.158 0.167 0.140 0.168 0.186 0.147 0.187 0.186 0.211 0.178 0.162 0.209 0.203 0.162 0.142 0.181 0.186 0.142 0.178 0.168 0.178 0.226 0.151 0.143 0.162 0.172 0.154 0.178 0.203 0.219 0.221 0.180 0.219 0.176 0.193 0.134 0.162 0.170 0.209 0.195 0.207 0.185 0.228 0.210 0.193 
0.188 0.161 0.179 0.188 0.150 0.200 0.196 0.177 0.200 0.204 0.172 0.137 0.182 0.159 0.171 0.227 0.200 0.232 0.201 0.218 0.197 0.198 0.203 0.181 0.164 0.200 0.216 0.259 0.191 0.192 0.168 0.187 0.137 0.188 0.188 0.171 0.207 0.166 0.170 0.203 0.157 0.185 0.171 0.185 0.188 0.207 0.211 0.207 0.188 0.204 0.193 0.196 0.174 0.175 0.181 0.159 0.190 0.171 0.206 0.231 
0.181 0.254 0.239 0.222 0.204 0.251 0.269 0.202 0.231 0.204 0.202 0.234 0.191 0.206 0.195 0.234 0.221 0.205 0.265 0.234 0.257 0.234 0.241 0.219 0.253 0.220 0.192 0.274 0.223 0.227 0.218 0.198 0.220 0.196 0.213 0.188 0.211 0.197 0.176 0.215 0.199 0.202 0.156 0.192 0.203 0.214 0.211 0.251 0.168 0.190 0.162 0.203 0.181 0.166 0.199 0.173 0.234 0.217 0.202 0.185 
0.161 0.182 0.196 0.199 0.207 0.216 0.236 0.157 0.182 0.189 0.190 0.164 0.168 0.181 0.177 0.226 0.199 0.227 0.210 0.184 0.211 0.186 0.163 0.202 0.169 0.180 0.212 0.235 0.188 0.221 0.207 0.201 0.164 0.189 0.216 0.174 0.281 0.207 0.204 0.210 0.214 0.196 0.222 0.212 0.164 0.150 0.205 0.186 0.226 0.225 0.238 0.187 0.171 0.167 0.187 0.193 0.241 0.260 0.233 0.196 
0.180 0.178 0.197 0.179 0.216 0.195 0.214 0.186 0.173 0.177 0.176 0.149 0.195 0.147 0.206 0.174 0.219 0.197 0.215 0.242 0.176 0.264 0.203 0.208 0.198 0.229 0.155 0.237 0.206 0.184 0.192 0.188 0.176 0.222 0.189 0.197 0.181 0.170 0.188 0.219 0.188 0.142 0.208 0.187 0.198 0.190 0.185 0.230 0.287 0.184 0.184 0.183 0.162 0.206 0.186 0.185 0.232 0.237 0.198 0.229 
0.173 0.172 0.213 0.174 0.199 0.190 0.219 0.219 0.150 0.192 0.151 0.182 0.195 0.184 0.185 0.186 0.170 0.213 0.202 0.199 0.190 0.242 0.230 0.173 0.175 0.197 0.219 0.218 0.185 0.208 0.141 0.185 0.199 0.201 0.213 0.193 0.206 0.165 0.177 0.179 0.172 0.195 0.174 0.190 0.175 0.220 0.193 0.248 0.197 0.233 0.232 0.173 0.212 0.210 0.222 0.178 0.201 0.239 0.229 0.202 
0.180 0.194 0.224 0.176 0.202 0.196 0.224 0.160 0.201 0.187 0.169 0.159 0.169 0.189 0.198 0.178 0.211 0.190 0.198 0.184 0.223 0.203 0.245 0.201 0.207 0.195 0.194 0.220 0.196 0.197 0.227 0.219 0.225 0.252 0.202 0.192 0.171 0.179 0.185 0.198 0.173 0.166 0.180 0.196 0.181 0.216 0.161 0.205 0.189 0.202 0.235 0.191 0.188 0.201 0.194 0.223 0.184 0.276 0.208 0.164 
0.158 0.207 0.193 0.188 0.221 0.179 0.202 0.176 0.183 0.197 0.169 0.184 0.177 0.185 0.182 0.203 0.176 0.187 0.184 0.205 0.172 0.219 0.189 0.211 0.178 0.186 0.182 0.225 0.262 0.229 0.164 0.253 0.158 0.198 0.224 0.147 0.222 0.173 0.176 0.172 0.156 0.160 0.157 0.188 0.155 0.207 0.176 0.200 0.229 0.199 0.194 0.188 0.181 0.227 0.178 0.207 0.232 0.281 0.249 0.201 
0.214 0.180 0.161 0.186 0.210 0.177 0.212 0.192 0.182 0.185 0.192 0.186 0.198 0.177 0.200 0.197 0.188 0.196 0.209 0.223 0.206 0.182 0.223 0.215 0.188 0.204 0.244 0.212 0.202 0.233 0.204 0.185 0.203 0.217 0.202 0.209 0.249 0.184 0.182 0.199 0.234 0.237 0.211 0.212 0.178 0.221 0.178 0.206 0.239 0.201 0.182 0.183 0.233 0.187 0.178 0.218 0.176 0.237 0.224 0.183 
0.159 0.215 0.184 0.203 0.192 0.201 0.190 0.199 0.164 0.207 0.182 0.191 0.248 0.242 0.204 0.204 0.204 0.233 0.212 0.169 0.244 0.223 0.219 0.172 0.208 0.183 0.177 0.261 0.175 0.209 0.195 0.188 0.184 0.212 0.231 0.180 0.223 0.173 0.165 0.191 0.188 0.202 0.200 0.192 0.162 0.184 0.226 0.234 0.207 0.200 0.202 0.207 0.199 0.213 0.135 0.245 0.262 0.190 0.226 0.209 
0.195 0.223 0.196 0.208 0.212 0.197 0.168 0.168 0.217 0.207 0.214 0.160 0.209 0.176 0.168 0.191 0.154 0.185 0.191 0.202 0.225 0.194 0.255 0.191 0.200 0.222 0.203 0.213 0.229 0.213 0.197 0.243 0.201 0.213 0.218 0.189 0.203 0.214 0.208 0.303 0.208 0.209 0.239 0.213 0.190 0.220 0.210 0.208 0.235 0.184 0.168 0.211 0.190 0.164 0.202 0.156 0.179 0.233 0.242 0.233 
0.207 0.211 0.222 0.228 0.192 0.206 0.226 0.170 0.187 0.189 0.160 0.199 0.163 0.208 0.142 0.196 0.245 0.227 0.209 0.223 0.199 0.210 0.160 0.166 0.163 0.202 0.210 0.235 0.232 0.199 0.214 0.192 0.193 0.209 0.183 0.194 0.166 0.222 0.218 0.269 0.213 0.222 0.237 0.196 0.205 0.212 0.202 0.185 0.186 0.231 0.190 0.212 0.191 0.210 0.186 0.169 0.204 0.213 0.216 0.244 
0.212 0.229 0.151 0.223 0.224 0.259 0.216 0.159 0.165 0.185 0.205 0.183 0.230 0.180 0.179 0.203 0.187 0.176 0.206 0.177 0.156 0.224 0.214 0.215 0.172 0.218 0.213 0.225 0.223 0.203 0.195 0.199 0.212 0.144 0.183 0.212 0.204 0.237 0.191 0.252 0.167 0.188 0.203 0.182 0.241 0.196 0.202 0.258 0.217 0.255 0.269 0.172 0.181 0.203 0.199 0.202 0.207 0.216 0.261 0.262 
0.217 0.226 0.169 0.242 0.197 0.242 0.188 0.208 0.199 0.200 0.235 0.279 0.245 0.301 0.206 0.241 0.257 0.240 0.337 0.205 0.300 0.192 0.242 0.306 0.256 0.221 0.205 0.259 0.255 0.274 0.216 0.211 0.213 0.191 0.256 0.204 0.210 0.181 0.202 0.210 0.197 0.201 0.246 0.343 0.230 0.203 0.203 0.222 0.199 0.211 0.179 0.200 0.205 0.197 0.181 0.189 0.205 0.238 0.183 0.203 
0.247 0.201 0.188 0.215 0.178 0.216 0.159 0.184 0.176 0.175 0.185 0.181 0.146 0.173 0.176 0.189 0.179 0.224 0.202 0.195 0.224 0.211 0.229 0.183 0.154 0.171 0.211 0.177 0.224 0.161 0.189 0.170 0.224 0.172 0.185 0.209 0.213 0.203 0.179 0.213 0.218 0.153 0.183 0.183 0.187 0.250 0.226 0.210 0.191 0.182 0.201 0.194 0.198 0.183 0.177 0.155 0.210 0.202 0.220 0.222 
0.190 0.186 0.218 0.208 0.258 0.212 0.287 0.190 0.203 0.226 0.187 0.196 0.176 0.169 0.205 0.218 0.204 0.206 0.223 0.240 0.232 0.209 0.195 0.239 0.191 0.229 0.228 0.186 0.172 0.235 0.230 0.242 0.208 0.224 0.183 0.200 0.170 0.226 0.172 0.216 0.188 0.170 0.182 0.217 0.176 0.213 0.188 0.205 0.183 0.233 0.210 0.166 0.223 0.148 0.209 0.191 0.169 0.221 0.219 0.220 
0.167 0.190 0.182 0.168 0.206 0.178 0.185 0.168 0.155 0.167 0.191 0.171 0.166 0.158 0.173 0.213 0.205 0.185 0.171 0.230 0.199 0.225 0.192 0.208 0.203 0.220 0.169 0.196 0.194 0.223 0.169 0.217 0.153 0.192 0.175 0.181 0.177 0.000 0.291 0.155 0.188 0.182 0.177 0.220 0.196 0.126 0.146 0.221 0.173 0.197 0.205 0.187 0.149 0.171 0.161 0.193 0.152 0.173 0.174 0.146 
0.190 0.171 0.151 0.170 0.161 0.162 0.145 0.150 0.163 0.137 0.162 0.164 0.136 0.157 0.136 0.129 0.148 0.123 0.140 0.158 0.186 0.200 0.155 0.195 0.146 0.174 0.181 0.167 0.186 0.158 0.143 0.154 0.141 0.125 0.135 0.133 0.111 0.120 0.173 0.113 0.122 0.123 0.138 0.124 0.145 0.180 0.125 0.199 0.157 0.158 0.162 0.186 0.160 0.144 0.108 0.137 0.136 0.118 0.108 0.138 
0.104 0.129 0.126 0.101 0.118 0.088 0.114 0.108 0.107 0.128 0.102 0.102 0.112 0.088 0.112 0.113 0.133 0.127 0.104 0.144 0.112 0.123 0.179 0.162 0.121 0.120 0.134 0.129 0.132 0.115 0.102 0.114 0.128 0.090 0.122 0.105 0.110 0.117 0.652 0.623 0.588 0.605 0.600 0.671 0.582 0.351 0.442 0.444 0.461 0.461 0.444 0.539 0.646 0.612 0.568 0.591 0.562 0.614 0.657 0.469 
