0.070 0.064 0.039 0.088 0.080 0.082 0.079 0.097 0.081 0.084 0.042 0.073 0.070 0.078 0.063 0.064 0.058 0.095 0.067 0.087 0.072 0.071 0.042 0.073 0.084 0.000 0.089 0.071 0.045 0.071 0.069 0.105 0.088 0.041 0.046 0.081 0.034 0.046 0.089 0.073 0.070 0.086 0.079 0.074 0.087 0.064 0.072 0.079 0.034 0.074 0.070 0.085 0.070 0.069 0.065 0.064 0.065 0.064 0.675 0.430 
0.409 0.393 0.375 0.390 0.556 0.651 0.619 0.634 0.667 0.642 0.590 0.640 0.685 0.742 0.729 0.591 0.590 0.523 0.440 0.623 0.635 0.633 0.637 0.633 0.617 0.617 0.631 0.755 0.773 0.083 0.066 0.067 0.027 0.035 0.065 0.065 0.068 0.059 0.064 0.064 0.066 0.063 0.040 0.051 0.068 0.035 0.063 0.065 0.066 0.065 0.065 0.027 0.066 0.067 0.074 0.061 0.059 0.032 0.036 0.070 
0.066 0.032 0.064 0.064 0.062 0.062 0.025 0.063 0.064 0.062 0.067 0.062 0.062 0.031 0.031 0.032 0.025 0.067 0.069 0.055 0.115 0.646 0.470 0.232 0.146 0.068 0.060 0.067 0.060 0.080 0.086 0.059 0.067 0.059 0.071 0.071 0.070 0.060 0.070 0.067 0.074 0.045 0.041 0.068 0.076 0.067 0.064 0.063 0.064 0.064 0.061 0.057 0.065 0.033 0.063 0.068 0.057 0.070 0.082 0.080 
0.043 0.052 0.080 0.088 0.089 0.050 0.087 0.080 0.090 0.057 0.086 0.101 0.041 0.090 0.077 0.061 0.089 0.052 0.063 0.051 0.089 0.055 0.075 0.045 0.070 0.084 0.087 0.067 0.059 0.051 0.100 0.085 0.073 0.083 0.053 0.060 0.054 0.086 0.089 0.100 0.091 0.090 0.083 0.046 0.044 0.065 0.080 0.057 0.086 0.075 0.085 0.064 0.058 0.049 0.041 0.047 0.052 0.049 0.065 0.074 
0.082 0.094 0.048 0.084 0.091 0.046 0.083 0.081 0.054 0.092 0.057 0.055 0.049 0.081 0.049 0.088 0.094 0.093 0.072 0.082 0.084 0.047 0.050 0.066 0.079 0.080 0.044 0.080 0.038 0.080 0.072 0.068 0.077 0.078 0.049 0.039 0.081 0.077 0.084 0.063 0.061 0.093 0.075 0.081 0.080 0.075 0.089 0.056 0.052 0.079 0.064 0.079 0.083 0.070 0.073 0.037 0.000 0.055 0.026 0.058 
0.032 0.025 0.059 0.058 0.055 0.063 0.025 0.024 0.025 0.065 0.058 0.033 0.058 0.033 0.029 0.031 0.025 0.064 0.036 0.064 0.061 0.046 0.041 0.062 0.025 0.062 0.032 0.063 0.025 0.031 0.026 0.031 0.026 0.064 0.060 0.064 0.036 0.056 0.029 0.073 0.028 0.030 0.032 0.060 0.038 0.059 0.063 0.027 0.033 0.026 0.035 0.059 0.034 0.060 0.066 0.025 0.061 0.057 0.032 0.060 
0.034 0.058 0.065 0.027 0.062 0.057 0.031 0.028 0.064 0.024 0.035 0.029 0.059 0.036 0.062 0.056 0.065 0.074 0.060 0.068 0.060 0.064 0.065 0.062 0.060 0.034 0.071 0.063 0.064 0.070 0.066 0.073 0.036 0.062 0.069 0.059 0.067 0.063 0.067 0.076 0.064 0.051 0.070 0.069 0.067 0.062 0.037 0.059 0.066 0.064 0.066 0.084 0.061 0.066 0.067 0.059 0.037 0.067 0.067 0.072 
0.065 0.069 0.067 0.069 0.065 0.062 0.067 0.065 0.062 0.059 0.065 0.067 0.028 0.069 0.080 0.064 0.072 0.067 0.069 0.071 0.071 0.072 0.065 0.066 0.071 0.030 0.078 0.090 0.070 0.068 0.033 0.072 0.070 0.079 0.050 0.067 0.081 0.070 0.077 0.089 0.068 0.076 0.061 0.070 0.072 0.044 0.071 0.059 0.068 0.073 0.072 0.048 0.070 0.078 0.086 0.069 0.078 0.039 0.069 0.070 
0.071 0.074 0.069 0.075 0.074 0.073 0.078 0.069 0.053 0.088 0.095 0.076 0.054 0.083 0.092 0.043 0.076 0.085 0.084 0.065 0.071 0.075 0.084 0.094 0.049 0.073 0.074 0.079 0.071 0.067 0.083 0.105 0.097 0.049 0.068 0.078 0.084 0.068 0.074 0.086 0.083 0.082 0.056 0.078 0.099 0.091 0.084 0.080 0.070 0.079 0.080 0.036 0.073 0.070 0.053 0.086 0.076 0.041 0.069 0.072 
0.078 0.072 0.092 0.091 0.070 0.085 0.085 0.079 0.078 0.087 0.075 0.073 0.048 0.084 0.076 0.087 0.084 0.075 0.084 0.073 0.043 0.084 0.067 0.085 0.075 0.066 0.077 0.071 0.074 0.066 0.074 0.079 0.052 0.076 0.079 0.048 0.083 0.040 0.085 0.083 0.080 0.075 0.067 0.077 0.038 0.080 0.087 0.072 0.108 0.068 0.087 0.086 0.089 0.086 0.059 0.084 0.082 0.076 0.094 0.076 
0.085 0.057 0.098 0.083 0.082 0.101 0.057 0.099 0.086 0.101 0.056 0.098 0.082 0.064 0.099 0.088 0.056 0.085 0.075 0.089 0.077 0.059 0.084 0.096 0.085 0.080 0.060 0.080 0.091 0.076 0.077 0.090 0.087 0.054 0.074 0.079 0.090 0.078 0.084 0.062 0.075 0.084 0.074 0.104 0.064 0.083 0.080 0.070 0.076 0.076 0.079 0.048 0.065 0.095 0.068 0.075 0.049 0.069 0.071 0.067 
0.080 0.072 0.088 0.080 0.058 0.085 0.075 0.089 0.079 0.079 0.082 0.038 0.049 0.089 0.092 0.082 0.049 0.073 0.081 0.069 0.081 0.084 0.048 0.102 0.083 0.081 0.079 0.082 0.042 0.086 0.078 0.062 0.055 0.076 0.081 0.052 0.084 0.089 0.080 0.081 0.040 0.075 0.083 0.096 0.086 0.088 0.056 0.072 0.080 0.090 0.079 0.084 0.056 0.082 0.050 0.072 0.084 0.070 0.074 0.076 
0.068 0.085 0.055 0.095 0.080 0.083 0.091 0.077 0.075 0.084 0.086 0.058 0.076 0.043 0.057 0.084 0.046 0.085 0.080 0.086 0.085 0.045 0.080 0.077 0.087 0.070 0.089 0.077 0.075 0.047 0.041 0.081 0.080 0.082 0.094 0.103 0.084 0.052 0.087 0.086 0.081 0.076 0.072 0.088 0.061 0.079 0.086 0.040 0.068 0.065 0.068 0.080 0.075 0.085 0.062 0.071 0.075 0.062 0.074 0.043 
0.068 0.076 0.088 0.077 0.095 0.044 0.082 0.082 0.075 0.082 0.081 0.077 0.081 0.054 0.088 0.088 0.082 0.070 0.072 0.046 0.078 0.081 0.077 0.046 0.072 0.069 0.074 0.075 0.056 0.057 0.076 0.071 0.058 0.085 0.062 0.089 0.081 0.086 0.074 0.060 0.085 0.076 0.071 0.080 0.099 0.053 0.085 0.042 0.078 0.082 0.081 0.076 0.072 0.058 0.074 0.081 0.073 0.068 0.076 0.065 
0.078 0.040 0.087 0.082 0.078 0.080 0.085 0.054 0.061 0.107 0.078 0.052 0.081 0.089 0.095 0.086 0.046 0.088 0.071 0.087 0.089 0.078 0.045 0.083 0.082 0.075 0.070 0.055 0.072 0.073 0.086 0.045 0.084 0.076 0.060 0.080 0.082 0.089 0.090 0.088 0.082 0.062 0.085 0.077 0.112 0.078 0.061 0.058 0.045 0.077 0.073 0.088 0.082 0.072 0.076 0.074 0.046 0.071 0.073 0.071 
0.070 0.047 0.085 0.074 0.080 0.073 0.062 0.058 0.088 0.048 0.079 0.076 0.092 0.052 0.102 0.112 0.059 0.072 0.097 0.066 0.046 0.087 0.068 0.084 0.070 0.041 0.087 0.073 0.075 0.038 0.081 0.075 0.073 0.080 0.096 0.087 0.085 0.055 0.071 0.086 0.092 0.047 0.052 0.052 0.106 0.099 0.053 0.086 0.073 0.074 0.071 0.050 0.072 0.080 0.083 0.077 0.082 0.076 0.071 0.048 
0.073 0.085 0.053 0.076 0.090 0.079 0.056 0.091 0.072 0.097 0.060 0.091 0.085 0.090 0.059 0.093 0.097 0.079 0.082 0.082 0.079 0.054 0.046 0.090 0.080 0.081 0.097 0.075 0.115 0.082 0.061 0.040 0.087 0.050 0.080 0.107 0.082 0.082 0.078 0.075 0.077 0.074 0.079 0.091 0.089 0.084 0.048 0.069 0.082 0.075 0.080 0.048 0.076 0.086 0.076 0.068 0.079 0.080 0.073 0.072 
0.073 0.095 0.083 0.090 0.077 0.079 0.075 0.092 0.050 0.088 0.078 0.083 0.044 0.080 0.095 0.090 0.052 0.059 0.067 0.078 0.074 0.053 0.075 0.084 0.074 0.077 0.082 0.043 0.077 0.075 0.077 0.079 0.073 0.098 0.066 0.077 0.088 0.069 0.071 0.051 0.079 0.075 0.125 0.106 0.047 0.086 0.087 0.080 0.089 0.045 0.080 0.076 0.075 0.070 0.073 0.053 0.051 0.083 0.073 0.078 
0.073 0.039 0.080 0.077 0.090 0.079 0.042 0.082 0.083 0.092 0.085 0.071 0.049 0.078 0.090 0.090 0.066 0.053 0.081 0.073 0.080 0.056 0.083 0.089 0.083 0.046 0.092 0.094 0.094 0.088 0.077 0.045 0.083 0.090 0.063 0.083 0.090 0.036 0.090 0.078 0.085 0.087 0.069 0.078 0.054 0.088 0.091 0.086 0.096 0.048 0.082 0.070 0.078 0.060 0.039 0.072 0.072 0.076 0.077 0.062 
0.048 0.072 0.089 0.064 0.117 0.081 0.080 0.080 0.048 0.080 0.073 0.067 0.074 0.042 0.086 0.058 0.076 0.079 0.074 0.080 0.049 0.080 0.076 0.068 0.085 0.046 0.254 0.132 0.134 0.137 0.112 0.119 0.147 0.134 0.119 0.138 0.138 0.128 0.147 0.106 0.143 0.111 0.140 0.161 0.146 0.153 0.173 0.121 0.158 0.123 0.132 0.158 0.177 0.147 0.119 0.128 0.128 0.128 0.118 0.148 
0.094 0.139 0.138 0.124 0.136 0.131 0.114 0.124 0.153 0.144 0.136 0.110 0.143 0.148 0.138 0.151 0.155 0.129 0.132 0.139 0.114 0.120 0.102 0.138 0.180 0.140 0.171 0.090 0.120 0.130 0.115 0.137 0.131 0.167 0.194 0.123 0.158 0.179 0.134 0.116 0.144 0.142 0.140 0.133 0.176 0.138 0.177 0.144 0.145 0.119 0.138 0.157 0.123 0.149 0.148 0.137 0.123 0.122 0.156 0.147 
0.142 0.149 0.132 0.132 0.143 0.173 0.154 0.155 0.144 0.126 0.135 0.160 0.150 0.135 0.163 0.178 0.182 0.152 0.106 0.139 0.134 0.159 0.130 0.169 0.098 0.137 0.139 0.119 0.122 0.123 0.142 0.306 0.116 0.134 0.171 0.139 0.169 0.113 0.141 0.152 0.137 0.133 0.127 0.126 0.153 0.144 0.123 0.144 0.136 0.137 0.138 0.096 0.140 0.125 0.141 0.123 0.140 0.131 0.129 0.110 
0.121 0.099 0.158 0.129 0.140 0.138 0.137 0.118 0.115 0.159 0.129 0.113 0.134 0.119 0.146 0.150 0.135 0.147 0.121 0.146 0.095 0.119 0.132 0.153 0.129 0.129 0.116 0.134 0.126 0.090 0.127 0.136 0.158 0.142 0.141 0.135 0.143 0.113 0.148 0.133 0.133 0.142 0.129 0.133 0.102 0.133 0.127 0.149 0.142 0.157 0.133 0.166 0.105 0.186 0.127 0.157 0.140 0.140 0.099 0.119 
0.133 0.155 0.142 0.135 0.150 0.111 0.160 0.153 0.136 0.136 0.154 0.123 0.128 0.179 0.146 0.133 0.157 0.156 0.132 0.133 0.144 0.129 0.120 0.134 0.110 0.089 0.128 0.153 0.115 0.117 0.144 0.125 0.140 0.102 0.155 0.133 0.151 0.152 0.110 0.155 0.130 0.154 0.138 0.122 0.149 0.128 0.143 0.121 0.108 0.128 0.115 0.129 0.145 0.133 0.116 0.076 0.114 0.128 0.117 0.108 
