0.116 0.111 0.135 0.098 0.133 0.157 0.153 0.146 0.141 0.145 0.118 0.161 0.137 0.133 0.106 0.153 0.125 0.169 0.136 0.135 0.127 0.115 0.143 0.143 0.132 0.118 0.133 0.149 0.110 0.140 0.172 0.173 0.155 0.114 0.116 0.142 0.154 0.128 0.161 0.189 0.179 0.130 0.172 0.148 0.146 0.144 0.166 0.171 0.152 0.160 0.138 0.140 0.102 0.122 0.153 0.216 0.305 0.190 0.146 0.175 
0.108 0.153 0.131 0.164 0.146 0.130 0.134 0.152 0.134 0.142 0.167 0.134 0.140 0.186 0.127 0.132 0.167 0.169 0.142 0.133 0.151 0.141 0.146 0.133 0.143 0.093 0.165 0.108 0.147 0.133 0.121 0.109 0.165 0.142 0.154 0.134 0.133 0.147 0.176 0.170 0.167 0.165 0.151 0.163 0.141 0.189 0.116 0.182 0.128 0.135 0.178 0.165 0.177 0.123 0.145 0.142 0.195 0.125 0.136 0.179 
0.142 0.188 0.123 0.160 0.164 0.148 0.150 0.120 0.171 0.201 0.155 0.180 0.129 0.134 0.154 0.172 0.201 0.157 0.183 0.164 0.164 0.156 0.113 0.134 0.129 0.170 0.201 0.183 0.152 0.138 0.113 0.120 0.175 0.140 0.151 0.169 0.184 0.159 0.172 0.182 0.179 0.183 0.143 0.138 0.147 0.113 0.160 0.152 0.153 0.121 0.142 0.137 0.155 0.125 0.149 0.156 0.180 0.153 0.154 0.153 
0.128 0.125 0.152 0.195 0.166 0.161 0.156 0.160 0.157 0.188 0.142 0.197 0.137 0.112 0.143 0.168 0.125 0.183 0.128 0.161 0.166 0.155 0.136 0.154 0.155 0.186 0.185 0.126 0.140 0.161 0.172 0.169 0.176 0.126 0.166 0.182 0.200 0.146 0.190 0.172 0.153 0.150 0.158 0.125 0.126 0.155 0.168 0.165 0.153 0.180 0.184 0.138 0.155 0.164 0.141 0.145 0.186 0.186 0.155 0.171 
0.115 0.127 0.159 0.153 0.111 0.162 0.167 0.173 0.172 0.139 0.123 0.179 0.236 0.145 0.158 0.159 0.170 0.155 0.150 0.173 0.162 0.161 0.149 0.160 0.161 0.170 0.177 0.148 0.156 0.149 0.129 0.117 0.144 0.179 0.087 0.091 0.084 0.055 0.082 0.074 0.049 0.086 0.090 0.071 0.089 0.057 0.096 0.104 0.059 0.048 0.081 0.086 0.051 0.078 0.089 0.051 0.115 0.073 0.086 0.078 
0.051 0.081 0.091 0.076 0.044 0.053 0.064 0.075 0.090 0.086 0.113 0.108 0.091 0.106 0.085 0.054 0.059 0.102 0.083 0.075 0.059 0.079 0.082 0.071 0.081 0.077 0.117 0.097 0.081 0.123 0.086 0.045 0.087 0.074 0.047 0.088 0.095 0.075 0.069 0.061 0.045 0.068 0.101 0.090 0.074 0.089 0.095 0.060 0.107 0.075 0.056 0.086 0.082 0.077 0.072 0.088 0.073 0.085 0.087 0.084 
0.074 0.036 0.090 0.083 0.078 0.110 0.077 0.056 0.089 0.101 0.085 0.072 0.087 0.049 0.099 0.104 0.081 0.063 0.060 0.081 0.048 0.072 0.104 0.080 0.088 0.094 0.070 0.088 0.079 0.056 0.076 0.086 0.095 0.043 0.091 0.076 0.064 0.070 0.075 0.106 0.063 0.089 0.086 0.080 0.086 0.054 0.068 0.084 0.052 0.089 0.088 0.096 0.044 0.063 0.056 0.089 0.108 0.070 0.089 0.050 
0.111 0.075 0.091 0.085 0.074 0.064 0.059 0.057 0.094 0.079 0.134 0.096 0.086 0.084 0.078 0.092 0.088 0.063 0.082 0.081 0.082 0.081 0.076 0.044 0.089 0.082 0.093 0.056 0.082 0.068 0.067 0.104 0.049 0.087 0.074 0.078 0.094 0.079 0.106 0.064 0.050 0.087 0.094 0.093 0.100 0.071 0.097 0.093 0.061 0.044 0.048 0.044 0.095 0.084 0.083 0.083 0.095 0.088 0.079 0.048 
0.081 0.078 0.086 0.079 0.102 0.101 0.055 0.093 0.049 0.083 0.067 0.104 0.084 0.092 0.085 0.092 0.066 0.103 0.082 0.079 0.048 0.084 0.083 0.049 0.049 0.085 0.093 0.076 0.056 0.079 0.094 0.051 0.077 0.086 0.072 0.085 0.046 0.101 0.091 0.053 0.095 0.088 0.064 0.071 0.074 0.092 0.055 0.104 0.079 0.077 0.044 0.093 0.097 0.044 0.080 0.082 0.101 0.076 0.088 0.096 
0.088 0.051 0.046 0.052 0.072 0.086 0.059 0.077 0.089 0.089 0.086 0.054 0.071 0.090 0.075 0.086 0.043 0.102 0.088 0.046 0.062 0.075 0.102 0.080 0.077 0.046 0.059 0.097 0.090 0.101 0.090 0.103 0.097 0.085 0.047 0.101 0.136 0.057 0.058 0.118 0.045 0.102 0.098 0.059 0.088 0.084 0.111 0.082 0.095 0.050 0.072 0.047 0.086 0.083 0.082 0.059 0.060 0.079 0.085 0.094 
0.112 0.089 0.055 0.094 0.051 0.080 0.102 0.086 0.068 0.093 0.093 0.046 0.058 0.076 0.088 0.057 0.088 0.112 0.059 0.095 0.097 0.043 0.087 0.076 0.084 0.086 0.100 0.049 0.094 0.086 0.045 0.062 0.090 0.086 0.054 0.095 0.084 0.078 0.089 0.092 0.075 0.069 0.046 0.051 0.082 0.047 0.079 0.083 0.088 0.076 0.101 0.084 0.074 0.083 0.074 0.093 0.090 0.045 0.045 0.047 
0.083 0.082 0.055 0.087 0.090 0.067 0.084 0.075 0.088 0.099 0.100 0.085 0.059 0.080 0.061 0.090 0.095 0.095 0.071 0.079 0.052 0.076 0.082 0.044 0.050 0.065 0.079 0.082 0.077 0.051 0.080 0.074 0.081 0.250 0.062 0.071 0.084 0.090 0.078 0.092 0.071 0.083 0.075 0.067 0.042 0.081 0.082 0.093 0.077 0.078 0.049 0.077 0.087 0.075 0.076 0.073 0.040 0.089 0.083 0.081 
0.080 0.042 0.050 0.073 0.085 0.066 0.077 0.099 0.044 0.090 0.082 0.050 0.074 0.085 0.083 0.077 0.060 0.086 0.083 0.095 0.093 0.053 0.090 0.060 0.039 0.088 0.079 0.085 0.091 0.083 0.086 0.048 0.092 0.083 0.055 0.093 0.080 0.085 0.144 0.240 0.161 0.157 0.081 0.078 0.082 0.048 0.097 0.068 0.091 0.081 0.085 0.080 0.044 0.076 0.080 0.068 0.064 0.073 0.077 0.078 
0.045 0.074 0.069 0.096 0.100 0.083 0.084 0.058 0.080 0.095 0.088 0.086 0.081 0.076 0.039 0.087 0.053 0.085 0.083 0.074 0.049 0.079 0.079 0.074 0.068 0.077 0.046 0.078 0.093 0.096 0.083 0.067 0.079 0.045 0.082 0.071 0.059 0.086 0.071 0.106 0.048 0.082 0.098 0.044 0.052 0.090 0.084 0.080 0.084 0.089 0.071 0.079 0.090 0.046 0.051 0.068 0.075 0.073 0.079 0.076 
0.070 0.070 0.064 0.039 0.088 0.080 0.082 0.079 0.097 0.081 0.084 0.042 0.073 0.070 0.078 0.063 0.064 0.058 0.095 0.067 0.087 0.072 0.071 0.042 0.073 0.084 0.000 0.089 0.071 0.045 0.071 0.069 0.105 0.088 0.041 0.046 0.081 0.034 0.046 0.089 0.073 0.070 0.086 0.079 0.074 0.087 0.064 0.072 0.079 0.034 0.074 0.070 0.085 0.070 0.069 0.065 0.064 0.065 0.064 0.675 
0.430 0.409 0.393 0.375 0.390 0.556 0.651 0.619 0.634 0.667 0.642 0.590 0.640 0.685 0.742 0.729 0.591 0.590 0.523 0.440 0.623 0.635 0.633 0.637 0.633 0.617 0.617 0.631 0.755 0.773 0.083 0.066 0.067 0.027 0.035 0.065 0.065 0.068 0.059 0.064 0.064 0.066 0.063 0.040 0.051 0.068 0.035 0.063 0.065 0.066 0.065 0.065 0.027 0.066 0.067 0.074 0.061 0.059 0.032 0.036 
0.070 0.066 0.032 0.064 0.064 0.062 0.062 0.025 0.063 0.064 0.062 0.067 0.062 0.062 0.031 0.031 0.032 0.025 0.067 0.069 0.055 0.115 0.646 0.470 0.232 0.146 0.068 0.060 0.067 0.060 0.080 0.086 0.059 0.067 0.059 0.071 0.071 0.070 0.060 0.070 0.067 0.074 0.045 0.041 0.068 0.076 0.067 0.064 0.063 0.064 0.064 0.061 0.057 0.065 0.033 0.063 0.068 0.057 0.070 0.082 
0.080 0.043 0.052 0.080 0.088 0.089 0.050 0.087 0.080 0.090 0.057 0.086 0.101 0.041 0.090 0.077 0.061 0.089 0.052 0.063 0.051 0.089 0.055 0.075 0.045 0.070 0.084 0.087 0.067 0.059 0.051 0.100 0.085 0.073 0.083 0.053 0.060 0.054 0.086 0.089 0.100 0.091 0.090 0.083 0.046 0.044 0.065 0.080 0.057 0.086 0.075 0.085 0.064 0.058 0.049 0.041 0.047 0.052 0.049 0.065 
0.074 0.082 0.094 0.048 0.084 0.091 0.046 0.083 0.081 0.054 0.092 0.057 0.055 0.049 0.081 0.049 0.088 0.094 0.093 0.072 0.082 0.084 0.047 0.050 0.066 0.079 0.080 0.044 0.080 0.038 0.080 0.072 0.068 0.077 0.078 0.049 0.039 0.081 0.077 0.084 0.063 0.061 0.093 0.075 0.081 0.080 0.075 0.089 0.056 0.052 0.079 0.064 0.079 0.083 0.070 0.073 0.037 0.000 0.055 0.026 
0.058 0.032 0.025 0.059 0.058 0.055 0.063 0.025 0.024 0.025 0.065 0.058 0.033 0.058 0.033 0.029 0.031 0.025 0.064 0.036 0.064 0.061 0.046 0.041 0.062 0.025 0.062 0.032 0.063 0.025 0.031 0.026 0.031 0.026 0.064 0.060 0.064 0.036 0.056 0.029 0.073 0.028 0.030 0.032 0.060 0.038 0.059 0.063 0.027 0.033 0.026 0.035 0.059 0.034 0.060 0.066 0.025 0.061 0.057 0.032 
0.060 0.034 0.058 0.065 0.027 0.062 0.057 0.031 0.028 0.064 0.024 0.035 0.029 0.059 0.036 0.062 0.056 0.065 0.074 0.060 0.068 0.060 0.064 0.065 0.062 0.060 0.034 0.071 0.063 0.064 0.070 0.066 0.073 0.036 0.062 0.069 0.059 0.067 0.063 0.067 0.076 0.064 0.051 0.070 0.069 0.067 0.062 0.037 0.059 0.066 0.064 0.066 0.084 0.061 0.066 0.067 0.059 0.037 0.067 0.067 
0.072 0.065 0.069 0.067 0.069 0.065 0.062 0.067 0.065 0.062 0.059 0.065 0.067 0.028 0.069 0.080 0.064 0.072 0.067 0.069 0.071 0.071 0.072 0.065 0.066 0.071 0.030 0.078 0.090 0.070 0.068 0.033 0.072 0.070 0.079 0.050 0.067 0.081 0.070 0.077 0.089 0.068 0.076 0.061 0.070 0.072 0.044 0.071 0.059 0.068 0.073 0.072 0.048 0.070 0.078 0.086 0.069 0.078 0.039 0.069 
0.070 0.071 0.074 0.069 0.075 0.074 0.073 0.078 0.069 0.053 0.088 0.095 0.076 0.054 0.083 0.092 0.043 0.076 0.085 0.084 0.065 0.071 0.075 0.084 0.094 0.049 0.073 0.074 0.079 0.071 0.067 0.083 0.105 0.097 0.049 0.068 0.078 0.084 0.068 0.074 0.086 0.083 0.082 0.056 0.078 0.099 0.091 0.084 0.080 0.070 0.079 0.080 0.036 0.073 0.070 0.053 0.086 0.076 0.041 0.069 
0.072 0.078 0.072 0.092 0.091 0.070 0.085 0.085 0.079 0.078 0.087 0.075 0.073 0.048 0.084 0.076 0.087 0.084 0.075 0.084 0.073 0.043 0.084 0.067 0.085 0.075 0.066 0.077 0.071 0.074 0.066 0.074 0.079 0.052 0.076 0.079 0.048 0.083 0.040 0.085 0.083 0.080 0.075 0.067 0.077 0.038 0.080 0.087 0.072 0.108 0.068 0.087 0.086 0.089 0.086 0.059 0.084 0.082 0.076 0.094 
