0.063 0.059 0.029 0.032 0.064 0.035 0.061 0.072 0.058 0.073 0.035 0.029 0.034 0.030 0.067 0.066 0.031 0.050 0.039 0.063 0.064 0.057 0.066 0.061 0.063 0.025 0.024 0.059 0.061 0.031 0.064 0.029 0.068 0.060 0.059 0.073 0.026 0.033 0.059 0.027 0.029 0.062 0.057 0.026 0.054 0.028 0.025 0.026 0.056 0.058 0.061 0.027 0.026 0.025 0.054 0.061 0.028 0.028 0.065 0.028 
0.031 0.058 0.059 0.067 0.058 0.071 0.026 0.033 0.061 0.076 0.026 0.035 0.060 0.032 0.057 0.066 0.058 0.032 0.057 0.031 0.030 0.065 0.031 0.077 0.035 0.076 0.029 0.035 0.037 0.064 0.040 0.059 0.080 0.038 0.070 0.064 0.049 0.033 0.075 0.037 0.044 0.070 0.069 0.066 0.042 0.042 0.037 0.080 0.081 0.050 0.052 0.057 0.032 0.036 0.066 0.038 0.066 0.046 0.066 0.047 
0.029 0.037 0.030 0.040 0.043 0.054 0.074 0.075 0.036 0.043 0.071 0.087 0.078 0.057 0.040 0.035 0.045 0.032 0.039 0.039 0.066 0.083 0.082 0.053 0.069 0.070 0.047 0.074 0.079 0.078 0.085 0.085 0.097 0.094 0.055 0.104 0.060 0.061 0.061 0.103 0.101 0.093 0.117 0.092 0.079 0.081 0.081 0.087 0.079 0.060 0.095 0.098 0.061 0.080 0.089 0.079 0.051 0.082 0.087 0.082 
0.073 0.053 0.076 0.094 0.097 0.101 0.057 0.102 0.085 0.073 0.092 0.069 0.050 0.083 0.077 0.089 0.049 0.084 0.092 0.092 0.117 0.099 0.082 0.102 0.095 0.099 0.106 0.068 0.105 0.089 0.075 0.072 0.097 0.110 0.075 0.105 0.081 0.098 0.088 0.056 0.079 0.103 0.103 0.066 0.095 0.092 0.091 0.074 0.084 0.078 0.090 0.090 0.096 0.104 0.060 0.094 0.091 0.102 0.100 0.069 
0.105 0.097 0.099 0.094 0.070 0.104 0.096 0.090 0.064 0.065 0.091 0.090 0.073 0.103 0.095 0.091 0.094 0.069 0.085 0.099 0.084 0.099 0.067 0.104 0.099 0.093 0.065 0.069 0.093 0.108 0.120 0.096 0.079 0.092 0.078 0.095 0.084 0.082 0.066 0.085 0.096 0.104 0.078 0.086 0.099 0.098 0.089 0.083 0.051 0.102 0.109 0.127 0.073 0.082 0.108 0.096 0.069 0.105 0.126 0.098 
0.068 0.087 0.091 0.114 0.096 0.083 0.069 0.099 0.114 0.095 0.058 0.084 0.089 0.109 0.096 0.075 0.109 0.101 0.074 0.099 0.114 0.099 0.080 0.059 0.081 0.085 0.091 0.108 0.060 0.098 0.091 0.079 0.071 0.050 0.087 0.100 0.098 0.090 0.066 0.091 0.123 0.060 0.055 0.094 0.105 0.099 0.099 0.083 0.105 0.095 0.089 0.104 0.109 0.089 0.080 0.085 0.059 0.093 0.114 0.108 
0.069 0.076 0.097 0.080 0.075 0.072 0.097 0.094 0.087 0.076 0.088 0.090 0.088 0.056 0.090 0.111 0.112 0.089 0.065 0.063 0.106 0.102 0.059 0.100 0.100 0.090 0.074 0.100 0.086 0.082 0.064 0.077 0.104 0.092 0.044 0.099 0.054 0.079 0.089 0.102 0.071 0.101 0.105 0.048 0.104 0.108 0.057 0.086 0.122 0.091 0.109 0.059 0.108 0.082 0.078 0.071 0.089 0.065 0.112 0.101 
0.069 0.102 0.093 0.077 0.089 0.097 0.117 0.062 0.096 0.084 0.087 0.059 0.064 0.114 0.082 0.099 0.054 0.088 0.093 0.093 0.104 0.067 0.090 0.114 0.104 0.094 0.047 0.096 0.071 0.059 0.101 0.090 0.090 0.053 0.094 0.121 0.101 0.071 0.094 0.082 0.077 0.099 0.080 0.061 0.089 0.098 0.095 0.066 0.063 0.087 0.100 0.109 0.075 0.060 0.094 0.093 0.085 0.064 0.114 0.106 
0.072 0.082 0.094 0.102 0.074 0.086 0.093 0.115 0.117 0.147 0.062 0.082 0.074 0.090 0.080 0.052 0.086 0.082 0.088 0.065 0.113 0.097 0.086 0.085 0.072 0.069 0.101 0.123 0.102 0.067 0.083 0.080 0.093 0.061 0.087 0.097 0.077 0.079 0.051 0.075 0.090 0.076 0.083 0.091 0.078 0.092 0.085 0.117 0.090 0.057 0.109 0.096 0.108 0.103 0.060 0.097 0.100 0.112 0.051 0.084 
0.060 0.081 0.093 0.100 0.061 0.095 0.100 0.095 0.057 0.092 0.084 0.060 0.096 0.107 0.084 0.093 0.051 0.081 0.066 0.075 0.102 0.061 0.080 0.097 0.096 0.100 0.087 0.069 0.088 0.085 0.082 0.051 0.097 0.083 0.098 0.064 0.078 0.069 0.099 0.096 0.054 0.083 0.131 0.094 0.065 0.093 0.093 0.091 0.062 0.083 0.115 0.123 0.091 0.071 0.086 0.055 0.090 0.088 0.083 0.054 
0.083 0.089 0.079 0.101 0.055 0.104 0.094 0.077 0.084 0.064 0.097 0.091 0.095 0.084 0.074 0.063 0.056 0.092 0.084 0.085 0.109 0.076 0.096 0.095 0.070 0.123 0.085 0.069 0.084 0.095 0.088 0.094 0.091 0.073 0.080 0.105 0.102 0.091 0.085 0.082 0.118 0.101 0.103 0.100 0.099 0.095 0.098 0.094 0.086 0.094 0.091 0.113 0.101 0.104 0.059 0.066 0.105 0.095 0.075 0.111 
0.091 0.155 0.092 0.106 0.142 0.070 0.114 0.053 0.086 0.101 0.082 0.068 0.095 0.092 0.062 0.086 0.088 0.094 0.064 0.107 0.091 0.102 0.114 0.112 0.082 0.095 0.091 0.082 0.079 0.058 0.102 0.057 0.088 0.092 0.062 0.106 0.096 0.051 0.093 0.069 0.093 0.078 0.102 0.062 0.061 0.091 0.090 0.104 0.056 0.156 0.218 0.239 0.212 0.198 0.177 0.191 0.146 0.138 0.129 0.114 
0.098 0.114 0.178 0.212 0.212 0.222 0.190 0.172 0.165 0.145 0.101 0.118 0.100 0.094 0.078 0.076 0.062 0.066 0.079 0.059 0.112 0.092 0.070 0.145 0.234 0.168 0.074 0.125 0.162 0.120 0.097 0.102 0.086 0.089 0.077 0.060 0.068 0.075 0.092 0.091 0.096 0.066 0.108 0.100 0.054 0.092 0.091 0.096 0.079 0.099 0.079 0.083 0.089 0.060 0.099 0.082 0.071 0.090 0.086 0.108 
0.068 0.090 0.082 0.056 0.122 0.102 0.112 0.062 0.112 0.087 0.075 0.072 0.046 0.092 0.086 0.088 0.070 0.068 0.065 0.095 0.070 0.087 0.095 0.081 0.082 0.096 0.101 0.061 0.095 0.092 0.108 0.084 0.102 0.114 0.090 0.114 0.087 0.107 0.051 0.106 0.071 0.085 0.106 0.059 0.096 0.079 0.098 0.056 0.109 0.098 0.074 0.108 0.095 0.094 0.060 0.113 0.090 0.094 0.089 0.063 
0.101 0.102 0.087 0.083 0.084 0.071 0.090 0.051 0.092 0.093 0.103 0.062 0.097 0.086 0.090 0.104 0.062 0.115 0.085 0.065 0.074 0.105 0.095 0.102 0.070 0.092 0.079 0.098 0.094 0.080 0.087 0.088 0.097 0.095 0.047 0.110 0.095 0.079 0.070 0.068 0.065 0.101 0.112 0.103 0.056 0.095 0.053 0.101 0.094 0.096 0.120 0.139 0.104 0.091 0.100 0.090 0.070 0.091 0.069 0.128 
0.047 0.097 0.109 0.104 0.063 0.093 0.091 0.099 0.080 0.064 0.081 0.084 0.081 0.074 0.066 0.042 0.091 0.076 0.085 0.079 0.097 0.104 0.051 0.104 0.084 0.088 0.130 0.079 0.096 0.087 0.075 0.083 0.086 0.118 0.078 0.104 0.082 0.099 0.097 0.102 0.093 0.087 0.124 0.237 0.163 0.158 0.169 0.175 0.136 0.156 0.180 0.171 0.142 0.124 0.138 0.206 0.178 0.179 0.177 0.166 
0.177 0.184 0.172 0.131 0.170 0.174 0.175 0.186 0.183 0.143 0.134 0.184 0.180 0.176 0.178 0.141 0.169 0.138 0.126 0.149 0.149 0.147 0.136 0.157 0.139 0.147 0.174 0.124 0.195 0.153 0.181 0.159 0.132 0.118 0.145 0.167 0.194 0.119 0.163 0.146 0.150 0.152 0.158 0.138 0.183 0.152 0.134 0.139 0.126 0.106 0.124 0.125 0.140 0.127 0.146 0.154 0.117 0.174 0.141 0.171 
0.129 0.129 0.111 0.147 0.148 0.157 0.126 0.125 0.116 0.110 0.127 0.125 0.122 0.132 0.108 0.122 0.121 0.113 0.122 0.127 0.152 0.156 0.129 0.106 0.145 0.180 0.124 0.162 0.294 0.135 0.144 0.129 0.127 0.097 0.140 0.187 0.136 0.144 0.139 0.138 0.113 0.126 0.123 0.109 0.141 0.164 0.112 0.150 0.153 0.135 0.100 0.148 0.149 0.102 0.152 0.151 0.127 0.112 0.153 0.143 
0.169 0.118 0.126 0.150 0.153 0.136 0.137 0.167 0.159 0.180 0.118 0.180 0.211 0.173 0.131 0.096 0.128 0.126 0.128 0.118 0.132 0.136 0.111 0.125 0.139 0.129 0.114 0.140 0.177 0.124 0.145 0.120 0.127 0.146 0.119 0.139 0.110 0.117 0.087 0.130 0.143 0.132 0.133 0.095 0.115 0.116 0.112 0.121 0.106 0.121 0.122 0.128 0.124 0.134 0.125 0.141 0.091 0.150 0.093 0.111 
0.128 0.121 0.146 0.128 0.167 0.163 0.118 0.142 0.126 0.120 0.158 0.110 0.157 0.170 0.125 0.123 0.163 0.138 0.148 0.094 0.130 0.099 0.119 0.154 0.179 0.146 0.125 0.127 0.118 0.095 0.138 0.148 0.120 0.137 0.134 0.136 0.154 0.146 0.128 0.122 0.152 0.159 0.138 0.180 0.124 0.119 0.096 0.135 0.136 0.133 0.146 0.123 0.121 0.118 0.142 0.127 0.118 0.160 0.102 0.103 
0.108 0.126 0.141 0.169 0.151 0.147 0.183 0.148 0.142 0.142 0.155 0.159 0.146 0.132 0.131 0.104 0.132 0.134 0.132 0.102 0.106 0.000 0.114 0.117 0.114 0.120 0.136 0.116 0.118 0.117 0.116 0.135 0.127 0.133 0.153 0.131 0.126 0.114 0.134 0.110 0.118 0.101 0.138 0.130 0.127 0.105 0.114 0.126 0.118 0.117 0.090 0.128 0.122 0.123 0.120 0.124 0.112 0.101 0.108 0.098 
0.084 0.085 0.079 0.108 0.100 0.108 0.105 0.099 0.087 0.094 0.111 0.092 0.114 0.088 0.096 0.099 0.102 0.103 0.107 0.084 0.088 0.087 0.098 0.067 0.065 0.095 0.107 0.102 0.095 0.101 0.104 0.093 0.108 0.098 0.100 0.107 0.099 0.104 0.092 0.085 0.085 0.128 0.092 0.088 0.078 0.070 0.096 0.053 0.110 0.086 0.106 0.105 0.092 0.115 0.100 0.120 0.103 0.096 0.100 0.080 
0.097 0.091 0.083 0.093 0.084 0.080 0.085 0.046 0.070 0.041 0.076 0.074 0.071 0.077 0.074 0.043 0.070 0.071 0.080 0.073 0.082 0.074 0.641 0.402 0.393 0.403 0.373 0.389 0.393 0.397 0.709 0.636 0.632 0.609 0.625 0.604 0.569 0.639 0.741 0.756 0.584 0.527 0.442 0.390 0.359 0.353 0.393 0.655 0.637 0.632 0.679 0.638 0.608 0.561 0.660 0.725 0.600 0.079 0.081 0.084 
0.075 0.078 0.069 0.052 0.082 0.073 0.086 0.057 0.045 0.083 0.096 0.087 0.081 0.083 0.106 0.091 0.066 0.082 0.085 0.080 0.078 0.088 0.084 0.077 0.095 0.078 0.045 0.050 0.065 0.058 0.086 0.085 0.044 0.055 0.089 0.082 0.081 0.048 0.099 0.072 0.086 0.053 0.068 0.051 0.110 0.186 0.204 0.197 0.207 0.158 0.164 0.161 0.368 0.507 0.396 0.273 0.099 0.176 0.194 0.189 
