0.131 0.175 0.187 0.203 0.181 0.146 0.143 0.162 0.186 0.165 0.153 0.105 0.152 0.149 0.183 0.165 0.168 0.127 0.174 0.172 0.112 0.170 0.154 0.123 0.165 0.146 0.167 0.168 0.164 0.184 0.168 0.166 0.162 0.138 0.135 0.137 0.143 0.157 0.160 0.186 0.181 0.142 0.126 0.141 0.147 0.152 0.131 0.146 0.149 0.166 0.150 0.152 0.123 0.116 0.184 0.141 0.140 0.182 0.174 0.109 
0.135 0.154 0.122 0.194 0.177 0.147 0.118 0.157 0.154 0.158 0.127 0.147 0.164 0.142 0.114 0.162 0.146 0.116 0.148 0.133 0.162 0.177 0.159 0.162 0.150 0.139 0.111 0.157 0.143 0.120 0.139 0.152 0.148 0.160 0.168 0.171 0.173 0.155 0.170 0.176 0.121 0.150 0.180 0.126 0.142 0.124 0.141 0.160 0.164 0.120 0.148 0.171 0.146 0.145 0.136 0.159 0.152 0.199 0.187 0.172 
0.153 0.142 0.175 0.177 0.152 0.150 0.126 0.125 0.123 0.181 0.154 0.145 0.176 0.171 0.146 0.150 0.154 0.140 0.187 0.196 0.185 0.202 0.258 0.162 0.178 0.134 0.176 0.206 0.133 0.139 0.126 0.168 0.171 0.125 0.153 0.098 0.136 0.151 0.163 0.146 0.147 0.156 0.190 0.148 0.160 0.119 0.149 0.142 0.169 0.168 0.131 0.147 0.134 0.143 0.154 0.123 0.116 0.180 0.177 0.153 
0.167 0.150 0.135 0.147 0.166 0.138 0.136 0.123 0.154 0.173 0.153 0.155 0.151 0.149 0.148 0.137 0.170 0.184 0.183 0.123 0.154 0.154 0.132 0.163 0.144 0.159 0.179 0.174 0.192 0.159 0.137 0.148 0.168 0.140 0.176 0.163 0.124 0.163 0.165 0.179 0.150 0.139 0.203 0.148 0.166 0.165 0.152 0.142 0.176 0.182 0.128 0.133 0.149 0.132 0.181 0.149 0.152 0.163 0.183 0.170 
0.200 0.175 0.146 0.147 0.193 0.165 0.147 0.158 0.153 0.171 0.147 0.122 0.150 0.187 0.163 0.177 0.169 0.159 0.144 0.164 0.150 0.170 0.166 0.148 0.169 0.136 0.167 0.219 0.191 0.163 0.156 0.158 0.166 0.192 0.193 0.189 0.130 0.143 0.158 0.161 0.141 0.156 0.145 0.160 0.173 0.128 0.141 0.167 0.171 0.170 0.159 0.165 0.141 0.142 0.137 0.151 0.157 0.168 0.183 0.145 
0.149 0.144 0.154 0.148 0.193 0.191 0.144 0.135 0.160 0.175 0.169 0.123 0.171 0.160 0.150 0.119 0.145 0.183 0.164 0.177 0.147 0.171 0.127 0.126 0.143 0.157 0.157 0.166 0.191 0.153 0.123 0.179 0.149 0.166 0.155 0.123 0.150 0.173 0.169 0.176 0.125 0.129 0.143 0.149 0.172 0.186 0.160 0.187 0.134 0.166 0.176 0.149 0.151 0.151 0.180 0.167 0.173 0.210 0.151 0.171 
0.219 0.163 0.115 0.212 0.154 0.171 0.160 0.139 0.177 0.179 0.133 0.170 0.177 0.194 0.171 0.161 0.125 0.139 0.173 0.179 0.184 0.157 0.160 0.132 0.175 0.142 0.160 0.184 0.141 0.151 0.167 0.155 0.141 0.190 0.128 0.161 0.173 0.144 0.149 0.155 0.158 0.156 0.125 0.145 0.169 0.142 0.145 0.165 0.167 0.185 0.128 0.194 0.143 0.176 0.152 0.150 0.133 0.170 0.203 0.149 
0.106 0.153 0.149 0.181 0.141 0.166 0.178 0.124 0.152 0.147 0.138 0.137 0.159 0.163 0.179 0.176 0.170 0.157 0.160 0.157 0.190 0.144 0.145 0.168 0.170 0.158 0.152 0.170 0.186 0.280 0.276 0.253 0.243 0.187 0.188 0.156 0.121 0.137 0.155 0.150 0.147 0.161 0.146 0.133 0.113 0.144 0.163 0.138 0.198 0.168 0.127 0.180 0.141 0.151 0.143 0.159 0.154 0.166 0.181 0.144 
0.145 0.113 0.122 0.180 0.190 0.178 0.180 0.167 0.154 0.144 0.138 0.150 0.168 0.158 0.153 0.159 0.144 0.122 0.147 0.169 0.157 0.127 0.135 0.168 0.142 0.137 0.157 0.148 0.219 0.270 0.279 0.310 0.305 0.297 0.258 0.270 0.210 0.218 0.190 0.184 0.169 0.202 0.197 0.212 0.250 0.294 0.262 0.301 0.270 0.233 0.224 0.231 0.181 0.144 0.172 0.158 0.214 0.191 0.152 0.148 
0.130 0.161 0.216 0.255 0.139 0.134 0.148 0.129 0.126 0.115 0.110 0.148 0.140 0.139 0.136 0.150 0.163 0.110 0.143 0.110 0.305 0.162 0.135 0.131 0.152 0.129 0.148 0.136 0.157 0.166 0.145 0.153 0.181 0.178 0.154 0.142 0.165 0.130 0.144 0.151 0.138 0.157 0.172 0.141 0.120 0.104 0.114 0.170 0.107 0.149 0.131 0.152 0.146 0.122 0.121 0.141 0.158 0.167 0.182 0.188 
0.157 0.143 0.106 0.139 0.157 0.170 0.117 0.145 0.145 0.126 0.126 0.152 0.103 0.142 0.119 0.142 0.127 0.154 0.125 0.092 0.127 0.128 0.126 0.135 0.140 0.116 0.150 0.160 0.166 0.136 0.106 0.140 0.157 0.149 0.156 0.130 0.141 0.130 0.125 0.131 0.103 0.123 0.114 0.130 0.119 0.135 0.154 0.136 0.093 0.124 0.116 0.140 0.136 0.131 0.144 0.148 0.140 0.143 0.139 0.123 
0.135 0.159 0.134 0.160 0.120 0.135 0.139 0.168 0.141 0.123 0.147 0.135 0.174 0.134 0.131 0.152 0.137 0.092 0.115 0.126 0.143 0.090 0.156 0.144 0.144 0.148 0.139 0.144 0.131 0.145 0.142 0.136 0.145 0.135 0.146 0.117 0.098 0.162 0.119 0.110 0.134 0.134 0.149 0.132 0.169 0.156 0.163 0.132 0.088 0.092 0.124 0.130 0.112 0.117 0.143 0.140 0.158 0.133 0.150 0.135 
0.127 0.147 0.122 0.149 0.116 0.143 0.149 0.145 0.130 0.107 0.124 0.106 0.098 0.000 0.142 0.125 0.120 0.113 0.117 0.152 0.129 0.077 0.112 0.103 0.122 0.125 0.096 0.136 0.138 0.116 0.120 0.101 0.125 0.119 0.092 0.101 0.099 0.121 0.106 0.134 0.145 0.120 0.115 0.112 0.116 0.105 0.119 0.117 0.133 0.108 0.122 0.110 0.071 0.090 0.094 0.117 0.112 0.100 0.074 0.074 
0.100 0.095 0.101 0.100 0.096 0.108 0.060 0.081 0.090 0.100 0.095 0.096 0.068 0.119 0.101 0.093 0.097 0.099 0.101 0.087 0.093 0.100 0.088 0.096 0.089 0.103 0.089 0.087 0.097 0.079 0.091 0.093 0.098 0.093 0.069 0.087 0.061 0.101 0.093 0.113 0.090 0.086 0.106 0.089 0.097 0.065 0.102 0.089 0.085 0.085 0.092 0.119 0.100 0.086 0.081 0.054 0.052 0.090 0.084 0.070 
0.106 0.075 0.081 0.105 0.109 0.084 0.086 0.094 0.086 0.081 0.087 0.079 0.088 0.084 0.640 0.358 0.350 0.378 0.382 0.349 0.372 0.366 0.541 0.645 0.619 0.590 0.550 0.628 0.606 0.629 0.617 0.610 0.733 0.758 0.609 0.439 0.397 0.361 0.376 0.378 0.372 0.585 0.663 0.649 0.607 0.604 0.597 0.572 0.591 0.623 0.671 0.710 0.119 0.071 0.069 0.071 0.069 0.049 0.078 0.077 
0.056 0.079 0.075 0.085 0.081 0.090 0.086 0.076 0.078 0.072 0.060 0.080 0.047 0.095 0.084 0.086 0.059 0.070 0.087 0.073 0.051 0.051 0.077 0.081 0.070 0.084 0.076 0.051 0.060 0.042 0.047 0.079 0.067 0.068 0.082 0.076 0.069 0.080 0.075 0.073 0.077 0.076 0.077 0.396 0.568 0.436 0.152 0.086 0.094 0.082 0.085 0.087 0.086 0.074 0.037 0.042 0.071 0.075 0.042 0.046 
0.097 0.078 0.112 0.090 0.075 0.055 0.077 0.059 0.087 0.079 0.084 0.083 0.121 0.079 0.079 0.070 0.212 0.624 0.576 0.169 0.079 0.086 0.081 0.093 0.036 0.075 0.079 0.049 0.107 0.078 0.073 0.058 0.044 0.071 0.067 0.072 0.037 0.067 0.044 0.071 0.075 0.074 0.040 0.070 0.037 0.072 0.039 0.040 0.034 0.073 0.039 0.073 0.043 0.081 0.046 0.074 0.052 0.046 0.044 0.071 
0.098 0.063 0.062 0.081 0.085 0.044 0.085 0.073 0.047 0.037 0.076 0.070 0.043 0.066 0.049 0.072 0.043 0.049 0.056 0.100 0.074 0.066 0.101 0.059 0.080 0.045 0.088 0.053 0.062 0.086 0.050 0.063 0.099 0.058 0.053 0.071 0.090 0.073 0.086 0.089 0.054 0.112 0.064 0.089 0.060 0.057 0.101 0.063 0.057 0.086 0.068 0.091 0.066 0.058 0.107 0.068 0.142 0.070 0.113 0.072 
0.081 0.104 0.093 0.084 0.126 0.079 0.064 0.068 0.127 0.076 0.110 0.158 0.117 0.090 0.139 0.139 0.137 0.101 0.134 0.131 0.161 0.123 0.130 0.136 0.162 0.159 0.205 0.143 0.109 0.145 0.157 0.102 0.083 0.067 0.073 0.077 0.089 0.077 0.077 0.082 0.048 0.111 0.100 0.107 0.096 0.084 0.062 0.104 0.090 0.069 0.079 0.077 0.077 0.081 0.049 0.051 0.121 0.084 0.093 0.076 
0.095 0.082 0.086 0.055 0.082 0.078 0.079 0.092 0.089 0.071 0.059 0.129 0.101 0.089 0.063 0.089 0.080 0.097 0.061 0.077 0.084 0.075 0.088 0.087 0.101 0.064 0.104 0.099 0.081 0.091 0.058 0.084 0.083 0.088 0.068 0.088 0.075 0.084 0.097 0.091 0.103 0.075 0.102 0.100 0.094 0.090 0.103 0.047 0.081 0.079 0.088 0.084 0.087 0.071 0.069 0.058 0.092 0.083 0.100 0.090 
0.054 0.084 0.100 0.064 0.087 0.086 0.077 0.092 0.087 0.061 0.092 0.098 0.072 0.079 0.064 0.110 0.078 0.051 0.095 0.087 0.077 0.093 0.089 0.049 0.087 0.086 0.098 0.065 0.093 0.061 0.056 0.060 0.113 0.091 0.064 0.088 0.097 0.096 0.057 0.078 0.095 0.110 0.101 0.058 0.083 0.088 0.082 0.066 0.089 0.060 0.086 0.085 0.049 0.091 0.085 0.068 0.084 0.083 0.096 0.073 
0.059 0.086 0.101 0.089 0.071 0.051 0.079 0.083 0.084 0.096 0.064 0.091 0.086 0.069 0.104 0.087 0.097 0.085 0.072 0.083 0.086 0.093 0.054 0.060 0.101 0.079 0.055 0.087 0.098 0.081 0.068 0.093 0.079 0.121 0.085 0.057 0.075 0.093 0.091 0.085 0.078 0.056 0.076 0.085 0.064 0.064 0.193 0.100 0.050 0.087 0.084 0.101 0.073 0.086 0.111 0.092 0.094 0.109 0.075 0.096 
0.070 0.089 0.111 0.084 0.095 0.074 0.081 0.054 0.094 0.064 0.094 0.075 0.091 0.112 0.098 0.091 0.081 0.096 0.095 0.080 0.088 0.079 0.057 0.098 0.087 0.094 0.108 0.078 0.087 0.080 0.084 0.084 0.074 0.094 0.097 0.074 0.076 0.087 0.084 0.086 0.044 0.115 0.142 0.052 0.086 0.078 0.089 0.098 0.086 0.064 0.079 0.086 0.087 0.093 0.057 0.058 0.144 0.098 0.106 0.093 
0.072 0.103 0.107 0.076 0.059 0.053 0.099 0.097 0.093 0.083 0.060 0.074 0.110 0.088 0.102 0.091 0.086 0.078 0.064 0.052 0.087 0.048 0.099 0.081 0.087 0.091 0.097 0.094 0.080 0.056 0.087 0.095 0.115 0.100 0.095 0.081 0.085 0.055 0.087 0.088 0.078 0.104 0.065 0.092 0.083 0.081 0.060 0.080 0.083 0.088 0.088 0.090 0.059 0.094 0.086 0.090 0.100 0.072 0.080 0.080 
