0.632 0.618 0.593 0.591 0.590 0.606 0.597 0.676 0.588 0.352 0.492 0.482 0.493 0.513 0.548 0.589 0.575 0.587 0.577 0.180 0.152 0.163 0.153 0.172 0.178 0.152 0.161 0.143 0.180 0.166 0.164 0.179 0.162 0.165 0.153 0.136 0.192 0.214 0.203 0.191 0.175 0.173 0.393 0.712 0.285 0.452 0.724 0.662 0.676 0.697 0.594 0.897 0.918 0.901 0.899 0.877 0.832 0.896 0.953 0.952 
0.911 0.827 0.756 0.879 0.888 0.888 0.862 0.863 0.812 0.758 0.767 0.414 0.447 0.461 0.219 0.367 0.396 0.306 0.456 0.451 0.353 0.350 0.337 0.552 0.765 0.679 0.489 0.335 0.840 0.824 0.181 0.330 0.375 0.308 0.629 0.375 0.094 0.379 0.419 0.424 0.529 0.597 0.644 0.528 0.582 0.253 0.662 0.741 0.112 0.096 0.093 0.249 0.640 0.625 0.613 0.634 0.601 0.605 0.622 0.648 
0.145 0.104 0.134 0.607 0.627 0.638 0.635 0.638 0.642 0.636 0.637 0.632 0.619 0.648 0.648 0.654 0.641 0.632 0.646 0.636 0.633 0.640 0.644 0.644 0.650 0.633 0.649 0.228 0.131 0.101 0.362 0.633 0.651 0.648 0.640 0.665 0.647 0.651 0.649 0.655 0.637 0.645 0.640 0.648 0.640 0.653 0.649 0.665 0.652 0.670 0.661 0.682 0.648 0.672 0.634 0.643 0.653 0.661 0.652 0.669 
0.642 0.678 0.659 0.655 0.652 0.653 0.642 0.652 0.654 0.645 0.648 0.659 0.635 0.654 0.651 0.655 0.645 0.672 0.647 0.653 0.656 0.655 0.654 0.646 0.668 0.650 0.663 0.635 0.651 0.650 0.655 0.646 0.659 0.646 0.674 0.644 0.690 0.660 0.693 0.656 0.281 0.108 0.094 0.121 0.142 0.128 0.126 0.104 0.165 0.127 0.113 0.122 0.113 0.123 0.129 0.101 0.131 0.122 0.141 0.170 
0.172 0.145 0.148 0.143 0.177 0.096 0.131 0.103 0.129 0.164 0.118 0.153 0.120 0.146 0.144 0.134 0.146 0.115 0.146 0.128 0.171 0.153 0.162 0.148 0.153 0.184 0.147 0.124 0.159 0.199 0.161 0.155 0.149 0.136 0.130 0.170 0.179 0.183 0.184 0.167 0.194 0.211 0.201 0.176 0.172 0.182 0.191 0.194 0.170 0.205 0.211 0.232 0.242 0.210 0.169 0.179 0.181 0.193 0.229 0.189 
0.197 0.178 0.191 0.159 0.184 0.220 0.176 0.183 0.166 0.198 0.241 0.203 0.230 0.198 0.206 0.231 0.190 0.230 0.189 0.203 0.198 0.207 0.202 0.263 0.218 0.210 0.205 0.211 0.191 0.211 0.212 0.221 0.241 0.202 0.248 0.214 0.224 0.255 0.212 0.204 0.234 0.233 0.186 0.205 0.223 0.215 0.249 0.183 0.187 0.221 0.222 0.252 0.194 0.246 0.174 0.196 0.239 0.213 0.232 0.216 
0.197 0.167 0.169 0.193 0.186 0.228 0.192 0.202 0.205 0.173 0.210 0.163 0.194 0.177 0.172 0.188 0.209 0.181 0.169 0.212 0.219 0.229 0.228 0.187 0.176 0.190 0.230 0.209 0.257 0.199 0.208 0.215 0.205 0.207 0.206 0.239 0.230 0.216 0.201 0.175 0.216 0.211 0.226 0.198 0.195 0.172 0.231 0.241 0.279 0.185 0.220 0.232 0.197 0.205 0.213 0.201 0.186 0.198 0.215 0.165 
0.226 0.256 0.214 0.216 0.216 0.245 0.217 0.203 0.163 0.233 0.239 0.209 0.226 0.170 0.191 0.197 0.203 0.233 0.223 0.205 0.217 0.183 0.235 0.228 0.249 0.220 0.219 0.224 0.179 0.237 0.224 0.166 0.160 0.229 0.205 0.225 0.190 0.184 0.173 0.200 0.258 0.215 0.266 0.227 0.252 0.210 0.205 0.209 0.229 0.239 0.199 0.238 0.232 0.218 0.241 0.201 0.261 0.205 0.261 0.254 
0.217 0.230 0.203 0.215 0.155 0.199 0.217 0.375 0.524 0.317 0.242 0.263 0.224 0.262 0.205 0.218 0.211 0.212 0.240 0.221 0.225 0.208 0.253 0.219 0.213 0.212 0.170 0.227 0.234 0.292 0.204 0.206 0.228 0.224 0.220 0.205 0.178 0.199 0.241 0.179 0.209 0.181 0.215 0.191 0.242 0.240 0.227 0.182 0.251 0.236 0.235 0.215 0.219 0.196 0.244 0.235 0.212 0.221 0.245 0.270 
0.240 0.206 0.266 0.250 0.231 0.226 0.201 0.232 0.213 0.230 0.209 0.231 0.183 0.296 0.227 0.253 0.244 0.207 0.288 0.221 0.230 0.271 0.196 0.269 0.190 0.225 0.221 0.229 0.271 0.288 0.238 0.225 0.239 0.197 0.222 0.252 0.207 0.223 0.233 0.236 0.199 0.169 0.220 0.203 0.241 0.215 0.228 0.216 0.269 0.236 0.227 0.249 0.257 0.270 0.239 0.220 0.198 0.200 0.244 0.203 
0.189 0.231 0.202 0.213 0.191 0.240 0.241 0.249 0.251 0.190 0.253 0.195 0.247 0.215 0.205 0.296 0.197 0.237 0.210 0.229 0.239 0.251 0.208 0.228 0.175 0.189 0.219 0.215 0.228 0.268 0.183 0.230 0.236 0.228 0.245 0.213 0.223 0.234 0.247 0.229 0.235 0.254 0.238 0.258 0.279 0.241 0.250 0.223 0.271 0.216 0.268 0.214 0.255 0.199 0.193 0.227 0.193 0.241 0.249 0.227 
0.228 0.253 0.249 0.252 0.194 0.207 0.262 0.246 0.233 0.246 0.188 0.225 0.224 0.191 0.213 0.186 0.213 0.191 0.216 0.212 0.243 0.252 0.182 0.295 0.476 0.186 0.193 0.233 0.291 0.181 0.220 0.210 0.232 0.229 0.187 0.227 0.224 0.237 0.254 0.208 0.229 0.172 0.227 0.184 0.199 0.225 0.204 0.240 0.213 0.231 0.209 0.160 0.214 0.187 0.209 0.179 0.209 0.207 0.223 0.232 
0.229 0.189 0.200 0.194 0.218 0.203 0.226 0.232 0.263 0.176 0.218 0.145 0.228 0.208 0.208 0.172 0.207 0.191 0.193 0.196 0.229 0.214 0.257 0.264 0.198 0.214 0.181 0.220 0.241 0.260 0.209 0.207 0.259 0.191 0.222 0.220 0.221 0.240 0.252 0.217 0.260 0.267 0.181 0.173 0.183 0.165 0.162 0.193 0.224 0.167 0.236 0.249 0.208 0.226 0.209 0.197 0.150 0.224 0.222 0.233 
0.276 0.198 0.255 0.221 0.177 0.233 0.185 0.209 0.231 0.199 0.221 0.179 0.265 0.149 0.202 0.214 0.197 0.249 0.188 0.242 0.251 0.227 0.197 0.246 0.194 0.202 0.198 0.215 0.199 0.245 0.199 0.176 0.200 0.211 0.282 0.199 0.215 0.234 0.231 0.217 0.178 0.197 0.184 0.183 0.208 0.187 0.218 0.200 0.225 0.196 0.196 0.242 0.218 0.179 0.176 0.157 0.193 0.222 0.276 0.196 
0.208 0.206 0.203 0.199 0.189 0.204 0.185 0.252 0.230 0.179 0.192 0.194 0.225 0.173 0.208 0.191 0.146 0.223 0.237 0.241 0.241 0.328 0.615 0.359 0.175 0.184 0.175 0.209 0.224 0.230 0.190 0.206 0.216 0.224 0.184 0.217 0.246 0.205 0.197 0.217 0.188 0.233 0.174 0.260 0.210 0.191 0.184 0.204 0.230 0.198 0.254 0.218 0.227 0.200 0.202 0.200 0.211 0.262 0.230 0.243 
0.198 0.170 0.218 0.186 0.256 0.220 0.216 0.217 0.220 0.227 0.165 0.203 0.219 0.199 0.226 0.184 0.266 0.235 0.185 0.240 0.220 0.205 0.255 0.216 0.218 0.226 0.224 0.197 0.263 0.238 0.193 0.174 0.218 0.237 0.205 0.235 0.214 0.209 0.216 0.185 0.329 0.221 0.244 0.227 0.212 0.200 0.199 0.201 0.206 0.234 0.251 0.237 0.232 0.238 0.261 0.160 0.200 0.214 0.246 0.253 
0.207 0.215 0.204 0.213 0.215 0.203 0.211 0.212 0.249 0.198 0.203 0.203 0.203 0.209 0.202 0.213 0.154 0.193 0.251 0.220 0.239 0.203 0.180 0.206 0.185 0.202 0.214 0.203 0.202 0.239 0.209 0.172 0.232 0.204 0.261 0.204 0.184 0.209 0.240 0.247 0.192 0.295 0.198 0.248 0.217 0.180 0.194 0.231 0.234 0.213 0.219 0.271 0.192 0.240 0.229 0.210 0.238 0.229 0.253 0.181 
0.236 0.214 0.169 0.212 0.244 0.190 0.211 0.218 0.211 0.192 0.225 0.224 0.260 0.208 0.235 0.223 0.215 0.178 0.249 0.226 0.251 0.224 0.227 0.186 0.221 0.165 0.197 0.230 0.225 0.264 0.225 0.217 0.231 0.212 0.214 0.221 0.206 0.248 0.196 0.205 0.226 0.197 0.194 0.206 0.228 0.208 0.220 0.236 0.218 0.209 0.237 0.238 0.166 0.200 0.197 0.175 0.213 0.183 0.243 0.229 
0.189 0.179 0.270 0.213 0.173 0.230 0.187 0.220 0.195 0.184 0.209 0.172 0.289 0.231 0.320 0.236 0.276 0.283 0.245 0.324 0.234 0.351 0.263 0.242 0.232 0.181 0.239 0.247 0.236 0.212 0.171 0.179 0.213 0.199 0.176 0.193 0.191 0.149 0.197 0.147 0.205 0.208 0.205 0.232 0.292 0.221 0.241 0.172 0.175 0.231 0.212 0.213 0.253 0.205 0.203 0.189 0.175 0.216 0.172 0.231 
0.193 0.162 0.224 0.212 0.237 0.190 0.213 0.142 0.190 0.190 0.199 0.189 0.158 0.179 0.191 0.157 0.213 0.167 0.201 0.212 0.202 0.217 0.172 0.207 0.162 0.228 0.222 0.183 0.225 0.219 0.191 0.218 0.208 0.181 0.213 0.229 0.179 0.189 0.177 0.221 0.225 0.192 0.173 0.195 0.194 0.206 0.218 0.208 0.172 0.206 0.209 0.190 0.212 0.197 0.212 0.162 0.197 0.184 0.224 0.248 
0.202 0.191 0.189 0.199 0.191 0.160 0.196 0.174 0.223 0.199 0.214 0.187 0.198 0.200 0.138 0.246 0.229 0.184 0.220 0.246 0.174 0.212 0.217 0.221 0.162 0.186 0.188 0.221 0.224 0.204 0.215 0.152 0.205 0.190 0.193 0.179 0.166 0.164 0.229 0.193 0.217 0.204 0.219 0.183 0.175 0.205 0.197 0.205 0.197 0.189 0.187 0.240 0.182 0.174 0.207 0.195 0.222 0.201 0.220 0.217 
0.181 0.217 0.178 0.226 0.229 0.196 0.192 0.196 0.145 0.163 0.199 0.194 0.163 0.163 0.152 0.162 0.199 0.190 0.197 0.188 0.213 0.187 0.161 0.167 0.181 0.171 0.162 0.195 0.160 0.168 0.196 0.150 0.181 0.177 0.168 0.191 0.155 0.222 0.000 0.279 0.141 0.164 0.188 0.159 0.205 0.165 0.150 0.162 0.157 0.158 0.180 0.181 0.165 0.167 0.201 0.189 0.166 0.200 0.197 0.195 
0.157 0.202 0.133 0.154 0.181 0.167 0.133 0.138 0.184 0.205 0.148 0.171 0.158 0.172 0.179 0.174 0.174 0.190 0.148 0.185 0.107 0.168 0.132 0.152 0.137 0.157 0.170 0.121 0.181 0.174 0.161 0.172 0.119 0.132 0.121 0.128 0.142 0.130 0.209 0.160 0.157 0.148 0.130 0.191 0.141 0.244 0.198 0.255 0.158 0.177 0.178 0.243 0.148 0.142 0.135 0.134 0.162 0.168 0.126 0.143 
0.114 0.132 0.138 0.116 0.135 0.120 0.141 0.131 0.121 0.156 0.118 0.134 0.142 0.147 0.122 0.104 0.175 0.146 0.128 0.166 0.144 0.132 0.165 0.118 0.112 0.117 0.116 0.154 0.134 0.134 0.114 0.148 0.128 0.125 0.156 0.123 0.104 0.118 0.100 0.574 0.363 0.384 0.400 0.388 0.410 0.381 0.391 0.433 0.523 0.601 0.612 0.591 0.598 0.577 0.616 0.611 0.618 0.619 0.639 0.473 
