0.205 0.161 0.159 0.163 0.111 0.113 0.107 0.118 0.093 0.087 0.095 0.059 0.066 0.053 0.083 0.075 0.081 0.063 0.082 0.041 0.075 0.056 0.057 0.069 0.212 0.665 0.562 0.082 0.081 0.048 0.044 0.071 0.071 0.076 0.082 0.074 0.078 0.074 0.068 0.071 0.088 0.049 0.070 0.069 0.069 0.073 0.075 0.071 0.082 0.078 0.073 0.070 0.067 0.070 0.071 0.072 0.052 0.111 0.076 0.048 
0.039 0.040 0.049 0.046 0.063 0.075 0.078 0.090 0.049 0.107 0.093 0.101 0.055 0.077 0.113 0.087 0.052 0.081 0.043 0.055 0.037 0.077 0.076 0.081 0.071 0.100 0.081 0.051 0.062 0.056 0.058 0.060 0.090 0.077 0.094 0.060 0.058 0.066 0.045 0.086 0.089 0.084 0.133 0.072 0.059 0.087 0.068 0.052 0.052 0.094 0.089 0.079 0.102 0.058 0.059 0.096 0.059 0.100 0.054 0.061 
0.064 0.055 0.095 0.106 0.122 0.081 0.081 0.075 0.111 0.082 0.119 0.067 0.101 0.116 0.107 0.097 0.108 0.109 0.075 0.107 0.071 0.079 0.133 0.097 0.120 0.136 0.116 0.144 0.096 0.098 0.122 0.141 0.105 0.145 0.196 0.159 0.109 0.136 0.140 0.180 0.152 0.159 0.151 0.130 0.119 0.117 0.149 0.127 0.158 0.131 0.158 0.130 0.134 0.143 0.144 0.121 0.125 0.133 0.118 0.120 
0.141 0.137 0.164 0.111 0.162 0.148 0.138 0.151 0.142 0.166 0.153 0.169 0.136 0.137 0.142 0.108 0.164 0.146 0.121 0.174 0.163 0.164 0.162 0.181 0.192 0.153 0.152 0.165 0.154 0.151 0.148 0.144 0.110 0.177 0.218 0.197 0.183 0.132 0.185 0.155 0.178 0.161 0.154 0.191 0.158 0.157 0.176 0.161 0.148 0.187 0.179 0.172 0.138 0.161 0.159 0.167 0.174 0.139 0.160 0.157 
0.164 0.154 0.131 0.179 0.148 0.177 0.145 0.122 0.193 0.258 0.200 0.169 0.171 0.166 0.149 0.160 0.157 0.191 0.150 0.159 0.157 0.240 0.142 0.135 0.172 0.149 0.132 0.153 0.166 0.143 0.162 0.173 0.128 0.170 0.188 0.225 0.206 0.122 0.132 0.161 0.214 0.148 0.130 0.169 0.152 0.161 0.166 0.158 0.124 0.144 0.201 0.131 0.126 0.159 0.185 0.166 0.186 0.141 0.119 0.148 
0.164 0.189 0.145 0.151 0.150 0.183 0.111 0.182 0.175 0.160 0.174 0.164 0.127 0.148 0.152 0.172 0.146 0.150 0.176 0.164 0.179 0.145 0.151 0.117 0.176 0.163 0.199 0.182 0.162 0.176 0.167 0.164 0.170 0.190 0.161 0.173 0.130 0.160 0.165 0.218 0.151 0.162 0.142 0.154 0.124 0.176 0.147 0.186 0.125 0.204 0.141 0.131 0.180 0.161 0.152 0.141 0.180 0.152 0.121 0.162 
0.165 0.169 0.148 0.163 0.194 0.164 0.156 0.165 0.132 0.128 0.207 0.116 0.157 0.167 0.131 0.159 0.170 0.142 0.181 0.160 0.155 0.117 0.174 0.166 0.164 0.179 0.150 0.154 0.179 0.162 0.142 0.173 0.157 0.133 0.176 0.173 0.106 0.143 0.150 0.190 0.168 0.196 0.119 0.135 0.143 0.138 0.173 0.143 0.173 0.180 0.196 0.129 0.146 0.172 0.171 0.154 0.137 0.139 0.175 0.143 
0.143 0.137 0.195 0.167 0.196 0.201 0.156 0.166 0.172 0.167 0.193 0.137 0.125 0.147 0.144 0.158 0.174 0.127 0.173 0.172 0.173 0.144 0.153 0.155 0.126 0.182 0.174 0.176 0.139 0.134 0.122 0.151 0.154 0.172 0.166 0.169 0.181 0.178 0.174 0.138 0.181 0.177 0.188 0.180 0.165 0.163 0.143 0.145 0.133 0.180 0.177 0.137 0.133 0.132 0.147 0.167 0.152 0.198 0.133 0.134 
0.145 0.146 0.150 0.174 0.146 0.174 0.175 0.155 0.140 0.144 0.167 0.153 0.166 0.156 0.151 0.146 0.164 0.159 0.112 0.177 0.179 0.139 0.149 0.143 0.146 0.139 0.146 0.125 0.151 0.135 0.160 0.149 0.140 0.179 0.163 0.143 0.146 0.180 0.165 0.155 0.134 0.201 0.166 0.119 0.145 0.169 0.166 0.137 0.168 0.165 0.169 0.147 0.150 0.148 0.164 0.136 0.117 0.150 0.151 0.147 
0.137 0.122 0.175 0.167 0.171 0.131 0.151 0.104 0.144 0.165 0.192 0.119 0.144 0.135 0.153 0.138 0.158 0.163 0.099 0.193 0.143 0.143 0.111 0.124 0.154 0.155 0.161 0.175 0.151 0.121 0.176 0.182 0.184 0.150 0.157 0.125 0.193 0.139 0.172 0.172 0.151 0.181 0.171 0.164 0.132 0.160 0.149 0.193 0.154 0.161 0.154 0.157 0.170 0.154 0.174 0.115 0.206 0.125 0.134 0.181 
0.160 0.165 0.158 0.163 0.147 0.145 0.158 0.164 0.131 0.164 0.155 0.178 0.122 0.146 0.137 0.148 0.140 0.139 0.107 0.180 0.188 0.168 0.169 0.174 0.142 0.155 0.172 0.185 0.126 0.166 0.156 0.116 0.176 0.194 0.153 0.172 0.149 0.105 0.157 0.149 0.147 0.180 0.162 0.150 0.135 0.147 0.163 0.156 0.155 0.153 0.171 0.101 0.095 0.156 0.147 0.175 0.136 0.182 0.153 0.124 
0.119 0.171 0.158 0.168 0.147 0.188 0.184 0.177 0.175 0.170 0.196 0.150 0.116 0.110 0.151 0.144 0.142 0.157 0.120 0.188 0.154 0.141 0.164 0.130 0.120 0.124 0.165 0.124 0.149 0.154 0.196 0.139 0.153 0.123 0.172 0.152 0.174 0.118 0.147 0.168 0.168 0.140 0.110 0.124 0.171 0.158 0.177 0.160 0.130 0.144 0.201 0.171 0.141 0.174 0.152 0.163 0.172 0.165 0.108 0.135 
0.175 0.139 0.124 0.142 0.166 0.177 0.152 0.132 0.159 0.145 0.138 0.192 0.167 0.156 0.131 0.147 0.215 0.195 0.165 0.170 0.124 0.172 0.156 0.191 0.130 0.156 0.178 0.148 0.146 0.133 0.173 0.188 0.170 0.150 0.180 0.160 0.179 0.166 0.133 0.179 0.178 0.162 0.121 0.134 0.147 0.154 0.154 0.153 0.165 0.176 0.136 0.143 0.140 0.165 0.159 0.210 0.126 0.174 0.165 0.115 
0.172 0.172 0.156 0.179 0.153 0.179 0.162 0.137 0.165 0.155 0.158 0.188 0.194 0.168 0.135 0.118 0.177 0.146 0.174 0.185 0.165 0.157 0.139 0.151 0.163 0.162 0.174 0.126 0.131 0.185 0.150 0.136 0.144 0.133 0.168 0.152 0.197 0.160 0.159 0.166 0.175 0.124 0.183 0.166 0.127 0.143 0.149 0.128 0.177 0.183 0.202 0.205 0.155 0.134 0.158 0.153 0.164 0.133 0.148 0.149 
0.193 0.187 0.157 0.143 0.164 0.173 0.145 0.173 0.159 0.128 0.124 0.149 0.172 0.148 0.167 0.172 0.160 0.169 0.157 0.158 0.183 0.177 0.186 0.164 0.152 0.149 0.192 0.127 0.167 0.198 0.165 0.170 0.151 0.176 0.161 0.151 0.164 0.144 0.191 0.171 0.148 0.194 0.150 0.177 0.156 0.135 0.165 0.193 0.139 0.180 0.161 0.173 0.142 0.180 0.203 0.172 0.168 0.148 0.144 0.141 
0.162 0.169 0.204 0.165 0.157 0.179 0.187 0.194 0.145 0.135 0.150 0.148 0.202 0.135 0.129 0.120 0.146 0.169 0.150 0.142 0.179 0.179 0.147 0.153 0.135 0.178 0.164 0.142 0.153 0.203 0.121 0.184 0.145 0.166 0.163 0.163 0.159 0.147 0.173 0.166 0.120 0.148 0.158 0.182 0.157 0.153 0.141 0.154 0.152 0.179 0.209 0.152 0.152 0.141 0.157 0.165 0.156 0.146 0.191 0.177 
0.177 0.159 0.140 0.150 0.163 0.259 0.226 0.166 0.145 0.188 0.157 0.169 0.148 0.143 0.128 0.152 0.171 0.187 0.199 0.186 0.196 0.164 0.194 0.230 0.160 0.147 0.186 0.178 0.145 0.149 0.154 0.150 0.188 0.136 0.177 0.182 0.181 0.184 0.120 0.143 0.176 0.146 0.159 0.130 0.151 0.164 0.119 0.136 0.149 0.120 0.165 0.144 0.114 0.151 0.157 0.138 0.143 0.108 0.141 0.150 
0.141 0.142 0.112 0.168 0.238 0.274 0.293 0.267 0.267 0.263 0.247 0.234 0.233 0.219 0.181 0.167 0.174 0.171 0.165 0.166 0.152 0.214 0.253 0.230 0.256 0.268 0.275 0.373 0.225 0.231 0.206 0.200 0.169 0.136 0.204 0.222 0.201 0.167 0.145 0.145 0.151 0.118 0.137 0.135 0.102 0.152 0.141 0.145 0.112 0.149 0.109 0.110 0.118 0.141 0.136 0.128 0.098 0.127 0.139 0.141 
0.132 0.177 0.149 0.161 0.136 0.132 0.142 0.159 0.157 0.146 0.146 0.117 0.152 0.147 0.119 0.134 0.133 0.114 0.130 0.143 0.126 0.134 0.132 0.116 0.134 0.094 0.136 0.135 0.126 0.133 0.136 0.148 0.112 0.165 0.133 0.169 0.147 0.140 0.104 0.127 0.134 0.160 0.152 0.176 0.141 0.154 0.143 0.126 0.139 0.098 0.133 0.122 0.141 0.140 0.134 0.128 0.112 0.126 0.148 0.112 
0.112 0.134 0.134 0.170 0.146 0.172 0.097 0.141 0.127 0.180 0.117 0.152 0.132 0.125 0.116 0.123 0.151 0.132 0.103 0.132 0.142 0.131 0.132 0.133 0.125 0.116 0.118 0.112 0.102 0.157 0.130 0.135 0.127 0.151 0.145 0.157 0.144 0.098 0.130 0.126 0.204 0.137 0.108 0.133 0.092 0.110 0.148 0.097 0.122 0.131 0.150 0.120 0.118 0.121 0.130 0.113 0.116 0.138 0.140 0.140 
0.116 0.128 0.096 0.144 0.101 0.163 0.142 0.142 0.164 0.146 0.149 0.128 0.166 0.124 0.122 0.120 0.114 0.113 0.111 0.129 0.000 0.132 0.108 0.100 0.099 0.108 0.162 0.172 0.126 0.139 0.102 0.149 0.156 0.103 0.147 0.156 0.135 0.132 0.137 0.151 0.157 0.173 0.114 0.118 0.114 0.156 0.125 0.124 0.126 0.115 0.138 0.146 0.148 0.148 0.120 0.114 0.099 0.128 0.097 0.096 
0.064 0.103 0.088 0.121 0.103 0.097 0.100 0.112 0.073 0.107 0.093 0.093 0.101 0.122 0.103 0.121 0.091 0.099 0.102 0.099 0.080 0.112 0.103 0.097 0.088 0.092 0.096 0.094 0.108 0.069 0.110 0.086 0.106 0.086 0.084 0.077 0.090 0.079 0.105 0.078 0.087 0.125 0.101 0.091 0.086 0.096 0.088 0.099 0.071 0.097 0.097 0.100 0.093 0.082 0.085 0.090 0.112 0.091 0.096 0.084 
0.087 0.047 0.088 0.094 0.096 0.067 0.078 0.083 0.101 0.084 0.160 0.128 0.074 0.121 0.080 0.091 0.081 0.072 0.101 0.070 0.040 0.646 0.385 0.365 0.378 0.370 0.372 0.376 0.395 0.669 0.646 0.590 0.672 0.605 0.549 0.589 0.605 0.587 0.670 0.721 0.699 0.683 0.556 0.458 0.395 0.360 0.336 0.333 0.496 0.647 0.587 0.602 0.603 0.586 0.615 0.634 0.629 0.619 0.720 0.738 
0.215 0.072 0.099 0.067 0.077 0.060 0.071 0.087 0.071 0.074 0.072 0.083 0.038 0.062 0.064 0.065 0.071 0.076 0.065 0.072 0.063 0.043 0.075 0.063 0.071 0.071 0.047 0.072 0.044 0.084 0.101 0.102 0.040 0.033 0.043 0.033 0.072 0.076 0.071 0.090 0.070 0.089 0.082 0.084 0.060 0.068 0.129 0.597 0.456 0.298 0.067 0.068 0.072 0.103 0.086 0.036 0.083 0.042 0.069 0.035 
