0.075 0.086 0.077 0.050 0.105 0.076 0.090 0.050 0.080 0.090 0.089 0.044 0.071 0.090 0.050 0.084 0.076 0.083 0.051 0.090 0.083 0.083 0.097 0.051 0.087 0.082 0.075 0.052 0.077 0.087 0.086 0.084 0.065 0.056 0.097 0.085 0.090 0.057 0.093 0.099 0.069 0.076 0.074 0.088 0.098 0.041 0.088 0.086 0.039 0.086 0.071 0.087 0.064 0.082 0.086 0.087 0.068 0.085 0.054 0.082 
0.066 0.079 0.045 0.098 0.094 0.081 0.061 0.079 0.081 0.072 0.075 0.043 0.052 0.092 0.082 0.090 0.096 0.053 0.081 0.086 0.077 0.081 0.073 0.069 0.076 0.075 0.070 0.088 0.042 0.093 0.074 0.068 0.081 0.059 0.090 0.082 0.073 0.084 0.040 0.086 0.077 0.086 0.091 0.078 0.050 0.072 0.074 0.073 0.070 0.089 0.051 0.082 0.120 0.076 0.062 0.074 0.080 0.059 0.081 0.091 
0.067 0.042 0.071 0.083 0.088 0.080 0.080 0.039 0.080 0.054 0.067 0.086 0.069 0.000 0.096 0.077 0.066 0.076 0.082 0.084 0.078 0.066 0.069 0.082 0.079 0.073 0.075 0.043 0.086 0.048 0.072 0.074 0.074 0.088 0.081 0.046 0.079 0.073 0.089 0.071 0.076 0.072 0.081 0.088 0.069 0.050 0.072 0.075 0.079 0.070 0.054 0.087 0.085 0.049 0.063 0.078 0.070 0.071 0.079 0.067 
0.077 0.062 0.042 0.079 0.085 0.068 0.062 0.070 0.069 0.068 0.092 0.035 0.066 0.079 0.074 0.076 0.042 0.071 0.068 0.065 0.072 0.065 0.065 0.066 0.067 0.062 0.067 0.069 0.075 0.065 0.059 0.070 0.072 0.043 0.036 0.066 0.065 0.060 0.069 0.064 0.058 0.065 0.061 0.071 0.069 0.064 0.059 0.059 0.076 0.066 0.068 0.065 0.060 0.073 0.041 0.032 0.071 0.057 0.070 0.062 
0.071 0.068 0.079 0.075 0.067 0.064 0.066 0.063 0.064 0.061 0.063 0.077 0.078 0.060 0.669 0.398 0.389 0.364 0.393 0.397 0.394 0.488 0.700 0.555 0.586 0.565 0.606 0.595 0.610 0.687 0.610 0.593 0.560 0.490 0.762 0.775 0.681 0.606 0.562 0.478 0.417 0.385 0.526 0.669 0.619 0.637 0.620 0.607 0.600 0.604 0.627 0.589 0.569 0.560 0.562 0.720 0.730 0.351 0.043 0.039 
0.065 0.069 0.059 0.067 0.072 0.057 0.063 0.056 0.062 0.070 0.058 0.068 0.057 0.033 0.074 0.059 0.063 0.055 0.056 0.048 0.055 0.067 0.026 0.064 0.070 0.060 0.065 0.059 0.071 0.037 0.058 0.031 0.056 0.070 0.084 0.025 0.374 0.556 0.401 0.176 0.059 0.072 0.055 0.064 0.073 0.059 0.064 0.062 0.073 0.072 0.059 0.064 0.058 0.064 0.073 0.066 0.076 0.075 0.038 0.044 
0.060 0.066 0.058 0.066 0.077 0.064 0.066 0.058 0.061 0.070 0.059 0.066 0.057 0.061 0.069 0.063 0.059 0.059 0.058 0.062 0.057 0.055 0.028 0.058 0.065 0.062 0.059 0.064 0.059 0.066 0.059 0.062 0.060 0.061 0.070 0.063 0.059 0.026 0.058 0.066 0.027 0.027 0.024 0.027 0.062 0.058 0.024 0.059 0.033 0.034 0.059 0.061 0.061 0.061 0.062 0.059 0.064 0.031 0.056 0.040 
0.035 0.071 0.027 0.062 0.031 0.033 0.056 0.064 0.025 0.070 0.025 0.035 0.031 0.026 0.070 0.067 0.028 0.066 0.063 0.075 0.028 0.066 0.033 0.029 0.073 0.061 0.058 0.038 0.067 0.033 0.031 0.028 0.041 0.061 0.046 0.060 0.034 0.060 0.067 0.035 0.063 0.032 0.032 0.027 0.039 0.026 0.059 0.059 0.064 0.033 0.030 0.034 0.059 0.032 0.066 0.065 0.060 0.066 0.059 0.064 
0.038 0.037 0.069 0.065 0.065 0.067 0.058 0.067 0.069 0.065 0.073 0.064 0.064 0.067 0.072 0.069 0.061 0.068 0.063 0.071 0.063 0.065 0.045 0.063 0.040 0.070 0.067 0.070 0.071 0.073 0.075 0.063 0.087 0.075 0.097 0.072 0.064 0.067 0.061 0.082 0.062 0.073 0.072 0.068 0.070 0.049 0.062 0.077 0.060 0.079 0.069 0.064 0.075 0.068 0.094 0.078 0.072 0.074 0.062 0.073 
0.071 0.071 0.089 0.078 0.076 0.070 0.063 0.072 0.056 0.060 0.069 0.086 0.082 0.073 0.099 0.079 0.089 0.076 0.072 0.085 0.066 0.076 0.078 0.068 0.082 0.084 0.099 0.085 0.082 0.052 0.040 0.077 0.088 0.088 0.086 0.081 0.046 0.072 0.078 0.092 0.088 0.087 0.074 0.057 0.085 0.072 0.082 0.074 0.079 0.078 0.077 0.054 0.037 0.088 0.081 0.079 0.091 0.054 0.077 0.084 
0.088 0.084 0.090 0.050 0.084 0.081 0.086 0.071 0.054 0.055 0.083 0.087 0.099 0.080 0.082 0.051 0.073 0.079 0.078 0.091 0.084 0.069 0.054 0.084 0.104 0.086 0.090 0.059 0.071 0.057 0.087 0.085 0.087 0.061 0.085 0.070 0.075 0.082 0.071 0.082 0.040 0.103 0.086 0.074 0.088 0.076 0.055 0.069 0.058 0.073 0.073 0.082 0.087 0.057 0.112 0.089 0.107 0.081 0.057 0.089 
0.092 0.093 0.077 0.061 0.096 0.091 0.086 0.048 0.058 0.082 0.084 0.113 0.047 0.083 0.095 0.086 0.078 0.077 0.048 0.079 0.087 0.077 0.086 0.058 0.082 0.096 0.080 0.067 0.061 0.089 0.085 0.083 0.094 0.051 0.083 0.081 0.073 0.083 0.087 0.052 0.075 0.075 0.088 0.089 0.095 0.070 0.042 0.078 0.070 0.090 0.079 0.071 0.049 0.082 0.101 0.083 0.090 0.059 0.079 0.105 
0.076 0.090 0.060 0.090 0.080 0.056 0.080 0.077 0.076 0.093 0.050 0.077 0.090 0.087 0.097 0.090 0.086 0.080 0.079 0.049 0.097 0.052 0.088 0.082 0.076 0.064 0.069 0.087 0.080 0.081 0.092 0.100 0.087 0.097 0.070 0.085 0.089 0.072 0.081 0.047 0.088 0.095 0.078 0.084 0.078 0.073 0.044 0.083 0.089 0.084 0.068 0.073 0.082 0.090 0.082 0.087 0.053 0.097 0.078 0.056 
0.089 0.079 0.103 0.057 0.044 0.084 0.088 0.075 0.080 0.052 0.104 0.092 0.087 0.087 0.093 0.071 0.086 0.091 0.075 0.087 0.056 0.079 0.081 0.057 0.083 0.054 0.100 0.102 0.044 0.092 0.087 0.088 0.092 0.063 0.079 0.088 0.083 0.046 0.092 0.081 0.082 0.073 0.076 0.061 0.085 0.089 0.048 0.078 0.077 0.080 0.091 0.083 0.082 0.051 0.080 0.097 0.117 0.095 0.050 0.069 
0.072 0.088 0.097 0.058 0.074 0.086 0.078 0.071 0.061 0.080 0.092 0.098 0.103 0.054 0.087 0.113 0.044 0.087 0.062 0.080 0.092 0.081 0.059 0.092 0.088 0.093 0.056 0.093 0.079 0.095 0.062 0.090 0.099 0.094 0.049 0.083 0.060 0.066 0.082 0.086 0.082 0.088 0.114 0.099 0.087 0.093 0.089 0.077 0.052 0.089 0.078 0.087 0.092 0.085 0.091 0.064 0.063 0.087 0.076 0.091 
0.089 0.055 0.077 0.093 0.048 0.077 0.080 0.078 0.090 0.082 0.062 0.104 0.073 0.081 0.073 0.084 0.053 0.091 0.114 0.088 0.089 0.085 0.048 0.086 0.082 0.084 0.072 0.104 0.090 0.076 0.059 0.083 0.090 0.060 0.052 0.088 0.071 0.089 0.079 0.051 0.085 0.091 0.089 0.043 0.081 0.090 0.080 0.082 0.089 0.057 0.089 0.064 0.072 0.080 0.064 0.084 0.096 0.061 0.083 0.095 
0.059 0.088 0.075 0.084 0.088 0.053 0.085 0.074 0.083 0.091 0.055 0.067 0.084 0.097 0.083 0.111 0.056 0.092 0.085 0.079 0.083 0.083 0.054 0.082 0.079 0.070 0.095 0.090 0.070 0.054 0.101 0.082 0.080 0.073 0.077 0.088 0.045 0.083 0.084 0.077 0.083 0.083 0.062 0.083 0.094 0.099 0.043 0.067 0.069 0.076 0.086 0.070 0.054 0.086 0.088 0.083 0.058 0.092 0.074 0.084 
0.053 0.088 0.103 0.083 0.048 0.061 0.058 0.080 0.082 0.082 0.055 0.098 0.090 0.074 0.089 0.067 0.053 0.056 0.084 0.085 0.080 0.094 0.049 0.058 0.092 0.099 0.095 0.062 0.087 0.093 0.094 0.074 0.081 0.096 0.076 0.055 0.069 0.096 0.104 0.097 0.071 0.111 0.100 0.096 0.056 0.095 0.086 0.078 0.081 0.042 0.105 0.073 0.089 0.048 0.094 0.090 0.096 0.056 0.080 0.072 
0.064 0.090 0.058 0.092 0.080 0.083 0.045 0.091 0.078 0.079 0.088 0.102 0.091 0.061 0.104 0.092 0.099 0.086 0.075 0.077 0.084 0.062 0.086 0.102 0.079 0.068 0.104 0.075 0.081 0.051 0.136 0.213 0.192 0.245 0.211 0.239 0.206 0.143 0.170 0.171 0.165 0.108 0.129 0.112 0.099 0.134 0.112 0.112 0.108 0.218 0.218 0.201 0.217 0.195 0.166 0.179 0.175 0.152 0.176 0.132 
0.112 0.123 0.109 0.131 0.116 0.092 0.052 0.087 0.078 0.089 0.079 0.071 0.047 0.081 0.096 0.093 0.053 0.075 0.084 0.089 0.065 0.083 0.084 0.093 0.091 0.060 0.085 0.083 0.093 0.051 0.068 0.086 0.060 0.085 0.082 0.080 0.078 0.086 0.058 0.070 0.093 0.088 0.088 0.046 0.085 0.099 0.079 0.088 0.055 0.039 0.090 0.085 0.062 0.086 0.085 0.086 0.063 0.089 0.077 0.083 
0.085 0.043 0.097 0.078 0.071 0.096 0.081 0.056 0.072 0.050 0.087 0.085 0.090 0.046 0.094 0.093 0.082 0.079 0.051 0.085 0.073 0.093 0.080 0.087 0.059 0.067 0.066 0.096 0.080 0.087 0.046 0.091 0.094 0.092 0.046 0.076 0.090 0.072 0.083 0.043 0.079 0.097 0.081 0.082 0.084 0.042 0.054 0.082 0.088 0.087 0.043 0.091 0.073 0.092 0.084 0.053 0.097 0.095 0.088 0.065 
0.081 0.087 0.095 0.062 0.049 0.099 0.095 0.081 0.061 0.073 0.087 0.090 0.079 0.088 0.055 0.062 0.089 0.090 0.067 0.076 0.061 0.090 0.089 0.060 0.081 0.093 0.086 0.057 0.086 0.085 0.090 0.086 0.096 0.052 0.078 0.076 0.051 0.087 0.072 0.064 0.095 0.099 0.059 0.076 0.089 0.086 0.086 0.086 0.046 0.086 0.082 0.084 0.086 0.043 0.083 0.073 0.090 0.090 0.050 0.051 
0.083 0.101 0.098 0.096 0.062 0.047 0.088 0.081 0.077 0.050 0.075 0.102 0.095 0.084 0.099 0.057 0.054 0.081 0.088 0.088 0.087 0.058 0.084 0.080 0.080 0.062 0.097 0.095 0.086 0.051 0.094 0.095 0.089 0.114 0.039 0.053 0.077 0.080 0.053 0.076 0.100 0.090 0.088 0.087 0.091 0.052 0.082 0.091 0.057 0.114 0.080 0.053 0.070 0.060 0.088 0.099 0.089 0.107 0.091 0.055 
0.054 0.104 0.107 0.085 0.047 0.082 0.104 0.089 0.079 0.082 0.055 0.077 0.047 0.092 0.061 0.076 0.085 0.084 0.090 0.218 0.086 0.098 0.090 0.076 0.087 0.049 0.090 0.084 0.049 0.044 0.233 0.162 0.143 0.146 0.110 0.127 0.149 0.122 0.121 0.122 0.120 0.132 0.123 0.096 0.124 0.108 0.122 0.118 0.117 0.101 0.127 0.103 0.114 0.126 0.120 0.153 0.178 0.136 0.102 0.129 
