0.229 0.231 0.241 0.205 0.268 0.229 0.209 0.201 0.208 0.190 0.205 0.203 0.175 0.198 0.243 0.191 0.241 0.202 0.188 0.199 0.281 0.292 0.247 0.211 0.202 0.208 0.230 0.205 0.222 0.240 0.217 0.242 0.182 0.219 0.198 0.197 0.171 0.180 0.200 0.170 0.198 0.201 0.211 0.208 0.177 0.186 0.204 0.197 0.187 0.176 0.234 0.222 0.215 0.195 0.189 0.206 0.202 0.249 0.181 0.234 
0.239 0.243 0.202 0.190 0.231 0.196 0.188 0.190 0.233 0.210 0.191 0.234 0.159 0.176 0.184 0.199 0.180 0.220 0.207 0.229 0.206 0.248 0.208 0.220 0.184 0.204 0.261 0.233 0.194 0.243 0.274 0.202 0.209 0.214 0.182 0.250 0.216 0.211 0.179 0.195 0.200 0.233 0.424 0.394 0.260 0.193 0.222 0.167 0.183 0.212 0.217 0.224 0.215 0.212 0.199 0.193 0.232 0.191 0.198 0.221 
0.231 0.210 0.187 0.162 0.180 0.196 0.188 0.196 0.166 0.164 0.178 0.234 0.194 0.201 0.175 0.202 0.215 0.199 0.230 0.227 0.199 0.189 0.179 0.197 0.206 0.178 0.222 0.192 0.223 0.197 0.243 0.166 0.174 0.202 0.162 0.224 0.170 0.161 0.238 0.135 0.174 0.171 0.184 0.180 0.211 0.173 0.217 0.206 0.214 0.177 0.234 0.181 0.212 0.199 0.241 0.179 0.186 0.199 0.208 0.213 
0.213 0.193 0.181 0.195 0.209 0.204 0.201 0.189 0.188 0.179 0.154 0.217 0.179 0.171 0.222 0.186 0.200 0.144 0.183 0.222 0.194 0.217 0.185 0.231 0.205 0.228 0.251 0.228 0.204 0.273 0.203 0.241 0.198 0.232 0.182 0.185 0.199 0.199 0.210 0.206 0.208 0.210 0.232 0.189 0.209 0.237 0.185 0.206 0.234 0.205 0.230 0.212 0.222 0.215 0.213 0.176 0.193 0.229 0.203 0.247 
0.289 0.192 0.226 0.236 0.268 0.218 0.204 0.230 0.154 0.220 0.177 0.303 0.230 0.218 0.227 0.213 0.243 0.184 0.191 0.216 0.209 0.248 0.236 0.249 0.271 0.219 0.207 0.195 0.212 0.224 0.238 0.247 0.168 0.182 0.179 0.213 0.156 0.205 0.205 0.188 0.173 0.185 0.203 0.179 0.175 0.166 0.199 0.212 0.155 0.201 0.205 0.192 0.228 0.182 0.222 0.220 0.198 0.224 0.215 0.204 
0.217 0.205 0.177 0.184 0.204 0.191 0.184 0.217 0.250 0.203 0.212 0.305 0.213 0.222 0.167 0.220 0.219 0.198 0.221 0.230 0.241 0.280 0.210 0.204 0.241 0.212 0.251 0.207 0.212 0.218 0.249 0.234 0.181 0.217 0.185 0.226 0.173 0.224 0.228 0.166 0.218 0.219 0.215 0.216 0.207 0.201 0.204 0.242 0.183 0.192 0.197 0.235 0.214 0.208 0.255 0.189 0.209 0.246 0.187 0.275 
0.231 0.257 0.204 0.195 0.223 0.202 0.177 0.174 0.217 0.209 0.189 0.242 0.189 0.202 0.210 0.172 0.213 0.195 0.228 0.236 0.230 0.235 0.217 0.211 0.171 0.194 0.273 0.202 0.230 0.247 0.225 0.282 0.186 0.230 0.233 0.230 0.223 0.188 0.223 0.220 0.196 0.213 0.224 0.223 0.264 0.202 0.246 0.292 0.197 0.186 0.241 0.287 0.250 0.243 0.191 0.278 0.195 0.253 0.225 0.273 
0.239 0.227 0.281 0.237 0.228 0.165 0.223 0.208 0.267 0.196 0.170 0.207 0.217 0.190 0.254 0.316 0.214 0.232 0.194 0.234 0.212 0.205 0.228 0.194 0.206 0.220 0.186 0.244 0.215 0.191 0.197 0.229 0.198 0.226 0.206 0.198 0.186 0.204 0.215 0.193 0.165 0.175 0.190 0.188 0.191 0.161 0.198 0.165 0.174 0.216 0.168 0.233 0.183 0.190 0.208 0.152 0.218 0.188 0.218 0.206 
0.199 0.195 0.194 0.175 0.202 0.196 0.202 0.188 0.205 0.179 0.163 0.215 0.185 0.205 0.172 0.190 0.201 0.184 0.186 0.183 0.187 0.232 0.168 0.202 0.195 0.225 0.209 0.191 0.201 0.169 0.220 0.208 0.198 0.136 0.203 0.182 0.174 0.208 0.171 0.204 0.157 0.180 0.194 0.158 0.200 0.188 0.180 0.223 0.182 0.201 0.186 0.194 0.181 0.175 0.234 0.153 0.206 0.204 0.185 0.175 
0.188 0.222 0.176 0.223 0.178 0.179 0.187 0.174 0.231 0.173 0.180 0.195 0.200 0.183 0.173 0.195 0.200 0.252 0.206 0.171 0.205 0.185 0.216 0.200 0.186 0.145 0.177 0.198 0.128 0.226 0.211 0.216 0.235 0.185 0.153 0.172 0.193 0.181 0.199 0.177 0.157 0.196 0.207 0.140 0.196 0.183 0.195 0.198 0.149 0.196 0.182 0.219 0.194 0.185 0.188 0.191 0.164 0.192 0.220 0.199 
0.199 0.208 0.180 0.167 0.164 0.187 0.184 0.169 0.198 0.000 0.272 0.188 0.155 0.175 0.173 0.222 0.185 0.166 0.147 0.181 0.213 0.193 0.207 0.153 0.168 0.153 0.176 0.154 0.157 0.183 0.161 0.197 0.167 0.148 0.186 0.128 0.167 0.162 0.170 0.157 0.167 0.165 0.158 0.143 0.169 0.160 0.188 0.150 0.163 0.124 0.148 0.196 0.146 0.114 0.125 0.141 0.148 0.145 0.136 0.124 
0.115 0.152 0.145 0.116 0.139 0.104 0.132 0.137 0.117 0.179 0.125 0.156 0.146 0.120 0.132 0.106 0.113 0.187 0.119 0.135 0.204 0.168 0.150 0.120 0.178 0.117 0.133 0.173 0.122 0.110 0.117 0.119 0.104 0.135 0.124 0.113 0.159 0.087 0.124 0.109 0.126 0.156 0.156 0.134 0.104 0.130 0.130 0.103 0.110 0.116 0.128 0.133 0.100 0.105 0.108 0.120 0.156 0.117 0.135 0.127 
0.083 0.140 0.143 0.145 0.109 0.114 0.124 0.102 0.114 0.106 0.528 0.409 0.389 0.391 0.400 0.380 0.444 0.417 0.598 0.629 0.608 0.653 0.619 0.637 0.631 0.630 0.642 0.651 0.690 0.493 0.465 0.401 0.403 0.386 0.377 0.387 0.421 0.498 0.649 0.636 0.600 0.628 0.584 0.607 0.628 0.594 0.595 0.663 0.657 0.313 0.151 0.261 0.381 0.365 0.378 0.440 0.463 0.613 0.542 0.541 
0.551 0.249 0.116 0.097 0.119 0.111 0.123 0.123 0.089 0.102 0.121 0.121 0.199 0.678 0.537 0.830 0.271 0.643 0.654 0.656 0.639 0.886 0.978 0.910 0.937 0.859 0.887 0.967 0.968 0.943 0.928 0.924 0.915 0.874 0.858 0.733 0.753 0.720 0.602 0.634 0.104 0.536 0.651 0.572 0.489 0.649 0.825 0.707 0.553 0.788 0.130 0.466 0.728 0.592 0.656 0.646 0.685 0.369 0.808 0.461 
0.108 0.123 0.125 0.093 0.221 0.138 0.107 0.125 0.088 0.135 0.169 0.194 0.151 0.210 0.160 0.177 0.214 0.189 0.166 0.159 0.229 0.213 0.200 0.208 0.168 0.202 0.167 0.216 0.173 0.187 0.201 0.172 0.175 0.182 0.161 0.197 0.144 0.194 0.196 0.158 0.194 0.166 0.196 0.179 0.167 0.167 0.174 0.175 0.145 0.204 0.179 0.198 0.182 0.181 0.178 0.156 0.186 0.217 0.180 0.205 
0.210 0.195 0.207 0.172 0.201 0.178 0.159 0.183 0.194 0.195 0.223 0.215 0.192 0.198 0.331 0.197 0.354 0.190 0.220 0.191 0.201 0.248 0.244 0.221 0.183 0.184 0.173 0.182 0.214 0.258 0.158 0.206 0.200 0.161 0.208 0.155 0.197 0.177 0.187 0.188 0.165 0.208 0.162 0.168 0.180 0.186 0.213 0.148 0.158 0.192 0.201 0.189 0.197 0.188 0.172 0.185 0.194 0.129 0.176 0.171 
0.184 0.195 0.145 0.174 0.208 0.173 0.180 0.152 0.236 0.151 0.203 0.172 0.184 0.203 0.199 0.249 0.243 0.208 0.237 0.272 0.283 0.213 0.325 0.221 0.216 0.207 0.193 0.207 0.192 0.235 0.238 0.206 0.228 0.242 0.209 0.213 0.220 0.221 0.195 0.230 0.218 0.191 0.208 0.240 0.212 0.206 0.255 0.198 0.220 0.242 0.240 0.216 0.172 0.203 0.233 0.264 0.222 0.234 0.222 0.228 
0.183 0.208 0.264 0.239 0.272 0.200 0.266 0.439 0.284 0.242 0.201 0.207 0.205 0.215 0.187 0.223 0.229 0.180 0.202 0.211 0.181 0.179 0.219 0.259 0.193 0.225 0.197 0.207 0.225 0.226 0.216 0.164 0.201 0.122 0.205 0.208 0.202 0.204 0.180 0.166 0.158 0.171 0.182 0.154 0.198 0.167 0.202 0.187 0.198 0.199 0.198 0.178 0.169 0.185 0.201 0.199 0.177 0.195 0.183 0.237 
0.194 0.203 0.205 0.196 0.180 0.227 0.216 0.207 0.196 0.193 0.174 0.230 0.206 0.216 0.163 0.194 0.206 0.167 0.239 0.232 0.190 0.183 0.152 0.203 0.183 0.212 0.209 0.169 0.219 0.205 0.202 0.181 0.221 0.188 0.173 0.211 0.189 0.198 0.245 0.166 0.179 0.190 0.207 0.204 0.166 0.224 0.184 0.187 0.165 0.206 0.183 0.171 0.240 0.155 0.202 0.230 0.163 0.207 0.229 0.195 
0.173 0.273 0.251 0.187 0.215 0.205 0.209 0.224 0.192 0.191 0.161 0.202 0.210 0.203 0.201 0.164 0.000 0.248 0.153 0.171 0.198 0.171 0.230 0.171 0.146 0.173 0.199 0.176 0.199 0.220 0.199 0.185 0.143 0.206 0.177 0.200 0.187 0.203 0.183 0.186 0.162 0.176 0.194 0.168 0.163 0.190 0.157 0.188 0.182 0.178 0.183 0.165 0.158 0.148 0.152 0.148 0.138 0.167 0.146 0.126 
0.168 0.153 0.147 0.129 0.137 0.161 0.132 0.165 0.121 0.150 0.157 0.149 0.152 0.142 0.131 0.140 0.129 0.191 0.121 0.146 0.141 0.129 0.183 0.138 0.190 0.181 0.184 0.188 0.177 0.170 0.156 0.219 0.139 0.135 0.138 0.119 0.170 0.124 0.128 0.133 0.145 0.137 0.094 0.175 0.119 0.163 0.158 0.144 0.175 0.145 0.174 0.150 0.161 0.149 0.114 0.194 0.138 0.122 0.139 0.127 
0.140 0.121 0.121 0.149 0.092 0.106 0.104 0.108 0.120 0.113 0.115 0.096 0.105 0.127 0.094 0.119 0.102 0.550 0.398 0.415 0.439 0.414 0.427 0.426 0.413 0.449 0.623 0.596 0.593 0.591 0.626 0.620 0.592 0.614 0.614 0.661 0.632 0.453 0.324 0.390 0.380 0.418 0.430 0.444 0.527 0.489 0.641 0.592 0.583 0.592 0.583 0.553 0.603 0.588 0.586 0.627 0.655 0.580 0.519 0.520 
0.498 0.522 0.518 0.554 0.590 0.498 0.592 0.583 0.553 0.603 0.588 0.586 0.627 0.655 0.580 0.519 0.520 0.498 0.522 0.518 0.554 0.590 0.498 0.250 0.216 0.211 0.179 0.195 0.200 0.233 0.424 0.394 0.260 0.193 0.222 0.167 0.183 0.212 0.217 0.224 0.215 0.212 0.199 0.193 0.232 0.191 0.198 0.221 0.231 0.210 0.187 0.162 0.180 0.196 0.188 0.196 0.166 0.164 0.178 0.234 
0.194 0.201 0.175 0.202 0.215 0.199 0.230 0.227 0.199 0.189 0.179 0.197 0.206 0.178 0.222 0.192 0.223 0.197 0.243 0.166 0.174 0.202 0.162 0.224 0.170 0.161 0.238 0.135 0.174 0.171 0.184 0.180 0.211 0.173 0.217 0.206 0.214 0.177 0.234 0.181 0.212 0.199 0.241 0.179 0.186 0.199 0.208 0.213 0.213 0.193 0.181 0.195 0.209 0.204 0.201 0.189 0.188 0.179 0.154 0.217 
