0.256 0.223 0.257 0.207 0.169 0.218 0.212 0.230 0.223 0.213 0.282 0.225 0.254 0.223 0.229 0.228 0.274 0.264 0.192 0.226 0.203 0.204 0.221 0.229 0.204 0.227 0.253 0.262 0.209 0.260 0.205 0.253 0.254 0.220 0.207 0.213 0.246 0.259 0.228 0.264 0.256 0.284 0.232 0.275 0.241 0.222 0.287 0.240 0.231 0.247 0.221 0.267 0.268 0.286 0.277 0.233 0.285 0.218 0.260 0.238 
0.235 0.213 0.251 0.272 0.230 0.332 0.253 0.276 0.273 0.291 0.255 0.291 0.286 0.272 0.285 0.273 0.240 0.228 0.245 0.230 0.225 0.252 0.274 0.213 0.268 0.241 0.237 0.256 0.253 0.253 0.233 0.282 0.267 0.257 0.234 0.232 0.281 0.206 0.265 0.273 0.278 0.268 0.199 0.271 0.288 0.212 0.234 0.263 0.250 0.173 0.254 0.252 0.234 0.222 0.258 0.254 0.265 0.268 0.275 0.269 
0.257 0.321 0.278 0.286 0.252 0.276 0.253 0.236 0.214 0.205 0.306 0.312 0.259 0.231 0.260 0.245 0.257 0.314 0.255 0.255 0.239 0.236 0.276 0.259 0.273 0.219 0.238 0.258 0.211 0.246 0.244 0.276 0.268 0.284 0.226 0.247 0.250 0.222 0.280 0.283 0.232 0.233 0.326 0.272 0.238 0.269 0.259 0.312 0.253 0.230 0.280 0.241 0.284 0.305 0.212 0.213 0.245 0.288 0.215 0.305 
0.257 0.220 0.313 0.246 0.249 0.235 0.264 0.240 0.265 0.228 0.241 0.312 0.305 0.274 0.283 0.250 0.256 0.218 0.232 0.215 0.304 0.295 0.276 0.338 0.248 0.328 0.301 0.251 0.308 0.267 0.219 0.304 0.333 0.245 0.187 0.196 0.206 0.241 0.285 0.260 0.297 0.224 0.338 0.285 0.305 0.283 0.295 0.290 0.208 0.220 0.238 0.272 0.308 0.220 0.295 0.246 0.318 0.236 0.217 0.250 
0.265 0.298 0.271 0.273 0.275 0.202 0.203 0.266 0.244 0.222 0.295 0.313 0.235 0.238 0.220 0.213 0.233 0.242 0.257 0.223 0.239 0.224 0.295 0.240 0.267 0.304 0.301 0.303 0.260 0.265 0.290 0.300 0.320 0.268 0.211 0.252 0.271 0.270 0.279 0.280 0.239 0.280 0.229 0.271 0.230 0.220 0.333 0.300 0.222 0.253 0.235 0.243 0.233 0.241 0.255 0.244 0.249 0.236 0.270 0.255 
0.442 0.300 0.302 0.272 0.243 0.263 0.227 0.258 0.244 0.230 0.223 0.254 0.257 0.235 0.230 0.273 0.276 0.301 0.220 0.239 0.257 0.248 0.290 0.236 0.225 0.252 0.262 0.254 0.220 0.276 0.259 0.299 0.285 0.318 0.230 0.243 0.232 0.223 0.319 0.248 0.262 0.268 0.258 0.234 0.262 0.218 0.279 0.237 0.217 0.244 0.246 0.224 0.273 0.265 0.219 0.257 0.275 0.203 0.243 0.238 
0.217 0.317 0.231 0.257 0.239 0.240 0.173 0.272 0.242 0.215 0.244 0.278 0.270 0.234 0.201 0.282 0.262 0.223 0.253 0.260 0.229 0.225 0.266 0.234 0.241 0.255 0.262 0.272 0.259 0.304 0.241 0.263 0.303 0.240 0.207 0.233 0.254 0.283 0.249 0.291 0.230 0.288 0.256 0.264 0.213 0.290 0.285 0.253 0.254 0.188 0.241 0.253 0.245 0.272 0.235 0.239 0.240 0.253 0.274 0.194 
0.268 0.315 0.215 0.268 0.270 0.231 0.259 0.256 0.277 0.272 0.213 0.227 0.232 0.275 0.262 0.236 0.228 0.265 0.238 0.209 0.250 0.241 0.272 0.246 0.198 0.210 0.214 0.228 0.271 0.236 0.267 0.265 0.222 0.224 0.216 0.226 0.237 0.230 0.284 0.255 0.284 0.286 0.290 0.256 0.286 0.294 0.265 0.265 0.218 0.244 0.249 0.241 0.252 0.253 0.232 0.251 0.271 0.229 0.280 0.209 
0.252 0.247 0.246 0.240 0.232 0.305 0.276 0.268 0.233 0.240 0.260 0.243 0.238 0.283 0.283 0.248 0.283 0.214 0.275 0.203 0.214 0.186 0.261 0.321 0.188 0.264 0.281 0.248 0.421 0.309 0.303 0.340 0.313 0.268 0.251 0.298 0.281 0.319 0.306 0.380 0.353 0.293 0.288 0.336 0.252 0.248 0.291 0.242 0.320 0.290 0.199 0.228 0.243 0.276 0.271 0.261 0.265 0.320 0.380 0.332 
0.358 0.390 0.369 0.338 0.314 0.342 0.286 0.298 0.305 0.276 0.300 0.365 0.386 0.377 0.371 0.362 0.348 0.292 0.295 0.288 0.299 0.287 0.315 0.304 0.320 0.254 0.223 0.208 0.195 0.257 0.232 0.285 0.269 0.204 0.189 0.244 0.245 0.241 0.258 0.274 0.232 0.285 0.259 0.262 0.274 0.306 0.262 0.260 0.277 0.206 0.257 0.246 0.229 0.271 0.278 0.261 0.252 0.244 0.272 0.216 
0.261 0.254 0.222 0.232 0.289 0.284 0.208 0.259 0.292 0.281 0.277 0.249 0.213 0.242 0.251 0.229 0.298 0.301 0.233 0.260 0.219 0.265 0.237 0.302 0.256 0.243 0.233 0.227 0.221 0.287 0.271 0.357 0.460 0.330 0.282 0.292 0.310 0.346 0.323 0.290 0.305 0.367 0.329 0.360 0.304 0.348 0.339 0.374 0.315 0.247 0.311 0.282 0.342 0.295 0.303 0.310 0.296 0.302 0.288 0.291 
0.227 0.312 0.302 0.263 0.264 0.278 0.258 0.261 0.274 0.244 0.264 0.323 0.227 0.274 0.311 0.250 0.259 0.331 0.269 0.262 0.356 0.404 0.375 0.393 0.398 0.389 0.406 0.315 0.390 0.352 0.362 0.287 0.294 0.275 0.340 0.331 0.322 0.387 0.336 0.375 0.370 0.364 0.383 0.567 0.381 0.297 0.348 0.314 0.337 0.303 0.271 0.326 0.251 0.334 0.317 0.271 0.268 0.226 0.227 0.214 
0.282 0.284 0.229 0.271 0.225 0.216 0.224 0.246 0.244 0.235 0.257 0.257 0.235 0.280 0.226 0.250 0.257 0.269 0.264 0.346 0.184 0.201 0.269 0.243 0.271 0.243 0.275 0.229 0.223 0.259 0.233 0.293 0.278 0.249 0.261 0.225 0.257 0.269 0.273 0.284 0.283 0.221 0.256 0.412 0.252 0.270 0.277 0.246 0.261 0.271 0.248 0.250 0.210 0.279 0.314 0.275 0.249 0.210 0.271 0.253 
0.260 0.263 0.260 0.227 0.216 0.241 0.210 0.222 0.222 0.237 0.255 0.208 0.234 0.252 0.298 0.250 0.254 0.316 0.265 0.235 0.215 0.274 0.234 0.271 0.236 0.213 0.225 0.239 0.281 0.265 0.232 0.300 0.252 0.184 0.172 0.265 0.225 0.204 0.295 0.237 0.266 0.250 0.168 0.262 0.257 0.277 0.294 0.253 0.243 0.227 0.224 0.212 0.226 0.244 0.245 0.265 0.250 0.217 0.254 0.264 
0.219 0.263 0.260 0.294 0.279 0.221 0.234 0.220 0.226 0.278 0.221 0.248 0.193 0.285 0.257 0.228 0.299 0.240 0.264 0.358 0.271 0.233 0.196 0.327 0.254 0.232 0.257 0.334 0.232 0.223 0.262 0.268 0.262 0.221 0.342 0.250 0.266 0.226 0.275 0.228 0.303 0.186 0.237 0.212 0.204 0.255 0.272 0.289 0.196 0.198 0.183 0.224 0.215 0.232 0.227 0.236 0.208 0.212 0.240 0.227 
0.248 0.274 0.238 0.233 0.234 0.213 0.206 0.199 0.221 0.215 0.242 0.224 0.176 0.210 0.224 0.223 0.257 0.243 0.207 0.262 0.270 0.176 0.203 0.220 0.217 0.210 0.212 0.238 0.217 0.274 0.218 0.233 0.269 0.221 0.240 0.261 0.232 0.207 0.293 0.229 0.187 0.251 0.205 0.207 0.174 0.237 0.239 0.226 0.210 0.228 0.262 0.238 0.231 0.218 0.201 0.225 0.213 0.223 0.206 0.252 
0.271 0.238 0.233 0.245 0.275 0.238 0.300 0.263 0.179 0.209 0.214 0.243 0.232 0.198 0.252 0.199 0.190 0.218 0.216 0.225 0.226 0.237 0.192 0.200 0.291 0.198 0.230 0.208 0.185 0.211 0.214 0.268 0.219 0.197 0.257 0.244 0.226 0.179 0.184 0.179 0.204 0.255 0.168 0.226 0.227 0.261 0.188 0.229 0.204 0.218 0.192 0.180 0.206 0.188 0.208 0.221 0.202 0.246 0.234 0.216 
0.198 0.238 0.223 0.225 0.225 0.201 0.206 0.223 0.192 0.237 0.274 0.208 0.199 0.206 0.194 0.196 0.194 0.221 0.181 0.236 0.295 0.204 0.236 0.203 0.204 0.253 0.224 0.207 0.169 0.208 0.223 0.209 0.248 0.198 0.238 0.196 0.237 0.211 0.180 0.236 0.163 0.000 0.315 0.185 0.158 0.195 0.207 0.266 0.172 0.145 0.167 0.206 0.198 0.180 0.198 0.182 0.181 0.176 0.192 0.170 
0.203 0.206 0.217 0.192 0.162 0.189 0.186 0.153 0.200 0.172 0.195 0.201 0.172 0.193 0.189 0.178 0.145 0.163 0.225 0.206 0.207 0.165 0.119 0.206 0.154 0.151 0.145 0.184 0.183 0.161 0.175 0.151 0.194 0.134 0.143 0.144 0.148 0.108 0.202 0.136 0.162 0.156 0.144 0.141 0.179 0.109 0.126 0.156 0.139 0.196 0.130 0.136 0.152 0.140 0.155 0.133 0.187 0.129 0.102 0.162 
0.183 0.138 0.127 0.132 0.130 0.114 0.121 0.119 0.118 0.129 0.101 0.129 0.120 0.135 0.130 0.105 0.140 0.129 0.143 0.131 0.084 0.135 0.151 0.119 0.156 0.110 0.122 0.118 0.145 0.142 0.165 0.134 0.126 0.122 0.126 0.109 0.122 0.140 0.122 0.182 0.161 0.107 0.639 0.392 0.394 0.375 0.374 0.386 0.436 0.393 0.497 0.631 0.620 0.608 0.622 0.570 0.598 0.627 0.588 0.575 
0.619 0.606 0.620 0.572 0.642 0.640 0.641 0.630 0.470 0.325 0.369 0.426 0.414 0.435 0.507 0.551 0.637 0.612 0.579 0.569 0.571 0.545 0.615 0.585 0.581 0.558 0.596 0.572 0.588 0.607 0.568 0.644 0.621 0.599 0.163 0.148 0.420 0.447 0.449 0.465 0.425 0.549 0.640 0.607 0.521 0.712 0.928 0.767 0.898 0.283 0.092 0.578 0.779 0.873 0.770 0.878 0.886 0.506 0.966 0.966 
0.956 0.932 0.911 0.917 0.889 0.856 0.886 0.703 0.699 0.713 0.802 0.697 0.713 0.724 0.355 0.587 0.201 0.345 0.470 0.729 0.662 0.794 0.748 0.502 0.523 0.854 0.898 0.691 0.539 0.589 0.710 0.705 0.748 0.669 0.598 0.543 0.816 0.207 0.129 0.130 0.504 0.638 0.619 0.641 0.634 0.579 0.626 0.625 0.438 0.118 0.113 0.321 0.607 0.641 0.643 0.653 0.639 0.627 0.645 0.653 
0.646 0.649 0.645 0.647 0.644 0.642 0.637 0.634 0.639 0.643 0.642 0.645 0.629 0.636 0.636 0.630 0.644 0.652 0.275 0.131 0.300 0.640 0.650 0.647 0.665 0.666 0.651 0.643 0.656 0.674 0.665 0.659 0.651 0.663 0.649 0.672 0.645 0.658 0.646 0.654 0.650 0.661 0.648 0.631 0.646 0.667 0.661 0.659 0.658 0.660 0.664 0.665 0.662 0.670 0.660 0.688 0.662 0.652 0.660 0.659 
0.682 0.665 0.684 0.668 0.675 0.659 0.668 0.663 0.667 0.657 0.681 0.656 0.671 0.643 0.673 0.658 0.666 0.649 0.667 0.654 0.672 0.660 0.660 0.796 0.643 0.663 0.656 0.683 0.658 0.416 0.193 0.116 0.111 0.115 0.091 0.115 0.136 0.106 0.213 0.099 0.146 0.139 0.122 0.117 0.107 0.126 0.108 0.123 0.114 0.118 0.160 0.162 0.144 0.211 0.113 0.179 0.136 0.277 0.291 0.119 
