0.298 0.224 0.268 0.148 0.144 0.150 0.112 0.136 0.093 0.173 0.197 0.135 0.197 0.128 0.132 0.174 0.128 0.159 0.140 0.154 0.204 0.174 0.285 0.224 0.179 0.176 0.144 0.166 0.158 0.201 0.247 0.197 0.161 0.148 0.156 0.155 0.174 0.180 0.192 0.266 0.208 0.214 0.275 0.207 0.236 0.182 0.208 0.169 0.146 0.177 0.246 0.329 0.203 0.306 0.238 0.300 0.244 0.221 0.195 0.218 
0.248 0.295 0.196 0.244 0.200 0.183 0.194 0.226 0.237 0.237 0.172 0.206 0.215 0.170 0.188 0.221 0.222 0.196 0.243 0.202 0.203 0.254 0.186 0.205 0.247 0.237 0.249 0.229 0.247 0.245 0.245 0.222 0.259 0.248 0.269 0.223 0.275 0.246 0.234 0.214 0.238 0.222 0.204 0.230 0.206 0.209 0.223 0.300 0.230 0.151 0.225 0.251 0.266 0.222 0.217 0.240 0.230 0.210 0.233 0.228 
0.242 0.259 0.202 0.176 0.213 0.224 0.217 0.211 0.170 0.272 0.256 0.166 0.239 0.221 0.254 0.169 0.219 0.227 0.207 0.197 0.245 0.227 0.265 0.263 0.232 0.234 0.247 0.176 0.254 0.245 0.223 0.242 0.254 0.218 0.270 0.217 0.254 0.204 0.221 0.250 0.217 0.181 0.248 0.229 0.208 0.199 0.208 0.163 0.219 0.173 0.199 0.266 0.246 0.294 0.205 0.258 0.236 0.248 0.211 0.232 
0.266 0.238 0.203 0.202 0.200 0.208 0.214 0.188 0.182 0.186 0.244 0.217 0.249 0.246 0.198 0.190 0.195 0.202 0.200 0.169 0.220 0.191 0.264 0.245 0.234 0.227 0.200 0.235 0.192 0.238 0.250 0.230 0.195 0.249 0.198 0.211 0.252 0.228 0.201 0.208 0.251 0.253 0.252 0.213 0.213 0.167 0.203 0.227 0.246 0.246 0.237 0.225 0.217 0.238 0.260 0.265 0.221 0.231 0.225 0.281 
0.234 0.261 0.150 0.183 0.269 0.186 0.245 0.195 0.226 0.240 0.228 0.224 0.230 0.257 0.165 0.237 0.268 0.205 0.245 0.202 0.243 0.229 0.234 0.236 0.248 0.276 0.187 0.257 0.219 0.224 0.283 0.245 0.202 0.205 0.250 0.191 0.201 0.257 0.253 0.254 0.217 0.239 0.226 0.242 0.245 0.237 0.190 0.257 0.209 0.224 0.246 0.231 0.256 0.232 0.260 0.281 0.201 0.300 0.256 0.215 
0.268 0.248 0.226 0.215 0.228 0.209 0.242 0.213 0.184 0.246 0.225 0.231 0.216 0.252 0.204 0.210 0.198 0.204 0.203 0.200 0.223 0.227 0.227 0.259 0.239 0.192 0.219 0.234 0.247 0.239 0.273 0.253 0.228 0.191 0.214 0.212 0.228 0.201 0.210 0.225 0.241 0.200 0.207 0.280 0.216 0.231 0.244 0.233 0.225 0.218 0.267 0.269 0.302 0.267 0.235 0.284 0.203 0.304 0.286 0.257 
0.240 0.288 0.213 0.186 0.213 0.237 0.222 0.238 0.230 0.276 0.271 0.238 0.287 0.248 0.227 0.194 0.242 0.221 0.173 0.208 0.242 0.233 0.252 0.207 0.191 0.212 0.211 0.229 0.211 0.217 0.208 0.230 0.207 0.159 0.248 0.209 0.237 0.247 0.212 0.247 0.195 0.204 0.253 0.261 0.241 0.241 0.277 0.245 0.224 0.194 0.230 0.218 0.215 0.201 0.217 0.248 0.208 0.229 0.234 0.251 
0.223 0.247 0.231 0.191 0.205 0.236 0.213 0.251 0.232 0.194 0.235 0.173 0.217 0.180 0.217 0.188 0.194 0.234 0.203 0.210 0.229 0.227 0.236 0.228 0.206 0.254 0.230 0.315 0.229 0.249 0.195 0.257 0.232 0.239 0.222 0.205 0.251 0.283 0.235 0.245 0.192 0.247 0.232 0.269 0.214 0.258 0.218 0.231 0.218 0.196 0.234 0.250 0.190 0.288 0.233 0.215 0.196 0.242 0.245 0.256 
0.310 0.217 0.203 0.237 0.202 0.206 0.198 0.195 0.171 0.200 0.243 0.211 0.248 0.246 0.169 0.193 0.198 0.191 0.215 0.179 0.214 0.242 0.243 0.215 0.229 0.252 0.192 0.211 0.220 0.248 0.295 0.235 0.230 0.182 0.205 0.216 0.223 0.243 0.211 0.285 0.231 0.203 0.241 0.253 0.217 0.233 0.229 0.244 0.193 0.231 0.231 0.274 0.238 0.260 0.215 0.246 0.223 0.250 0.276 0.281 
0.207 0.284 0.241 0.205 0.194 0.263 0.241 0.237 0.391 0.338 0.308 0.319 0.317 0.312 0.305 0.291 0.267 0.288 0.314 0.272 0.289 0.297 0.324 0.319 0.306 0.307 0.268 0.310 0.275 0.332 0.277 0.334 0.215 0.225 0.232 0.260 0.229 0.226 0.197 0.228 0.233 0.318 0.371 0.321 0.369 0.391 0.395 0.339 0.283 0.300 0.305 0.334 0.274 0.263 0.228 0.236 0.229 0.291 0.296 0.343 
0.329 0.354 0.327 0.342 0.338 0.329 0.301 0.251 0.268 0.270 0.297 0.229 0.284 0.275 0.219 0.223 0.252 0.228 0.184 0.183 0.218 0.199 0.221 0.209 0.230 0.242 0.159 0.228 0.196 0.241 0.244 0.259 0.177 0.169 0.220 0.218 0.196 0.256 0.171 0.211 0.213 0.219 0.266 0.220 0.221 0.211 0.208 0.248 0.239 0.206 0.242 0.217 0.256 0.238 0.231 0.210 0.254 0.235 0.218 0.263 
0.280 0.232 0.246 0.202 0.204 0.226 0.240 0.207 0.207 0.225 0.223 0.208 0.257 0.257 0.200 0.214 0.234 0.181 0.254 0.180 0.212 0.199 0.236 0.234 0.248 0.235 0.192 0.247 0.237 0.209 0.262 0.206 0.275 0.219 0.200 0.239 0.214 0.241 0.215 0.251 0.268 0.212 0.375 0.207 0.226 0.213 0.232 0.191 0.149 0.232 0.223 0.271 0.281 0.197 0.210 0.269 0.247 0.269 0.221 0.220 
0.256 0.276 0.237 0.179 0.226 0.212 0.225 0.206 0.185 0.219 0.221 0.206 0.207 0.210 0.214 0.220 0.238 0.241 0.210 0.208 0.202 0.271 0.223 0.254 0.200 0.273 0.242 0.272 0.190 0.185 0.266 0.246 0.231 0.241 0.248 0.223 0.258 0.167 0.262 0.219 0.302 0.220 0.262 0.262 0.217 0.224 0.267 0.206 0.232 0.202 0.234 0.231 0.206 0.273 0.189 0.249 0.202 0.238 0.257 0.215 
0.254 0.256 0.196 0.209 0.213 0.211 0.226 0.216 0.190 0.246 0.226 0.197 0.236 0.244 0.206 0.213 0.201 0.192 0.231 0.201 0.238 0.199 0.219 0.211 0.192 0.233 0.205 0.206 0.239 0.239 0.246 0.250 0.228 0.227 0.214 0.233 0.235 0.224 0.209 0.233 0.253 0.228 0.247 0.258 0.209 0.205 0.236 0.217 0.217 0.222 0.229 0.196 0.208 0.272 0.206 0.269 0.215 0.233 0.242 0.250 
0.258 0.267 0.185 0.208 0.167 0.171 0.230 0.197 0.253 0.222 0.248 0.239 0.255 0.228 0.205 0.283 0.244 0.266 0.189 0.282 0.268 0.209 0.212 0.303 0.257 0.281 0.236 0.235 0.310 0.271 0.308 0.210 0.272 0.248 0.239 0.209 0.208 0.284 0.235 0.270 0.202 0.246 0.254 0.198 0.201 0.275 0.350 0.228 0.234 0.232 0.200 0.239 0.204 0.238 0.220 0.202 0.215 0.167 0.215 0.190 
0.214 0.216 0.226 0.189 0.236 0.196 0.190 0.181 0.186 0.190 0.184 0.214 0.176 0.196 0.191 0.186 0.197 0.167 0.172 0.209 0.180 0.216 0.176 0.262 0.247 0.193 0.223 0.172 0.248 0.201 0.240 0.225 0.192 0.190 0.188 0.193 0.171 0.212 0.272 0.270 0.223 0.191 0.232 0.217 0.193 0.195 0.180 0.227 0.285 0.253 0.218 0.230 0.266 0.181 0.185 0.264 0.191 0.213 0.210 0.260 
0.232 0.278 0.236 0.215 0.201 0.197 0.233 0.197 0.219 0.229 0.197 0.200 0.208 0.172 0.191 0.172 0.178 0.192 0.182 0.167 0.150 0.207 0.222 0.231 0.225 0.182 0.200 0.185 0.212 0.214 0.218 0.214 0.155 0.220 0.168 0.198 0.180 0.184 0.226 0.178 0.208 0.197 0.224 0.235 0.191 0.195 0.181 0.209 0.174 0.203 0.214 0.209 0.237 0.166 0.202 0.197 0.153 0.199 0.179 0.220 
0.175 0.208 0.189 0.151 0.173 0.195 0.189 0.199 0.136 0.198 0.169 0.144 0.188 0.189 0.193 0.156 0.153 0.178 0.188 0.162 0.158 0.156 0.182 0.172 0.205 0.188 0.124 0.192 0.179 0.234 0.253 0.187 0.155 0.197 0.184 0.161 0.150 0.176 0.122 0.181 0.000 0.289 0.117 0.178 0.188 0.179 0.243 0.167 0.132 0.153 0.153 0.224 0.197 0.198 0.190 0.192 0.178 0.152 0.183 0.198 
0.172 0.211 0.120 0.183 0.160 0.193 0.210 0.232 0.179 0.141 0.181 0.189 0.193 0.167 0.152 0.177 0.125 0.216 0.176 0.136 0.166 0.164 0.183 0.193 0.169 0.155 0.162 0.170 0.196 0.170 0.172 0.145 0.145 0.172 0.147 0.138 0.155 0.136 0.181 0.145 0.191 0.131 0.131 0.160 0.165 0.193 0.195 0.156 0.233 0.167 0.162 0.139 0.222 0.143 0.178 0.164 0.210 0.189 0.175 0.150 
0.212 0.137 0.143 0.126 0.133 0.103 0.119 0.123 0.111 0.114 0.104 0.120 0.110 0.133 0.119 0.123 0.154 0.157 0.130 0.122 0.082 0.134 0.133 0.126 0.135 0.104 0.118 0.130 0.113 0.143 0.123 0.136 0.117 0.122 0.112 0.100 0.114 0.105 0.106 0.105 0.091 0.647 0.390 0.406 0.444 0.400 0.413 0.410 0.413 0.424 0.647 0.612 0.576 0.623 0.594 0.574 0.594 0.555 0.599 0.609 
0.553 0.566 0.585 0.617 0.622 0.612 0.472 0.328 0.382 0.380 0.373 0.372 0.371 0.457 0.476 0.564 0.623 0.564 0.591 0.594 0.568 0.578 0.603 0.610 0.574 0.562 0.564 0.554 0.610 0.611 0.628 0.532 0.135 0.180 0.418 0.361 0.415 0.400 0.459 0.485 0.531 0.539 0.548 0.539 0.780 0.908 0.620 0.788 0.127 0.543 0.668 0.828 0.753 0.875 0.874 0.951 0.820 0.948 0.982 0.977 
0.915 0.930 0.920 0.898 0.861 0.855 0.729 0.722 0.759 0.692 0.720 0.544 0.546 0.353 0.576 0.642 0.712 0.605 0.371 0.747 0.788 0.807 0.620 0.520 0.434 0.648 0.603 0.539 0.691 0.667 0.486 0.668 0.754 0.107 0.138 0.104 0.112 0.465 0.640 0.607 0.632 0.635 0.589 0.631 0.625 0.510 0.102 0.098 0.089 0.245 0.605 0.639 0.640 0.646 0.662 0.653 0.639 0.645 0.634 0.665 
0.665 0.636 0.642 0.641 0.651 0.628 0.634 0.642 0.645 0.661 0.646 0.640 0.640 0.645 0.646 0.646 0.370 0.108 0.101 0.251 0.627 0.613 0.611 0.632 0.631 0.623 0.630 0.625 0.641 0.635 0.645 0.627 0.634 0.623 0.635 0.617 0.626 0.616 0.631 0.628 0.641 0.630 0.618 0.622 0.645 0.630 0.634 0.624 0.624 0.642 0.637 0.620 0.643 0.639 0.640 0.650 0.632 0.649 0.633 0.667 
0.627 0.647 0.636 0.642 0.639 0.640 0.613 0.647 0.629 0.621 0.654 0.656 0.627 0.636 0.634 0.640 0.643 0.636 0.624 0.651 0.628 0.625 0.634 0.639 0.640 0.639 0.636 0.625 0.116 0.129 0.118 0.127 0.116 0.099 0.118 0.105 0.122 0.134 0.114 0.117 0.099 0.139 0.114 0.133 0.124 0.095 0.124 0.116 0.128 0.126 0.118 0.115 0.152 0.113 0.161 0.098 0.112 0.136 0.101 0.172 
