0.495 0.481 0.547 0.588 0.599 0.594 0.611 0.598 0.628 0.601 0.592 0.580 0.553 0.643 0.638 0.487 0.572 0.503 0.500 0.517 0.547 0.574 0.527 0.518 0.505 0.168 0.171 0.151 0.164 0.176 0.164 0.181 0.159 0.151 0.170 0.145 0.143 0.133 0.136 0.145 0.132 0.172 0.134 0.205 0.671 0.507 0.198 0.806 0.508 0.677 0.698 0.797 0.710 0.906 0.944 0.998 0.934 0.905 0.882 0.968 
0.952 0.941 0.864 0.801 0.763 0.858 0.906 0.862 0.838 0.718 0.795 0.743 0.519 0.675 0.236 0.271 0.354 0.370 0.339 0.474 0.573 0.543 0.759 0.667 0.594 0.361 0.213 0.696 0.813 0.420 0.482 0.412 0.530 0.497 0.106 0.260 0.681 0.674 0.675 0.670 0.649 0.464 0.396 0.832 0.908 0.684 0.464 0.129 0.108 0.267 0.091 0.118 0.097 0.104 0.115 0.101 0.107 0.118 0.117 0.161 
0.106 0.103 0.154 0.130 0.307 0.663 0.618 0.603 0.642 0.628 0.583 0.601 0.617 0.163 0.097 0.107 0.104 0.569 0.638 0.659 0.658 0.657 0.667 0.639 0.650 0.647 0.643 0.656 0.660 0.650 0.658 0.642 0.651 0.649 0.653 0.648 0.649 0.644 0.652 0.644 0.647 0.365 0.121 0.113 0.160 0.485 0.657 0.663 0.648 0.651 0.657 0.653 0.653 0.661 0.651 0.662 0.655 0.656 0.669 0.679 
0.660 0.685 0.671 0.679 0.679 0.667 0.657 0.664 0.659 0.670 0.658 0.672 0.659 0.649 0.673 0.674 0.674 0.664 0.659 0.665 0.672 0.678 0.689 0.682 0.677 0.703 0.667 0.690 0.701 0.702 0.683 0.703 0.697 0.691 0.688 0.702 0.711 0.691 0.706 0.690 0.718 0.708 0.707 0.700 0.712 0.733 0.734 0.721 0.708 0.695 0.707 0.709 0.740 0.720 0.745 0.436 0.179 0.259 0.207 0.256 
0.231 0.206 0.210 0.188 0.208 0.203 0.221 0.238 0.186 0.308 0.200 0.203 0.242 0.200 0.209 0.195 0.201 0.209 0.178 0.212 0.258 0.257 0.229 0.238 0.278 0.197 0.242 0.200 0.217 0.252 0.247 0.213 0.246 0.249 0.215 0.227 0.277 0.214 0.265 0.243 0.222 0.259 0.241 0.232 0.250 0.310 0.224 0.254 0.232 0.239 0.231 0.196 0.253 0.264 0.240 0.242 0.208 0.229 0.584 0.469 
0.256 0.249 0.231 0.215 0.232 0.220 0.296 0.231 0.249 0.247 0.219 0.261 0.211 0.251 0.282 0.217 0.252 0.228 0.259 0.236 0.269 0.243 0.221 0.198 0.214 0.225 0.220 0.225 0.262 0.257 0.257 0.215 0.228 0.211 0.210 0.255 0.214 0.272 0.252 0.272 0.235 0.201 0.231 0.232 0.263 0.237 0.216 0.243 0.178 0.231 0.248 0.241 0.276 0.175 0.212 0.189 0.226 0.240 0.237 0.290 
0.231 0.237 0.232 0.236 0.240 0.247 0.235 0.254 0.245 0.237 0.208 0.219 0.194 0.233 0.247 0.213 0.194 0.252 0.262 0.202 0.276 0.241 0.230 0.191 0.227 0.240 0.262 0.277 0.240 0.253 0.228 0.228 0.216 0.271 0.212 0.260 0.217 0.220 0.222 0.269 0.217 0.319 0.257 0.228 0.229 0.248 0.228 0.204 0.226 0.245 0.209 0.283 0.219 0.236 0.198 0.201 0.233 0.226 0.213 0.279 
0.276 0.216 0.219 0.232 0.208 0.252 0.212 0.217 0.247 0.252 0.245 0.211 0.252 0.184 0.247 0.279 0.181 0.242 0.185 0.162 0.215 0.195 0.210 0.225 0.253 0.263 0.207 0.256 0.200 0.278 0.225 0.314 0.240 0.263 0.222 0.220 0.275 0.183 0.225 0.198 0.243 0.267 0.243 0.202 0.210 0.188 0.231 0.220 0.261 0.194 0.175 0.204 0.260 0.252 0.207 0.210 0.258 0.248 0.259 0.230 
0.246 0.183 0.246 0.256 0.201 0.238 0.234 0.276 0.212 0.221 0.259 0.268 0.169 0.235 0.234 0.207 0.195 0.237 0.237 0.244 0.218 0.242 0.203 0.229 0.170 0.224 0.246 0.257 0.234 0.222 0.193 0.253 0.228 0.157 0.240 0.195 0.232 0.198 0.217 0.214 0.214 0.215 0.191 0.246 0.235 0.193 0.182 0.182 0.185 0.167 0.199 0.248 0.196 0.207 0.233 0.261 0.203 0.254 0.256 0.257 
0.208 0.195 0.221 0.220 0.209 0.198 0.203 0.190 0.194 0.187 0.257 0.170 0.272 0.207 0.219 0.201 0.230 0.224 0.233 0.195 0.224 0.211 0.198 0.183 0.213 0.211 0.185 0.254 0.204 0.274 0.192 0.151 0.181 0.197 0.205 0.234 0.261 0.217 0.230 0.227 0.203 0.168 0.235 0.221 0.243 0.216 0.221 0.258 0.165 0.194 0.211 0.226 0.185 0.205 0.237 0.242 0.182 0.231 0.224 0.226 
0.263 0.205 0.273 0.244 0.197 0.180 0.215 0.200 0.209 0.234 0.231 0.187 0.212 0.235 0.199 0.265 0.213 0.231 0.149 0.195 0.199 0.205 0.175 0.175 0.210 0.191 0.212 0.189 0.243 0.218 0.214 0.229 0.202 0.232 0.232 0.212 0.233 0.238 0.222 0.214 0.209 0.213 0.183 0.255 0.241 0.211 0.239 0.156 0.225 0.248 0.198 0.264 0.215 0.221 0.208 0.185 0.235 0.204 0.228 0.266 
0.218 0.226 0.180 0.239 0.192 0.283 0.236 0.224 0.216 0.236 0.250 0.199 0.213 0.235 0.241 0.227 0.223 0.181 0.169 0.223 0.195 0.241 0.241 0.242 0.224 0.165 0.310 0.316 0.204 0.190 0.224 0.197 0.210 0.208 0.183 0.204 0.235 0.233 0.233 0.242 0.213 0.183 0.239 0.231 0.191 0.198 0.223 0.221 0.229 0.258 0.213 0.213 0.222 0.236 0.243 0.204 0.220 0.229 0.214 0.247 
0.242 0.217 0.246 0.232 0.213 0.210 0.237 0.216 0.254 0.283 0.197 0.257 0.238 0.199 0.227 0.215 0.242 0.217 0.229 0.206 0.225 0.275 0.231 0.237 0.199 0.210 0.237 0.204 0.205 0.228 0.227 0.245 0.200 0.203 0.203 0.210 0.207 0.172 0.229 0.226 0.230 0.195 0.255 0.196 0.254 0.199 0.159 0.230 0.223 0.239 0.207 0.196 0.290 0.221 0.245 0.208 0.200 0.235 0.186 0.269 
0.184 0.282 0.221 0.218 0.201 0.188 0.239 0.234 0.245 0.247 0.239 0.199 0.210 0.207 0.253 0.240 0.203 0.180 0.206 0.226 0.223 0.248 0.263 0.219 0.267 0.193 0.256 0.219 0.270 0.217 0.243 0.242 0.209 0.245 0.231 0.258 0.242 0.263 0.266 0.224 0.233 0.255 0.286 0.238 0.221 0.228 0.225 0.208 0.215 0.236 0.234 0.231 0.260 0.221 0.242 0.185 0.175 0.211 0.229 0.243 
0.233 0.222 0.240 0.212 0.209 0.228 0.227 0.241 0.231 0.278 0.230 0.217 0.246 0.231 0.280 0.238 0.235 0.241 0.193 0.209 0.286 0.231 0.249 0.236 0.221 0.242 0.208 0.235 0.269 0.257 0.248 0.294 0.256 0.244 0.196 0.233 0.204 0.218 0.266 0.271 0.233 0.208 0.218 0.205 0.247 0.181 0.248 0.227 0.194 0.273 0.233 0.213 0.196 0.195 0.215 0.201 0.221 0.219 0.251 0.250 
0.258 0.214 0.272 0.264 0.262 0.234 0.238 0.230 0.268 0.250 0.230 0.240 0.273 0.253 0.232 0.237 0.210 0.258 0.226 0.251 0.214 0.239 0.238 0.261 0.233 0.248 0.206 0.242 0.243 0.214 0.267 0.216 0.215 0.203 0.230 0.254 0.247 0.260 0.231 0.238 0.251 0.367 0.233 0.224 0.232 0.180 0.208 0.230 0.206 0.278 0.296 0.244 0.209 0.245 0.257 0.204 0.245 0.194 0.246 0.212 
0.234 0.267 0.221 0.225 0.191 0.235 0.275 0.230 0.482 0.229 0.253 0.192 0.179 0.180 0.212 0.249 0.184 0.260 0.219 0.246 0.258 0.245 0.257 0.236 0.247 0.235 0.173 0.254 0.283 0.251 0.275 0.236 0.259 0.213 0.232 0.254 0.269 0.221 0.243 0.306 0.231 0.248 0.189 0.246 0.229 0.286 0.251 0.234 0.188 0.230 0.236 0.242 0.244 0.259 0.231 0.249 0.234 0.225 0.253 0.233 
0.271 0.264 0.209 0.224 0.213 0.204 0.224 0.182 0.233 0.222 0.234 0.225 0.216 0.214 0.270 0.218 0.214 0.198 0.204 0.216 0.201 0.235 0.177 0.254 0.230 0.236 0.239 0.152 0.264 0.208 0.251 0.234 0.232 0.267 0.191 0.221 0.231 0.234 0.210 0.188 0.254 0.174 0.238 0.222 0.255 0.270 0.217 0.209 0.213 0.241 0.249 0.232 0.225 0.211 0.249 0.223 0.213 0.202 0.194 0.248 
0.260 0.187 0.217 0.187 0.254 0.180 0.237 0.206 0.215 0.238 0.216 0.228 0.215 0.285 0.250 0.188 0.301 0.213 0.264 0.286 0.240 0.274 0.213 0.248 0.275 0.223 0.327 0.234 0.217 0.240 0.281 0.184 0.213 0.208 0.196 0.232 0.192 0.207 0.233 0.185 0.214 0.193 0.220 0.221 0.283 0.311 0.189 0.222 0.192 0.196 0.222 0.244 0.248 0.223 0.237 0.195 0.224 0.176 0.216 0.237 
0.217 0.186 0.167 0.217 0.179 0.210 0.219 0.190 0.214 0.168 0.213 0.239 0.202 0.171 0.200 0.191 0.204 0.220 0.235 0.195 0.219 0.186 0.237 0.215 0.210 0.248 0.229 0.227 0.225 0.190 0.186 0.220 0.193 0.219 0.203 0.202 0.222 0.206 0.154 0.212 0.165 0.198 0.195 0.202 0.194 0.215 0.195 0.185 0.182 0.215 0.226 0.167 0.199 0.213 0.206 0.168 0.196 0.222 0.217 0.204 
0.202 0.218 0.196 0.207 0.184 0.195 0.213 0.163 0.208 0.185 0.180 0.187 0.217 0.209 0.182 0.172 0.169 0.178 0.177 0.196 0.198 0.208 0.209 0.163 0.171 0.210 0.199 0.195 0.243 0.237 0.199 0.174 0.188 0.187 0.180 0.198 0.211 0.190 0.184 0.175 0.180 0.196 0.186 0.160 0.193 0.182 0.195 0.189 0.169 0.196 0.196 0.157 0.178 0.243 0.193 0.194 0.193 0.184 0.183 0.191 
0.223 0.197 0.183 0.224 0.196 0.220 0.187 0.194 0.177 0.169 0.212 0.188 0.200 0.188 0.193 0.172 0.167 0.158 0.187 0.235 0.208 0.193 0.180 0.197 0.162 0.211 0.180 0.237 0.205 0.174 0.273 0.198 0.237 0.170 0.162 0.200 0.195 0.208 0.182 0.000 0.276 0.196 0.184 0.193 0.202 0.243 0.218 0.187 0.199 0.171 0.201 0.176 0.201 0.183 0.176 0.182 0.161 0.191 0.206 0.232 
0.199 0.170 0.186 0.168 0.175 0.167 0.153 0.180 0.154 0.176 0.183 0.180 0.160 0.146 0.170 0.165 0.142 0.133 0.152 0.136 0.159 0.187 0.142 0.124 0.135 0.134 0.140 0.143 0.144 0.135 0.112 0.132 0.161 0.139 0.130 0.147 0.150 0.139 0.150 0.167 0.155 0.143 0.148 0.127 0.130 0.148 0.156 0.209 0.173 0.242 0.177 0.210 0.180 0.185 0.166 0.115 0.137 0.110 0.170 0.136 
0.114 0.162 0.108 0.126 0.100 0.139 0.142 0.112 0.135 0.100 0.132 0.122 0.113 0.126 0.133 0.131 0.144 0.103 0.146 0.107 0.140 0.153 0.130 0.133 0.083 0.106 0.138 0.115 0.172 0.120 0.111 0.106 0.104 0.114 0.131 0.113 0.117 0.089 0.106 0.098 0.528 0.308 0.310 0.368 0.342 0.330 0.290 0.336 0.387 0.527 0.412 0.507 0.452 0.486 0.487 0.517 0.515 0.590 0.632 0.602 
