0.116 0.162 0.102 0.153 0.147 0.135 0.180 0.141 0.117 0.130 0.127 0.126 0.121 0.137 0.144 0.122 0.138 0.142 0.146 0.137 0.116 0.152 0.140 0.166 0.136 0.161 0.141 0.117 0.112 0.137 0.128 0.164 0.141 0.128 0.117 0.144 0.119 0.136 0.172 0.127 0.147 0.144 0.126 0.125 0.144 0.145 0.149 0.138 0.120 0.116 0.141 0.128 0.139 0.126 0.181 0.141 0.137 0.114 0.097 0.151 
0.098 0.137 0.157 0.144 0.119 0.111 0.123 0.127 0.130 0.132 0.172 0.136 0.126 0.141 0.146 0.133 0.139 0.176 0.151 0.154 0.130 0.136 0.128 0.133 0.143 0.143 0.141 0.143 0.177 0.148 0.123 0.099 0.169 0.109 0.141 0.134 0.130 0.109 0.136 0.137 0.127 0.129 0.140 0.141 0.132 0.097 0.135 0.151 0.130 0.155 0.096 0.112 0.136 0.107 0.108 0.134 0.106 0.118 0.111 0.110 
0.121 0.117 0.126 0.104 0.116 0.097 0.120 0.140 0.109 0.111 0.123 0.124 0.156 0.112 0.120 0.107 0.097 0.123 0.118 0.118 0.117 0.135 0.124 0.122 0.131 0.126 0.124 0.133 0.153 0.110 0.113 0.091 0.108 0.094 0.115 0.117 0.110 0.126 0.121 0.096 0.112 0.111 0.110 0.141 0.083 0.115 0.104 0.115 0.117 0.128 0.131 0.114 0.120 0.116 0.074 0.076 0.119 0.114 0.116 0.125 
0.125 0.115 0.125 0.119 0.131 0.094 0.112 0.121 0.125 0.155 0.077 0.134 0.113 0.102 0.094 0.109 0.114 0.113 0.119 0.099 0.112 0.118 0.137 0.084 0.123 0.101 0.131 0.114 0.113 0.101 0.097 0.097 0.091 0.103 0.098 0.071 0.091 0.088 0.092 0.102 0.102 0.094 0.105 0.097 0.098 0.136 0.131 0.091 0.119 0.113 0.101 0.101 0.126 0.106 0.111 0.080 0.079 0.109 0.113 0.111 
0.111 0.115 0.123 0.126 0.099 0.113 0.112 0.075 0.096 0.149 0.110 0.114 0.118 0.111 0.105 0.102 0.084 0.080 0.109 0.117 0.111 0.107 0.112 0.119 0.087 0.119 0.102 0.104 0.100 0.100 0.094 0.117 0.109 0.138 0.096 0.124 0.107 0.098 0.084 0.060 0.115 0.099 0.122 0.125 0.105 0.103 0.094 0.104 0.116 0.110 0.074 0.113 0.104 0.096 0.107 0.065 0.093 0.094 0.086 0.080 
0.087 0.093 0.125 0.097 0.129 0.101 0.103 0.080 0.096 0.106 0.106 0.118 0.122 0.097 0.116 0.091 0.091 0.096 0.057 0.075 0.084 0.096 0.101 0.104 0.113 0.106 0.089 0.096 0.117 0.108 0.124 0.101 0.097 0.094 0.090 0.095 0.122 0.089 0.072 0.119 0.070 0.120 0.121 0.064 0.116 0.090 0.089 0.117 0.098 0.096 0.115 0.108 0.111 0.105 0.061 0.132 0.097 0.111 0.096 0.102 
0.088 0.067 0.112 0.093 0.092 0.110 0.087 0.101 0.095 0.095 0.084 0.063 0.085 0.075 0.079 0.071 0.083 0.096 0.102 0.094 0.084 0.090 0.077 0.094 0.062 0.100 0.122 0.096 0.125 0.091 0.084 0.089 0.091 0.069 0.240 0.099 0.125 0.137 0.099 0.087 0.109 0.122 0.130 0.084 0.096 0.138 0.108 0.100 0.126 0.149 0.110 0.102 0.102 0.117 0.103 0.111 0.072 0.146 0.110 0.108 
0.111 0.104 0.100 0.097 0.076 0.093 0.104 0.106 0.098 0.132 0.102 0.087 0.103 0.096 0.070 0.126 0.127 0.151 0.098 0.091 0.118 0.104 0.122 0.137 0.110 0.099 0.102 0.115 0.104 0.159 0.149 0.081 0.104 0.088 0.144 0.130 0.146 0.140 0.120 0.101 0.095 0.092 0.071 0.112 0.121 0.114 0.175 0.104 0.080 0.155 0.163 0.110 0.117 0.094 0.088 0.092 0.091 0.108 0.106 0.091 
0.097 0.103 0.183 0.137 0.127 0.146 0.130 0.111 0.105 0.084 0.104 0.129 0.109 0.133 0.112 0.143 0.104 0.092 0.097 0.109 0.110 0.104 0.059 0.102 0.102 0.127 0.134 0.114 0.144 0.129 0.090 0.130 0.108 0.116 0.113 0.123 0.093 0.099 0.109 0.070 0.096 0.131 0.103 0.102 0.114 0.133 0.153 0.142 0.122 0.159 0.111 0.111 0.094 0.098 0.110 0.172 0.100 0.091 0.110 0.099 
0.140 0.147 0.195 0.155 0.145 0.169 0.119 0.128 0.091 0.154 0.157 0.185 0.080 0.156 0.130 0.173 0.160 0.126 0.160 0.145 0.138 0.141 0.115 0.154 0.123 0.116 0.112 0.104 0.115 0.122 0.162 0.109 0.112 0.157 0.099 0.082 0.111 0.185 0.123 0.160 0.130 0.130 0.106 0.086 0.117 0.165 0.114 0.110 0.123 0.126 0.129 0.190 0.140 0.118 0.185 0.158 0.104 0.112 0.131 0.108 
0.184 0.126 0.122 0.141 0.099 0.119 0.122 0.121 0.137 0.099 0.161 0.108 0.117 0.133 0.145 0.139 0.111 0.153 0.157 0.128 0.112 0.136 0.121 0.112 0.110 0.146 0.095 0.104 0.142 0.099 0.115 0.125 0.122 0.086 0.098 0.112 0.099 0.119 0.187 0.134 0.108 0.150 0.102 0.119 0.132 0.130 0.142 0.195 0.143 0.145 0.127 0.111 0.115 0.151 0.130 0.103 0.130 0.144 0.133 0.147 
0.151 0.169 0.177 0.143 0.112 0.108 0.132 0.188 0.106 0.176 0.169 0.132 0.137 0.096 0.209 0.125 0.108 0.125 0.133 0.107 0.134 0.195 0.115 0.175 0.109 0.147 0.158 0.102 0.142 0.108 0.133 0.155 0.130 0.149 0.129 0.163 0.110 0.149 0.115 0.164 0.286 0.156 0.148 0.104 0.145 0.136 0.123 0.117 0.133 0.180 0.126 0.128 0.153 0.119 0.145 0.187 0.115 0.160 0.114 0.141 
0.127 0.148 0.143 0.126 0.111 0.123 0.108 0.115 0.099 0.084 0.111 0.122 0.105 0.120 0.099 0.093 0.106 0.107 0.120 0.095 0.187 0.155 0.120 0.152 0.120 0.121 0.129 0.195 0.125 0.106 0.139 0.118 0.142 0.135 0.121 0.206 0.085 0.112 0.126 0.106 0.101 0.136 0.117 0.117 0.157 0.109 0.177 0.124 0.120 0.093 0.119 0.135 0.180 0.154 0.135 0.120 0.186 0.129 0.135 0.147 
0.122 0.121 0.138 0.163 0.127 0.126 0.114 0.098 0.097 0.096 0.109 0.077 0.138 0.156 0.109 0.164 0.113 0.107 0.111 0.126 0.081 0.086 0.150 0.129 0.122 0.113 0.145 0.115 0.096 0.138 0.129 0.153 0.115 0.116 0.139 0.144 0.142 0.108 0.075 0.134 0.104 0.154 0.168 0.155 0.133 0.117 0.165 0.125 0.113 0.141 0.120 0.125 0.069 0.164 0.141 0.109 0.171 0.129 0.097 0.143 
0.153 0.148 0.182 0.102 0.102 0.098 0.133 0.095 0.119 0.167 0.098 0.111 0.154 0.103 0.100 0.103 0.111 0.111 0.111 0.137 0.109 0.110 0.115 0.115 0.140 0.137 0.151 0.073 0.188 0.151 0.142 0.189 0.130 0.000 0.135 0.166 0.114 0.115 0.136 0.143 0.113 0.126 0.093 0.113 0.081 0.105 0.129 0.135 0.104 0.104 0.139 0.112 0.126 0.117 0.090 0.087 0.143 0.092 0.091 0.149 
0.104 0.124 0.094 0.110 0.171 0.124 0.129 0.144 0.196 0.102 0.099 0.102 0.095 0.137 0.131 0.093 0.127 0.155 0.160 0.105 0.092 0.090 0.098 0.107 0.144 0.128 0.117 0.102 0.109 0.061 0.082 0.085 0.086 0.087 0.091 0.095 0.104 0.105 0.120 0.126 0.111 0.103 0.097 0.146 0.046 0.079 0.079 0.105 0.120 0.087 0.093 0.086 0.104 0.096 0.080 0.082 0.080 0.074 0.092 0.077 
0.057 0.093 0.062 0.101 0.094 0.103 0.103 0.144 0.116 0.104 0.137 0.119 0.113 0.093 0.101 0.132 0.117 0.097 0.138 0.125 0.081 0.081 0.078 0.072 0.111 0.128 0.102 0.095 0.089 0.106 0.117 0.075 0.077 0.091 0.650 0.387 0.369 0.391 0.381 0.392 0.396 0.385 0.570 0.576 0.647 0.655 0.643 0.595 0.558 0.533 0.541 0.553 0.563 0.581 0.661 0.735 0.744 0.676 0.518 0.460 
0.429 0.391 0.361 0.350 0.520 0.629 0.636 0.627 0.643 0.596 0.609 0.608 0.593 0.559 0.578 0.576 0.667 0.640 0.309 0.076 0.092 0.095 0.034 0.039 0.069 0.061 0.069 0.064 0.067 0.069 0.059 0.068 0.060 0.069 0.039 0.062 0.035 0.065 0.071 0.062 0.068 0.067 0.063 0.059 0.048 0.079 0.085 0.113 0.076 0.070 0.075 0.082 0.074 0.104 0.089 0.074 0.130 0.613 0.436 0.216 
0.051 0.055 0.046 0.048 0.075 0.067 0.103 0.071 0.075 0.072 0.071 0.046 0.072 0.074 0.065 0.083 0.044 0.098 0.076 0.066 0.114 0.041 0.036 0.043 0.031 0.068 0.032 0.068 0.068 0.062 0.070 0.068 0.039 0.068 0.077 0.032 0.069 0.037 0.034 0.030 0.032 0.069 0.067 0.071 0.071 0.047 0.099 0.068 0.079 0.043 0.083 0.062 0.105 0.082 0.054 0.080 0.058 0.090 0.046 0.050 
0.113 0.072 0.049 0.060 0.081 0.042 0.040 0.079 0.094 0.083 0.086 0.079 0.097 0.077 0.058 0.070 0.068 0.073 0.054 0.075 0.123 0.043 0.079 0.046 0.058 0.064 0.060 0.055 0.095 0.070 0.041 0.063 0.036 0.040 0.080 0.037 0.076 0.052 0.058 0.059 0.088 0.081 0.054 0.073 0.071 0.083 0.055 0.087 0.120 0.054 0.074 0.056 0.047 0.086 0.082 0.058 0.079 0.059 0.085 0.087 
0.051 0.060 0.098 0.047 0.093 0.108 0.047 0.045 0.079 0.076 0.074 0.045 0.071 0.059 0.101 0.102 0.075 0.115 0.074 0.088 0.108 0.047 0.073 0.071 0.092 0.098 0.088 0.093 0.080 0.091 0.081 0.090 0.112 0.082 0.104 0.169 0.132 0.091 0.086 0.093 0.101 0.096 0.082 0.088 0.070 0.093 0.099 0.097 0.108 0.092 0.077 0.102 0.090 0.074 0.095 0.088 0.169 0.118 0.100 0.069 
0.121 0.099 0.109 0.131 0.108 0.062 0.107 0.159 0.118 0.133 0.094 0.116 0.086 0.099 0.116 0.094 0.093 0.123 0.102 0.126 0.127 0.098 0.107 0.118 0.117 0.132 0.081 0.059 0.078 0.092 0.061 0.127 0.160 0.126 0.138 0.132 0.116 0.116 0.130 0.110 0.133 0.100 0.109 0.127 0.076 0.071 0.151 0.095 0.106 0.121 0.099 0.109 0.055 0.107 0.145 0.101 0.133 0.127 0.121 0.097 
0.093 0.153 0.145 0.107 0.112 0.117 0.093 0.116 0.118 0.072 0.121 0.112 0.158 0.166 0.107 0.191 0.136 0.150 0.135 0.101 0.138 0.115 0.141 0.177 0.126 0.144 0.104 0.195 0.160 0.161 0.174 0.115 0.148 0.112 0.136 0.132 0.098 0.119 0.118 0.129 0.166 0.120 0.159 0.119 0.133 0.117 0.130 0.175 0.146 0.164 0.141 0.161 0.149 0.164 0.164 0.124 0.131 0.112 0.109 0.139 
0.149 0.138 0.140 0.148 0.129 0.120 0.118 0.101 0.133 0.131 0.151 0.145 0.151 0.176 0.151 0.160 0.113 0.127 0.170 0.152 0.176 0.152 0.157 0.139 0.212 0.161 0.159 0.156 0.200 0.149 0.125 0.156 0.110 0.141 0.166 0.129 0.130 0.112 0.139 0.088 0.171 0.190 0.125 0.185 0.147 0.168 0.131 0.160 0.158 0.144 0.104 0.167 0.164 0.163 0.134 0.158 0.135 0.166 0.143 0.162 
