0.140 0.136 0.158 0.120 0.139 0.133 0.166 0.161 0.150 0.137 0.108 0.098 0.125 0.136 0.104 0.000 0.100 0.113 0.098 0.086 0.139 0.157 0.138 0.129 0.134 0.123 0.116 0.126 0.137 0.142 0.107 0.115 0.115 0.123 0.127 0.163 0.137 0.126 0.129 0.124 0.126 0.117 0.115 0.126 0.111 0.090 0.121 0.127 0.112 0.115 0.106 0.097 0.102 0.095 0.096 0.100 0.119 0.134 0.104 0.062 
0.068 0.091 0.097 0.104 0.107 0.094 0.090 0.086 0.108 0.064 0.072 0.084 0.100 0.094 0.102 0.108 0.116 0.118 0.094 0.086 0.088 0.067 0.106 0.099 0.110 0.123 0.109 0.098 0.115 0.106 0.089 0.083 0.077 0.069 0.120 0.092 0.088 0.105 0.093 0.058 0.080 0.087 0.098 0.083 0.096 0.076 0.086 0.083 0.084 0.082 0.084 0.057 0.096 0.064 0.070 0.081 0.096 0.103 0.088 0.082 
0.081 0.082 0.097 0.084 0.122 0.087 0.084 0.077 0.073 0.078 0.093 0.081 0.083 0.066 0.073 0.070 0.616 0.327 0.351 0.369 0.342 0.362 0.354 0.365 0.383 0.632 0.551 0.547 0.517 0.537 0.547 0.643 0.662 0.690 0.638 0.628 0.642 0.585 0.753 0.675 0.081 0.076 0.073 0.077 0.042 0.077 0.072 0.073 0.077 0.067 0.080 0.073 0.086 0.076 0.070 0.079 0.075 0.080 0.061 0.058 
0.077 0.075 0.098 0.076 0.084 0.082 0.080 0.077 0.076 0.077 0.045 0.083 0.103 0.091 0.077 0.082 0.076 0.083 0.078 0.079 0.058 0.042 0.085 0.079 0.078 0.047 0.079 0.053 0.062 0.047 0.051 0.072 0.079 0.077 0.079 0.074 0.084 0.047 0.066 0.077 0.091 0.127 0.606 0.403 0.294 0.174 0.080 0.117 0.061 0.171 0.213 0.200 0.213 0.202 0.213 0.140 0.125 0.158 0.146 0.118 
0.102 0.109 0.090 0.079 0.089 0.102 0.110 0.175 0.192 0.197 0.201 0.174 0.155 0.134 0.147 0.118 0.156 0.100 0.069 0.098 0.104 0.075 0.077 0.043 0.074 0.034 0.064 0.063 0.056 0.056 0.079 0.037 0.070 0.063 0.040 0.075 0.066 0.032 0.063 0.065 0.062 0.035 0.071 0.067 0.077 0.066 0.038 0.031 0.066 0.063 0.041 0.079 0.039 0.068 0.042 0.065 0.035 0.077 0.049 0.038 
0.046 0.035 0.077 0.086 0.047 0.073 0.082 0.075 0.072 0.053 0.041 0.084 0.077 0.043 0.070 0.045 0.074 0.046 0.042 0.084 0.045 0.081 0.049 0.088 0.047 0.057 0.052 0.097 0.040 0.092 0.035 0.069 0.048 0.082 0.042 0.082 0.045 0.091 0.089 0.050 0.048 0.040 0.048 0.079 0.087 0.057 0.056 0.045 0.058 0.076 0.086 0.082 0.086 0.083 0.046 0.077 0.060 0.069 0.059 0.048 
0.099 0.061 0.073 0.075 0.083 0.051 0.084 0.039 0.050 0.073 0.087 0.045 0.086 0.091 0.081 0.077 0.101 0.063 0.068 0.086 0.096 0.092 0.061 0.080 0.116 0.090 0.085 0.099 0.085 0.093 0.092 0.083 0.100 0.097 0.095 0.094 0.118 0.107 0.103 0.075 0.094 0.093 0.099 0.079 0.101 0.111 0.087 0.108 0.098 0.100 0.105 0.107 0.105 0.093 0.107 0.102 0.092 0.118 0.118 0.120 
0.124 0.109 0.115 0.101 0.114 0.139 0.106 0.087 0.105 0.101 0.102 0.107 0.126 0.128 0.131 0.109 0.134 0.153 0.130 0.112 0.118 0.118 0.131 0.097 0.137 0.140 0.131 0.154 0.141 0.159 0.120 0.124 0.118 0.119 0.155 0.104 0.137 0.137 0.137 0.120 0.130 0.147 0.127 0.108 0.113 0.132 0.150 0.140 0.149 0.101 0.144 0.153 0.131 0.141 0.126 0.137 0.129 0.151 0.140 0.181 
0.147 0.143 0.106 0.137 0.107 0.157 0.147 0.145 0.163 0.140 0.170 0.148 0.147 0.163 0.121 0.136 0.156 0.159 0.130 0.137 0.138 0.154 0.161 0.123 0.123 0.123 0.158 0.174 0.134 0.128 0.121 0.140 0.152 0.144 0.147 0.154 0.127 0.123 0.126 0.140 0.100 0.157 0.133 0.134 0.151 0.102 0.128 0.145 0.130 0.121 0.130 0.128 0.121 0.123 0.124 0.133 0.150 0.155 0.158 0.152 
0.134 0.162 0.105 0.147 0.164 0.140 0.138 0.125 0.158 0.111 0.141 0.140 0.145 0.142 0.149 0.144 0.119 0.136 0.146 0.126 0.098 0.131 0.144 0.161 0.151 0.116 0.165 0.165 0.115 0.146 0.148 0.131 0.128 0.161 0.168 0.084 0.130 0.151 0.125 0.150 0.150 0.125 0.109 0.114 0.148 0.139 0.152 0.126 0.116 0.111 0.135 0.098 0.133 0.157 0.153 0.146 0.141 0.145 0.118 0.161 
0.137 0.133 0.106 0.153 0.125 0.169 0.136 0.135 0.127 0.115 0.143 0.143 0.132 0.118 0.133 0.149 0.110 0.140 0.172 0.173 0.155 0.114 0.116 0.142 0.154 0.128 0.161 0.189 0.179 0.130 0.172 0.148 0.146 0.144 0.166 0.171 0.152 0.160 0.138 0.140 0.102 0.122 0.153 0.216 0.305 0.190 0.146 0.175 0.108 0.153 0.131 0.164 0.146 0.130 0.134 0.152 0.134 0.142 0.167 0.134 
0.140 0.186 0.127 0.132 0.167 0.169 0.142 0.133 0.151 0.141 0.146 0.133 0.143 0.093 0.165 0.108 0.147 0.133 0.121 0.109 0.165 0.142 0.154 0.134 0.133 0.147 0.176 0.170 0.167 0.165 0.151 0.163 0.141 0.189 0.116 0.182 0.128 0.135 0.178 0.165 0.177 0.123 0.145 0.142 0.195 0.125 0.136 0.179 0.142 0.188 0.123 0.160 0.164 0.148 0.150 0.120 0.171 0.201 0.155 0.180 
0.129 0.134 0.154 0.172 0.201 0.157 0.183 0.164 0.164 0.156 0.113 0.134 0.129 0.170 0.201 0.183 0.152 0.138 0.113 0.120 0.175 0.140 0.151 0.169 0.184 0.159 0.172 0.182 0.179 0.183 0.143 0.138 0.147 0.113 0.160 0.152 0.153 0.121 0.142 0.137 0.155 0.125 0.149 0.156 0.180 0.153 0.154 0.153 0.128 0.125 0.152 0.195 0.166 0.161 0.156 0.160 0.157 0.188 0.142 0.197 
0.137 0.112 0.143 0.168 0.125 0.183 0.128 0.161 0.166 0.155 0.136 0.154 0.155 0.186 0.185 0.126 0.140 0.161 0.172 0.169 0.176 0.126 0.166 0.182 0.200 0.146 0.190 0.172 0.153 0.150 0.158 0.125 0.126 0.155 0.168 0.165 0.153 0.180 0.184 0.138 0.155 0.164 0.141 0.145 0.186 0.186 0.155 0.171 0.115 0.127 0.159 0.153 0.111 0.162 0.167 0.173 0.172 0.139 0.123 0.179 
0.236 0.145 0.158 0.159 0.170 0.155 0.150 0.173 0.162 0.161 0.149 0.160 0.161 0.170 0.177 0.148 0.156 0.149 0.129 0.117 0.144 0.179 0.087 0.091 0.084 0.055 0.082 0.074 0.049 0.086 0.090 0.071 0.089 0.057 0.096 0.104 0.059 0.048 0.081 0.086 0.051 0.078 0.089 0.051 0.115 0.073 0.086 0.078 0.051 0.081 0.091 0.076 0.044 0.053 0.064 0.075 0.090 0.086 0.113 0.108 
0.091 0.106 0.085 0.054 0.059 0.102 0.083 0.075 0.059 0.079 0.082 0.071 0.081 0.077 0.117 0.097 0.081 0.123 0.086 0.045 0.087 0.074 0.047 0.088 0.095 0.075 0.069 0.061 0.045 0.068 0.101 0.090 0.074 0.089 0.095 0.060 0.107 0.075 0.056 0.086 0.082 0.077 0.072 0.088 0.073 0.085 0.087 0.084 0.074 0.036 0.090 0.083 0.078 0.110 0.077 0.056 0.089 0.101 0.085 0.072 
0.087 0.049 0.099 0.104 0.081 0.063 0.060 0.081 0.048 0.072 0.104 0.080 0.088 0.094 0.070 0.088 0.079 0.056 0.076 0.086 0.095 0.043 0.091 0.076 0.064 0.070 0.075 0.106 0.063 0.089 0.086 0.080 0.086 0.054 0.068 0.084 0.052 0.089 0.088 0.096 0.044 0.063 0.056 0.089 0.108 0.070 0.089 0.050 0.111 0.075 0.091 0.085 0.074 0.064 0.059 0.057 0.094 0.079 0.134 0.096 
0.086 0.084 0.078 0.092 0.088 0.063 0.082 0.081 0.082 0.081 0.076 0.044 0.089 0.082 0.093 0.056 0.082 0.068 0.067 0.104 0.049 0.087 0.074 0.078 0.094 0.079 0.106 0.064 0.050 0.087 0.094 0.093 0.100 0.071 0.097 0.093 0.061 0.044 0.048 0.044 0.095 0.084 0.083 0.083 0.095 0.088 0.079 0.048 0.081 0.078 0.086 0.079 0.102 0.101 0.055 0.093 0.049 0.083 0.067 0.104 
0.084 0.092 0.085 0.092 0.066 0.103 0.082 0.079 0.048 0.084 0.083 0.049 0.049 0.085 0.093 0.076 0.056 0.079 0.094 0.051 0.077 0.086 0.072 0.085 0.046 0.101 0.091 0.053 0.095 0.088 0.064 0.071 0.074 0.092 0.055 0.104 0.079 0.077 0.044 0.093 0.097 0.044 0.080 0.082 0.101 0.076 0.088 0.096 0.088 0.051 0.046 0.052 0.072 0.086 0.059 0.077 0.089 0.089 0.086 0.054 
0.071 0.090 0.075 0.086 0.043 0.102 0.088 0.046 0.062 0.075 0.102 0.080 0.077 0.046 0.059 0.097 0.090 0.101 0.090 0.103 0.097 0.085 0.047 0.101 0.136 0.057 0.058 0.118 0.045 0.102 0.098 0.059 0.088 0.084 0.111 0.082 0.095 0.050 0.072 0.047 0.086 0.083 0.082 0.059 0.060 0.079 0.085 0.094 0.112 0.089 0.055 0.094 0.051 0.080 0.102 0.086 0.068 0.093 0.093 0.046 
0.058 0.076 0.088 0.057 0.088 0.112 0.059 0.095 0.097 0.043 0.087 0.076 0.084 0.086 0.100 0.049 0.094 0.086 0.045 0.062 0.090 0.086 0.054 0.095 0.084 0.078 0.089 0.092 0.075 0.069 0.046 0.051 0.082 0.047 0.079 0.083 0.088 0.076 0.101 0.084 0.074 0.083 0.074 0.093 0.090 0.045 0.045 0.047 0.083 0.082 0.055 0.087 0.090 0.067 0.084 0.075 0.088 0.099 0.100 0.085 
0.059 0.080 0.061 0.090 0.095 0.095 0.071 0.079 0.052 0.076 0.082 0.044 0.050 0.065 0.079 0.082 0.077 0.051 0.080 0.074 0.081 0.250 0.062 0.071 0.084 0.090 0.078 0.092 0.071 0.083 0.075 0.067 0.042 0.081 0.082 0.093 0.077 0.078 0.049 0.077 0.087 0.075 0.076 0.073 0.040 0.089 0.083 0.081 0.080 0.042 0.050 0.073 0.085 0.066 0.077 0.099 0.044 0.090 0.082 0.050 
0.074 0.085 0.083 0.077 0.060 0.086 0.083 0.095 0.093 0.053 0.090 0.060 0.039 0.088 0.079 0.085 0.091 0.083 0.086 0.048 0.092 0.083 0.055 0.093 0.080 0.085 0.144 0.240 0.161 0.157 0.081 0.078 0.082 0.048 0.097 0.068 0.091 0.081 0.085 0.080 0.044 0.076 0.080 0.068 0.064 0.073 0.077 0.078 0.045 0.074 0.069 0.096 0.100 0.083 0.084 0.058 0.080 0.095 0.088 0.086 
0.081 0.076 0.039 0.087 0.053 0.085 0.083 0.074 0.049 0.079 0.079 0.074 0.068 0.077 0.046 0.078 0.093 0.096 0.083 0.067 0.079 0.045 0.082 0.071 0.059 0.086 0.071 0.106 0.048 0.082 0.098 0.044 0.052 0.090 0.084 0.080 0.084 0.089 0.071 0.079 0.090 0.046 0.051 0.068 0.075 0.073 0.079 0.076 0.070 0.070 0.064 0.039 0.088 0.080 0.082 0.079 0.097 0.081 0.084 0.042 
