0.067 0.039 0.035 0.080 0.033 0.033 0.063 0.070 0.044 0.064 0.040 0.055 0.065 0.062 0.070 0.064 0.059 0.069 0.069 0.061 0.068 0.061 0.066 0.063 0.059 0.069 0.058 0.067 0.062 0.058 0.058 0.059 0.058 0.054 0.026 0.054 0.056 0.059 0.057 0.054 0.060 0.025 0.064 0.070 0.039 0.066 0.064 0.059 0.062 0.058 0.058 0.059 0.064 0.030 0.028 0.057 0.060 0.061 0.029 0.062 
0.059 0.057 0.057 0.025 0.064 0.060 0.059 0.063 0.026 0.063 0.032 0.056 0.051 0.038 0.034 0.026 0.066 0.065 0.035 0.028 0.047 0.035 0.057 0.069 0.066 0.066 0.040 0.034 0.084 0.027 0.035 0.062 0.067 0.059 0.034 0.064 0.027 0.066 0.029 0.036 0.028 0.032 0.027 0.035 0.067 0.043 0.061 0.066 0.031 0.070 0.049 0.078 0.034 0.035 0.034 0.040 0.039 0.063 0.067 0.063 
0.038 0.031 0.036 0.033 0.086 0.067 0.043 0.052 0.043 0.043 0.044 0.067 0.046 0.047 0.054 0.040 0.042 0.067 0.072 0.034 0.077 0.057 0.047 0.083 0.073 0.087 0.077 0.081 0.081 0.042 0.083 0.082 0.083 0.090 0.109 0.092 0.082 0.099 0.098 0.084 0.091 0.040 0.079 0.066 0.087 0.081 0.089 0.087 0.056 0.088 0.087 0.073 0.084 0.096 0.084 0.055 0.080 0.081 0.073 0.078 
0.078 0.084 0.081 0.043 0.051 0.061 0.100 0.096 0.075 0.083 0.081 0.103 0.070 0.086 0.108 0.077 0.067 0.080 0.102 0.114 0.097 0.102 0.066 0.086 0.106 0.106 0.086 0.083 0.087 0.102 0.104 0.068 0.106 0.107 0.092 0.095 0.099 0.067 0.092 0.100 0.074 0.053 0.105 0.106 0.093 0.091 0.063 0.093 0.083 0.091 0.097 0.052 0.105 0.099 0.097 0.079 0.076 0.118 0.115 0.092 
0.069 0.081 0.106 0.086 0.086 0.097 0.092 0.069 0.097 0.081 0.068 0.058 0.080 0.102 0.095 0.078 0.083 0.059 0.068 0.082 0.084 0.078 0.074 0.062 0.115 0.117 0.085 0.088 0.072 0.098 0.118 0.090 0.057 0.093 0.101 0.091 0.056 0.070 0.096 0.097 0.089 0.096 0.092 0.066 0.064 0.097 0.067 0.084 0.088 0.111 0.087 0.095 0.083 0.059 0.093 0.093 0.078 0.089 0.103 0.072 
0.082 0.103 0.100 0.098 0.059 0.108 0.095 0.064 0.096 0.065 0.074 0.093 0.072 0.098 0.116 0.273 0.168 0.169 0.161 0.142 0.171 0.189 0.180 0.138 0.137 0.143 0.165 0.205 0.188 0.199 0.176 0.136 0.181 0.181 0.157 0.125 0.186 0.174 0.187 0.193 0.198 0.151 0.146 0.183 0.124 0.143 0.171 0.158 0.163 0.160 0.148 0.167 0.173 0.223 0.139 0.167 0.184 0.139 0.189 0.141 
0.167 0.157 0.142 0.122 0.170 0.169 0.153 0.189 0.142 0.173 0.151 0.153 0.172 0.142 0.182 0.154 0.198 0.195 0.132 0.126 0.161 0.157 0.168 0.176 0.154 0.169 0.177 0.123 0.154 0.175 0.131 0.144 0.164 0.158 0.159 0.137 0.176 0.194 0.132 0.141 0.198 0.184 0.157 0.201 0.184 0.157 0.149 0.153 0.145 0.152 0.253 0.290 0.330 0.327 0.324 0.306 0.290 0.273 0.263 0.267 
0.257 0.215 0.207 0.220 0.228 0.200 0.219 0.195 0.301 0.306 0.283 0.260 0.327 0.313 0.290 0.250 0.248 0.192 0.227 0.220 0.196 0.213 0.164 0.196 0.162 0.113 0.139 0.117 0.168 0.144 0.178 0.125 0.131 0.154 0.146 0.137 0.155 0.169 0.157 0.159 0.150 0.120 0.137 0.167 0.176 0.138 0.158 0.164 0.138 0.128 0.117 0.150 0.150 0.153 0.163 0.117 0.157 0.160 0.134 0.122 
0.141 0.128 0.158 0.132 0.137 0.163 0.204 0.194 0.176 0.147 0.141 0.152 0.160 0.142 0.186 0.153 0.139 0.144 0.129 0.174 0.155 0.166 0.178 0.179 0.156 0.136 0.178 0.156 0.133 0.126 0.162 0.166 0.178 0.170 0.135 0.168 0.144 0.187 0.161 0.162 0.147 0.177 0.165 0.147 0.152 0.150 0.192 0.163 0.158 0.139 0.178 0.174 0.178 0.223 0.163 0.142 0.154 0.172 0.126 0.181 
0.150 0.138 0.143 0.175 0.123 0.197 0.134 0.176 0.160 0.122 0.121 0.193 0.136 0.181 0.148 0.155 0.152 0.132 0.147 0.151 0.145 0.145 0.141 0.152 0.135 0.158 0.114 0.128 0.135 0.145 0.156 0.117 0.150 0.175 0.148 0.139 0.167 0.154 0.146 0.174 0.126 0.154 0.150 0.141 0.136 0.115 0.121 0.141 0.165 0.106 0.147 0.154 0.175 0.166 0.154 0.122 0.141 0.171 0.132 0.142 
0.137 0.124 0.147 0.146 0.175 0.166 0.147 0.121 0.147 0.174 0.130 0.156 0.190 0.153 0.168 0.147 0.113 0.148 0.167 0.163 0.120 0.144 0.138 0.153 0.132 0.143 0.139 0.148 0.151 0.140 0.126 0.137 0.134 0.188 0.171 0.162 0.141 0.181 0.172 0.151 0.161 0.154 0.120 0.150 0.177 0.173 0.105 0.142 0.141 0.137 0.122 0.136 0.149 0.187 0.174 0.155 0.162 0.135 0.150 0.157 
0.195 0.259 0.274 0.274 0.272 0.340 0.325 0.255 0.267 0.233 0.252 0.202 0.203 0.195 0.172 0.194 0.157 0.192 0.243 0.240 0.289 0.247 0.338 0.262 0.219 0.225 0.227 0.234 0.157 0.187 0.185 0.207 0.184 0.195 0.145 0.166 0.159 0.152 0.160 0.157 0.139 0.162 0.182 0.182 0.121 0.164 0.139 0.134 0.141 0.161 0.175 0.126 0.155 0.186 0.161 0.149 0.160 0.141 0.178 0.165 
0.160 0.169 0.153 0.149 0.148 0.145 0.160 0.159 0.162 0.145 0.157 0.137 0.199 0.124 0.126 0.153 0.138 0.158 0.158 0.174 0.158 0.149 0.150 0.172 0.167 0.165 0.161 0.141 0.225 0.162 0.133 0.171 0.135 0.136 0.194 0.154 0.139 0.168 0.189 0.177 0.149 0.168 0.179 0.202 0.181 0.135 0.143 0.205 0.166 0.191 0.160 0.132 0.132 0.155 0.148 0.173 0.156 0.119 0.198 0.185 
0.156 0.136 0.152 0.176 0.154 0.141 0.164 0.183 0.183 0.156 0.134 0.239 0.194 0.175 0.140 0.172 0.160 0.143 0.129 0.156 0.162 0.162 0.177 0.155 0.128 0.148 0.145 0.133 0.134 0.152 0.147 0.162 0.154 0.132 0.175 0.177 0.189 0.163 0.169 0.172 0.160 0.126 0.192 0.174 0.182 0.149 0.145 0.167 0.132 0.159 0.141 0.144 0.128 0.166 0.166 0.123 0.158 0.166 0.128 0.133 
0.177 0.163 0.145 0.160 0.176 0.165 0.146 0.153 0.151 0.163 0.142 0.179 0.167 0.153 0.192 0.184 0.161 0.150 0.167 0.184 0.129 0.169 0.185 0.124 0.157 0.148 0.168 0.157 0.155 0.160 0.237 0.153 0.171 0.154 0.160 0.145 0.161 0.170 0.160 0.159 0.146 0.169 0.125 0.184 0.168 0.163 0.144 0.156 0.128 0.176 0.132 0.154 0.155 0.189 0.139 0.168 0.162 0.126 0.171 0.178 
0.155 0.172 0.139 0.172 0.173 0.156 0.164 0.146 0.150 0.177 0.154 0.162 0.147 0.193 0.212 0.141 0.131 0.120 0.148 0.154 0.161 0.145 0.176 0.145 0.157 0.178 0.161 0.159 0.170 0.187 0.183 0.203 0.174 0.131 0.176 0.169 0.151 0.135 0.156 0.149 0.164 0.159 0.182 0.140 0.150 0.125 0.173 0.151 0.167 0.144 0.165 0.165 0.153 0.113 0.151 0.186 0.149 0.163 0.139 0.143 
0.166 0.150 0.135 0.137 0.146 0.174 0.151 0.170 0.137 0.157 0.148 0.179 0.161 0.178 0.185 0.156 0.137 0.152 0.120 0.126 0.178 0.136 0.160 0.145 0.138 0.153 0.182 0.114 0.177 0.144 0.157 0.142 0.197 0.146 0.171 0.144 0.128 0.131 0.157 0.145 0.144 0.157 0.181 0.154 0.168 0.153 0.121 0.144 0.152 0.157 0.140 0.136 0.119 0.177 0.130 0.137 0.153 0.142 0.139 0.094 
0.136 0.152 0.098 0.142 0.151 0.154 0.149 0.126 0.148 0.135 0.109 0.118 0.142 0.158 0.130 0.157 0.114 0.118 0.142 0.160 0.158 0.135 0.162 0.138 0.152 0.143 0.139 0.145 0.125 0.116 0.271 0.147 0.124 0.159 0.145 0.162 0.167 0.130 0.151 0.135 0.162 0.153 0.138 0.162 0.164 0.161 0.126 0.124 0.104 0.154 0.134 0.132 0.115 0.120 0.124 0.126 0.143 0.129 0.131 0.130 
0.124 0.135 0.131 0.135 0.145 0.146 0.165 0.149 0.132 0.126 0.126 0.142 0.135 0.179 0.182 0.148 0.127 0.165 0.140 0.134 0.134 0.082 0.146 0.143 0.124 0.128 0.136 0.129 0.133 0.105 0.128 0.141 0.102 0.149 0.142 0.180 0.157 0.141 0.150 0.163 0.105 0.164 0.164 0.150 0.157 0.085 0.124 0.131 0.112 0.129 0.141 0.134 0.128 0.102 0.126 0.128 0.137 0.124 0.142 0.153 
0.100 0.154 0.121 0.144 0.148 0.157 0.172 0.114 0.122 0.168 0.145 0.150 0.142 0.150 0.154 0.103 0.120 0.137 0.142 0.168 0.135 0.132 0.135 0.142 0.129 0.126 0.120 0.121 0.139 0.127 0.152 0.114 0.127 0.136 0.144 0.142 0.144 0.147 0.113 0.159 0.176 0.139 0.153 0.143 0.129 0.134 0.140 0.141 0.144 0.160 0.153 0.123 0.097 0.119 0.125 0.132 0.154 0.172 0.101 0.129 
0.126 0.129 0.109 0.122 0.126 0.121 0.118 0.133 0.105 0.141 0.144 0.148 0.118 0.151 0.133 0.119 0.138 0.117 0.128 0.111 0.112 0.103 0.124 0.000 0.144 0.124 0.107 0.111 0.109 0.345 0.330 0.111 0.115 0.149 0.136 0.150 0.132 0.143 0.123 0.126 0.135 0.124 0.137 0.133 0.089 0.084 0.110 0.094 0.107 0.116 0.120 0.140 0.122 0.114 0.115 0.108 0.170 0.115 0.112 0.096 
0.094 0.091 0.095 0.098 0.098 0.108 0.092 0.084 0.079 0.086 0.087 0.086 0.083 0.088 0.086 0.092 0.099 0.092 0.095 0.089 0.098 0.104 0.064 0.097 0.103 0.098 0.107 0.087 0.078 0.094 0.101 0.081 0.072 0.084 0.077 0.059 0.098 0.088 0.100 0.101 0.082 0.083 0.095 0.077 0.083 0.082 0.079 0.095 0.091 0.069 0.067 0.091 0.103 0.061 0.074 0.095 0.096 0.085 0.100 0.099 
0.100 0.094 0.061 0.085 0.088 0.093 0.082 0.085 0.087 0.084 0.069 0.060 0.082 0.076 0.096 0.084 0.078 0.081 0.080 0.096 0.081 0.084 0.081 0.072 0.664 0.411 0.369 0.373 0.365 0.379 0.382 0.392 0.672 0.647 0.657 0.648 0.614 0.597 0.584 0.625 0.680 0.772 0.755 0.590 0.556 0.470 0.420 0.427 0.413 0.702 0.677 0.682 0.609 0.656 0.636 0.643 0.640 0.652 0.738 0.558 
0.070 0.077 0.036 0.078 0.076 0.075 0.080 0.067 0.075 0.076 0.054 0.066 0.073 0.096 0.112 0.097 0.086 0.076 0.083 0.077 0.064 0.078 0.068 0.072 0.075 0.077 0.074 0.067 0.044 0.074 0.081 0.075 0.072 0.053 0.083 0.067 0.045 0.049 0.048 0.040 0.079 0.070 0.077 0.076 0.092 0.077 0.042 0.387 0.528 0.381 0.118 0.066 0.064 0.038 0.047 0.108 0.083 0.056 0.075 0.075 
