0.065 0.083 0.044 0.098 0.076 0.066 0.114 0.041 0.036 0.043 0.031 0.068 0.032 0.068 0.068 0.062 0.070 0.068 0.039 0.068 0.077 0.032 0.069 0.037 0.034 0.030 0.032 0.069 0.067 0.071 0.071 0.047 0.099 0.068 0.079 0.043 0.083 0.062 0.105 0.082 0.054 0.080 0.058 0.090 0.046 0.050 0.113 0.072 0.049 0.060 0.081 0.042 0.040 0.079 0.094 0.083 0.086 0.079 0.097 0.077 
0.058 0.070 0.068 0.073 0.054 0.075 0.123 0.043 0.079 0.046 0.058 0.064 0.060 0.055 0.095 0.070 0.041 0.063 0.036 0.040 0.080 0.037 0.076 0.052 0.058 0.059 0.088 0.081 0.054 0.073 0.071 0.083 0.055 0.087 0.120 0.054 0.074 0.056 0.047 0.086 0.082 0.058 0.079 0.059 0.085 0.087 0.051 0.060 0.098 0.047 0.093 0.108 0.047 0.045 0.079 0.076 0.074 0.045 0.071 0.059 
0.101 0.102 0.075 0.115 0.074 0.088 0.108 0.047 0.073 0.071 0.092 0.098 0.088 0.093 0.080 0.091 0.081 0.090 0.112 0.082 0.104 0.169 0.132 0.091 0.086 0.093 0.101 0.096 0.082 0.088 0.070 0.093 0.099 0.097 0.108 0.092 0.077 0.102 0.090 0.074 0.095 0.088 0.169 0.118 0.100 0.069 0.121 0.099 0.109 0.131 0.108 0.062 0.107 0.159 0.118 0.133 0.094 0.116 0.086 0.099 
0.116 0.094 0.093 0.123 0.102 0.126 0.127 0.098 0.107 0.118 0.117 0.132 0.081 0.059 0.078 0.092 0.061 0.127 0.160 0.126 0.138 0.132 0.116 0.116 0.130 0.110 0.133 0.100 0.109 0.127 0.076 0.071 0.151 0.095 0.106 0.121 0.099 0.109 0.055 0.107 0.145 0.101 0.133 0.127 0.121 0.097 0.093 0.153 0.145 0.107 0.112 0.117 0.093 0.116 0.118 0.072 0.121 0.112 0.158 0.166 
0.107 0.191 0.136 0.150 0.135 0.101 0.138 0.115 0.141 0.177 0.126 0.144 0.104 0.195 0.160 0.161 0.174 0.115 0.148 0.112 0.136 0.132 0.098 0.119 0.118 0.129 0.166 0.120 0.159 0.119 0.133 0.117 0.130 0.175 0.146 0.164 0.141 0.161 0.149 0.164 0.164 0.124 0.131 0.112 0.109 0.139 0.149 0.138 0.140 0.148 0.129 0.120 0.118 0.101 0.133 0.131 0.151 0.145 0.151 0.176 
0.151 0.160 0.113 0.127 0.170 0.152 0.176 0.152 0.157 0.139 0.212 0.161 0.159 0.156 0.200 0.149 0.125 0.156 0.110 0.141 0.166 0.129 0.130 0.112 0.139 0.088 0.171 0.190 0.125 0.185 0.147 0.168 0.131 0.160 0.158 0.144 0.104 0.167 0.164 0.163 0.134 0.158 0.135 0.166 0.143 0.162 0.146 0.130 0.120 0.131 0.128 0.186 0.139 0.176 0.121 0.178 0.144 0.164 0.136 0.160 
0.174 0.160 0.139 0.161 0.175 0.180 0.129 0.150 0.228 0.195 0.139 0.120 0.157 0.162 0.168 0.188 0.165 0.095 0.122 0.121 0.139 0.167 0.096 0.127 0.188 0.158 0.203 0.169 0.184 0.142 0.242 0.175 0.203 0.170 0.107 0.142 0.170 0.175 0.126 0.132 0.161 0.189 0.208 0.126 0.200 0.172 0.126 0.137 0.156 0.174 0.117 0.152 0.098 0.187 0.163 0.166 0.150 0.170 0.144 0.172 
0.217 0.286 0.210 0.151 0.140 0.128 0.177 0.112 0.165 0.181 0.221 0.133 0.151 0.136 0.135 0.200 0.126 0.091 0.120 0.111 0.125 0.134 0.132 0.199 0.162 0.098 0.193 0.145 0.193 0.121 0.171 0.189 0.140 0.143 0.136 0.152 0.138 0.199 0.204 0.157 0.112 0.139 0.096 0.136 0.193 0.164 0.132 0.185 0.158 0.157 0.128 0.155 0.111 0.136 0.143 0.128 0.175 0.144 0.142 0.186 
0.203 0.175 0.177 0.146 0.176 0.159 0.113 0.151 0.157 0.148 0.173 0.212 0.157 0.153 0.203 0.169 0.201 0.191 0.147 0.134 0.129 0.152 0.119 0.160 0.165 0.166 0.154 0.138 0.150 0.175 0.208 0.158 0.169 0.181 0.186 0.112 0.234 0.190 0.147 0.219 0.192 0.172 0.156 0.159 0.122 0.160 0.176 0.162 0.168 0.144 0.121 0.161 0.109 0.193 0.184 0.181 0.186 0.091 0.140 0.151 
0.162 0.146 0.143 0.158 0.188 0.189 0.167 0.147 0.115 0.160 0.191 0.142 0.172 0.165 0.143 0.161 0.151 0.113 0.129 0.121 0.092 0.132 0.135 0.182 0.168 0.182 0.172 0.124 0.143 0.156 0.201 0.184 0.188 0.121 0.151 0.184 0.138 0.156 0.196 0.171 0.181 0.154 0.114 0.129 0.141 0.125 0.181 0.172 0.116 0.126 0.152 0.152 0.143 0.170 0.148 0.201 0.144 0.099 0.153 0.258 
0.167 0.137 0.117 0.197 0.183 0.146 0.157 0.151 0.212 0.197 0.146 0.115 0.141 0.241 0.119 0.188 0.179 0.138 0.175 0.107 0.136 0.154 0.122 0.198 0.163 0.141 0.176 0.172 0.160 0.176 0.179 0.198 0.236 0.140 0.147 0.177 0.140 0.166 0.194 0.204 0.157 0.146 0.130 0.114 0.148 0.186 0.174 0.139 0.112 0.097 0.130 0.157 0.134 0.137 0.204 0.185 0.146 0.114 0.127 0.157 
0.198 0.171 0.184 0.122 0.141 0.179 0.147 0.156 0.169 0.169 0.201 0.140 0.121 0.150 0.174 0.226 0.151 0.138 0.172 0.194 0.174 0.176 0.111 0.176 0.150 0.221 0.188 0.120 0.135 0.143 0.209 0.170 0.161 0.159 0.163 0.126 0.134 0.133 0.182 0.222 0.183 0.173 0.159 0.162 0.112 0.153 0.149 0.169 0.120 0.132 0.145 0.160 0.127 0.129 0.163 0.143 0.122 0.160 0.175 0.211 
0.145 0.199 0.122 0.143 0.127 0.193 0.149 0.169 0.180 0.175 0.193 0.189 0.126 0.158 0.203 0.114 0.138 0.142 0.160 0.119 0.081 0.048 0.075 0.078 0.081 0.078 0.085 0.089 0.046 0.091 0.086 0.076 0.096 0.086 0.101 0.049 0.093 0.085 0.086 0.110 0.071 0.069 0.041 0.078 0.095 0.083 0.077 0.081 0.078 0.075 0.037 0.087 0.082 0.093 0.086 0.082 0.056 0.080 0.087 0.086 
0.063 0.074 0.090 0.094 0.083 0.081 0.043 0.077 0.081 0.098 0.066 0.101 0.072 0.086 0.071 0.087 0.063 0.097 0.077 0.065 0.060 0.064 0.034 0.077 0.077 0.077 0.078 0.091 0.084 0.089 0.087 0.043 0.092 0.102 0.072 0.080 0.070 0.096 0.078 0.087 0.055 0.051 0.094 0.097 0.063 0.080 0.069 0.079 0.070 0.077 0.073 0.069 0.078 0.048 0.078 0.086 0.093 0.078 0.070 0.109 
0.063 0.048 0.106 0.089 0.082 0.072 0.077 0.077 0.051 0.101 0.085 0.080 0.090 0.087 0.046 0.090 0.082 0.102 0.084 0.084 0.070 0.057 0.052 0.079 0.092 0.086 0.081 0.082 0.083 0.092 0.051 0.091 0.082 0.088 0.079 0.084 0.080 0.088 0.051 0.086 0.059 0.074 0.080 0.088 0.104 0.096 0.131 0.124 0.054 0.077 0.080 0.089 0.068 0.081 0.085 0.050 0.087 0.086 0.082 0.091 
0.092 0.071 0.090 0.055 0.092 0.092 0.081 0.085 0.090 0.047 0.078 0.077 0.080 0.050 0.080 0.091 0.076 0.083 0.083 0.075 0.062 0.046 0.082 0.104 0.093 0.059 0.079 0.071 0.080 0.085 0.084 0.086 0.093 0.052 0.090 0.091 0.079 0.053 0.081 0.081 0.053 0.075 0.073 0.046 0.074 0.075 0.072 0.076 0.068 0.047 0.070 0.086 0.080 0.079 0.082 0.073 0.047 0.058 0.054 0.086 
0.060 0.093 0.084 0.090 0.088 0.047 0.091 0.079 0.084 0.093 0.078 0.081 0.081 0.080 0.092 0.087 0.091 0.046 0.050 0.071 0.086 0.086 0.070 0.043 0.077 0.045 0.087 0.078 0.082 0.079 0.083 0.059 0.086 0.083 0.073 0.084 0.073 0.074 0.065 0.096 0.082 0.051 0.081 0.078 0.047 0.048 0.049 0.082 0.071 0.039 0.077 0.076 0.080 0.088 0.086 0.061 0.080 0.084 0.079 0.088 
0.087 0.070 0.097 0.082 0.088 0.068 0.085 0.095 0.075 0.067 0.068 0.077 0.084 0.102 0.089 0.061 0.059 0.072 0.082 0.074 0.043 0.074 0.071 0.077 0.082 0.247 0.087 0.077 0.078 0.086 0.052 0.079 0.082 0.089 0.051 0.055 0.079 0.081 0.076 0.062 0.090 0.084 0.055 0.079 0.081 0.077 0.086 0.051 0.042 0.084 0.071 0.062 0.046 0.077 0.077 0.074 0.080 0.078 0.068 0.081 
0.079 0.091 0.049 0.084 0.074 0.084 0.080 0.077 0.078 0.082 0.073 0.043 0.065 0.052 0.072 0.074 0.070 0.076 0.035 0.054 0.083 0.074 0.068 0.071 0.080 0.074 0.073 0.079 0.068 0.085 0.091 0.093 0.060 0.045 0.083 0.093 0.086 0.051 0.058 0.062 0.107 0.078 0.079 0.077 0.075 0.072 0.085 0.065 0.065 0.070 0.068 0.070 0.040 0.068 0.043 0.034 0.081 0.072 0.074 0.094 
0.080 0.085 0.075 0.091 0.050 0.069 0.089 0.073 0.049 0.048 0.045 0.081 0.070 0.074 0.069 0.074 0.073 0.065 0.074 0.068 0.096 0.053 0.077 0.073 0.072 0.075 0.078 0.086 0.087 0.040 0.075 0.056 0.091 0.082 0.092 0.079 0.076 0.047 0.044 0.068 0.050 0.074 0.079 0.075 0.079 0.039 0.078 0.068 0.043 0.078 0.066 0.085 0.072 0.064 0.072 0.067 0.047 0.079 0.065 0.091 
0.072 0.078 0.074 0.082 0.083 0.067 0.076 0.081 0.048 0.057 0.078 0.053 0.087 0.081 0.084 0.074 0.075 0.052 0.000 0.074 0.042 0.066 0.073 0.079 0.112 0.074 0.081 0.068 0.055 0.073 0.089 0.077 0.080 0.067 0.074 0.075 0.042 0.076 0.072 0.082 0.076 0.076 0.068 0.075 0.045 0.066 0.085 0.073 0.071 0.047 0.075 0.075 0.046 0.079 0.071 0.069 0.064 0.067 0.070 0.077 
0.069 0.073 0.032 0.043 0.077 0.067 0.068 0.069 0.068 0.050 0.058 0.082 0.079 0.071 0.067 0.059 0.043 0.064 0.073 0.083 0.068 0.065 0.065 0.068 0.072 0.063 0.072 0.067 0.071 0.072 0.064 0.053 0.050 0.037 0.039 0.065 0.074 0.070 0.072 0.070 0.062 0.064 0.029 0.066 0.069 0.064 0.073 0.075 0.077 0.068 0.072 0.051 0.050 0.040 0.068 0.062 0.066 0.060 0.067 0.066 
0.067 0.066 0.058 0.067 0.031 0.059 0.068 0.061 0.062 0.065 0.066 0.068 0.053 0.041 0.066 0.057 0.062 0.057 0.058 0.592 0.342 0.343 0.312 0.333 0.316 0.555 0.649 0.698 0.602 0.597 0.630 0.589 0.606 0.575 0.764 0.698 0.548 0.432 0.360 0.290 0.304 0.599 0.639 0.616 0.633 0.620 0.603 0.606 0.600 0.603 0.668 0.167 0.061 0.064 0.034 0.054 0.065 0.064 0.063 0.055 
0.064 0.058 0.064 0.063 0.027 0.062 0.059 0.060 0.064 0.057 0.063 0.056 0.066 0.063 0.056 0.067 0.057 0.039 0.069 0.062 0.065 0.026 0.064 0.066 0.027 0.069 0.058 0.063 0.032 0.029 0.031 0.061 0.068 0.031 0.025 0.034 0.060 0.077 0.066 0.070 0.115 0.614 0.452 0.245 0.061 0.062 0.058 0.072 0.071 0.068 0.067 0.057 0.067 0.062 0.066 0.032 0.058 0.064 0.059 0.064 
