0.066 0.058 0.064 0.058 0.066 0.035 0.060 0.064 0.026 0.061 0.064 0.026 0.064 0.058 0.060 0.034 0.061 0.031 0.130 0.109 0.141 0.121 0.117 0.196 0.161 0.141 0.113 0.119 0.136 0.135 0.188 0.148 0.160 0.136 0.143 0.126 0.161 0.128 0.151 0.151 0.122 0.098 0.117 0.135 0.104 0.135 0.147 0.133 0.134 0.113 0.123 0.129 0.101 0.136 0.100 0.149 0.131 0.147 0.116 0.143 
0.150 0.142 0.185 0.144 0.123 0.108 0.139 0.137 0.134 0.157 0.142 0.129 0.138 0.122 0.138 0.119 0.132 0.155 0.124 0.150 0.136 0.115 0.088 0.130 0.151 0.135 0.130 0.124 0.171 0.154 0.136 0.140 0.124 0.150 0.145 0.137 0.153 0.128 0.168 0.131 0.111 0.154 0.139 0.140 0.098 0.139 0.131 0.122 0.138 0.123 0.114 0.118 0.097 0.111 0.113 0.101 0.117 0.149 0.141 0.150 
0.139 0.142 0.125 0.092 0.133 0.114 0.143 0.130 0.147 0.114 0.126 0.098 0.113 0.133 0.123 0.112 0.118 0.000 0.177 0.118 0.093 0.098 0.122 0.148 0.133 0.125 0.107 0.109 0.135 0.114 0.122 0.114 0.124 0.093 0.121 0.126 0.118 0.119 0.122 0.130 0.111 0.095 0.110 0.108 0.107 0.122 0.119 0.102 0.107 0.122 0.096 0.070 0.105 0.092 0.091 0.091 0.090 0.110 0.101 0.107 
0.102 0.091 0.088 0.100 0.111 0.099 0.091 0.095 0.079 0.094 0.092 0.081 0.101 0.068 0.100 0.109 0.097 0.100 0.073 0.095 0.091 0.084 0.091 0.085 0.093 0.083 0.077 0.092 0.084 0.087 0.088 0.088 0.104 0.093 0.086 0.082 0.062 0.084 0.043 0.081 0.070 0.086 0.076 0.085 0.082 0.089 0.095 0.081 0.083 0.079 0.088 0.110 0.085 0.104 0.121 0.108 0.109 0.073 0.055 0.071 
0.079 0.081 0.080 0.081 0.084 0.072 0.077 0.082 0.081 0.090 0.084 0.083 0.091 0.104 0.092 0.100 0.111 0.119 0.599 0.378 0.362 0.386 0.400 0.468 0.583 0.605 0.645 0.619 0.624 0.605 0.618 0.629 0.567 0.625 0.715 0.746 0.652 0.552 0.407 0.353 0.521 0.668 0.592 0.647 0.666 0.591 0.608 0.608 0.642 0.565 0.663 0.742 0.506 0.082 0.084 0.103 0.056 0.078 0.056 0.081 
0.081 0.085 0.075 0.081 0.089 0.083 0.086 0.077 0.085 0.082 0.080 0.073 0.070 0.083 0.067 0.076 0.071 0.067 0.074 0.069 0.076 0.067 0.052 0.076 0.077 0.082 0.073 0.074 0.074 0.073 0.076 0.080 0.078 0.075 0.069 0.079 0.049 0.079 0.088 0.066 0.382 0.527 0.350 0.135 0.045 0.070 0.070 0.044 0.082 0.095 0.078 0.074 0.082 0.075 0.074 0.072 0.075 0.077 0.064 0.079 
0.072 0.065 0.098 0.075 0.082 0.060 0.053 0.081 0.083 0.079 0.074 0.078 0.065 0.074 0.081 0.080 0.048 0.072 0.080 0.072 0.075 0.070 0.070 0.075 0.070 0.038 0.036 0.073 0.078 0.076 0.085 0.074 0.072 0.071 0.074 0.077 0.071 0.067 0.041 0.084 0.041 0.037 0.072 0.038 0.040 0.080 0.046 0.041 0.074 0.070 0.068 0.039 0.070 0.044 0.041 0.075 0.053 0.047 0.049 0.063 
0.058 0.066 0.079 0.078 0.038 0.088 0.039 0.080 0.046 0.073 0.067 0.073 0.072 0.071 0.067 0.044 0.036 0.047 0.049 0.048 0.084 0.089 0.091 0.054 0.052 0.052 0.050 0.079 0.089 0.072 0.075 0.073 0.052 0.040 0.081 0.073 0.061 0.072 0.053 0.048 0.065 0.081 0.058 0.067 0.067 0.074 0.089 0.060 0.083 0.062 0.046 0.094 0.061 0.102 0.067 0.105 0.061 0.064 0.068 0.107 
0.070 0.075 0.113 0.070 0.100 0.079 0.097 0.151 0.078 0.138 0.066 0.070 0.073 0.084 0.113 0.134 0.118 0.110 0.137 0.127 0.130 0.122 0.151 0.139 0.102 0.152 0.137 0.137 0.169 0.114 0.155 0.170 0.155 0.153 0.116 0.150 0.140 0.165 0.129 0.139 0.121 0.132 0.143 0.159 0.143 0.164 0.152 0.147 0.116 0.119 0.120 0.131 0.115 0.132 0.140 0.121 0.134 0.149 0.152 0.156 
0.155 0.164 0.143 0.147 0.156 0.171 0.178 0.155 0.112 0.118 0.135 0.138 0.162 0.131 0.157 0.172 0.147 0.146 0.168 0.142 0.180 0.155 0.179 0.166 0.148 0.131 0.142 0.128 0.160 0.152 0.181 0.148 0.157 0.145 0.150 0.176 0.187 0.141 0.145 0.157 0.177 0.154 0.148 0.156 0.161 0.162 0.164 0.143 0.120 0.154 0.155 0.177 0.128 0.165 0.165 0.138 0.155 0.109 0.170 0.134 
0.171 0.170 0.156 0.132 0.117 0.158 0.179 0.140 0.169 0.150 0.168 0.155 0.133 0.165 0.165 0.158 0.182 0.138 0.163 0.147 0.152 0.151 0.119 0.134 0.192 0.187 0.155 0.160 0.159 0.192 0.187 0.169 0.151 0.183 0.173 0.176 0.188 0.162 0.142 0.143 0.128 0.145 0.147 0.171 0.140 0.168 0.187 0.144 0.121 0.163 0.174 0.176 0.159 0.145 0.168 0.191 0.166 0.124 0.142 0.172 
0.170 0.174 0.147 0.130 0.162 0.162 0.187 0.158 0.121 0.160 0.158 0.172 0.144 0.186 0.165 0.154 0.169 0.176 0.169 0.194 0.172 0.130 0.138 0.152 0.182 0.175 0.160 0.183 0.172 0.166 0.171 0.170 0.188 0.142 0.145 0.141 0.209 0.174 0.200 0.186 0.150 0.151 0.138 0.190 0.157 0.183 0.151 0.164 0.144 0.143 0.163 0.184 0.204 0.138 0.170 0.144 0.146 0.170 0.152 0.183 
0.172 0.186 0.144 0.150 0.161 0.164 0.143 0.145 0.161 0.191 0.139 0.151 0.171 0.170 0.145 0.183 0.156 0.161 0.205 0.198 0.151 0.116 0.172 0.162 0.114 0.176 0.170 0.147 0.190 0.223 0.173 0.192 0.191 0.162 0.201 0.193 0.176 0.168 0.182 0.180 0.171 0.138 0.151 0.176 0.158 0.190 0.183 0.119 0.145 0.159 0.126 0.183 0.217 0.163 0.120 0.150 0.135 0.162 0.196 0.146 
0.186 0.149 0.160 0.166 0.146 0.165 0.205 0.172 0.175 0.193 0.141 0.143 0.163 0.134 0.158 0.174 0.134 0.151 0.168 0.148 0.176 0.199 0.146 0.172 0.132 0.161 0.156 0.172 0.163 0.140 0.160 0.182 0.150 0.172 0.171 0.133 0.176 0.151 0.180 0.126 0.147 0.158 0.184 0.131 0.197 0.194 0.145 0.174 0.136 0.159 0.169 0.153 0.153 0.152 0.132 0.179 0.142 0.157 0.148 0.158 
0.158 0.158 0.147 0.156 0.133 0.136 0.175 0.161 0.163 0.122 0.138 0.136 0.176 0.171 0.152 0.203 0.193 0.190 0.152 0.162 0.188 0.179 0.151 0.116 0.161 0.137 0.171 0.179 0.147 0.163 0.140 0.173 0.162 0.178 0.136 0.174 0.163 0.134 0.141 0.160 0.123 0.163 0.171 0.193 0.132 0.140 0.175 0.155 0.159 0.167 0.154 0.209 0.168 0.163 0.140 0.169 0.142 0.160 0.127 0.143 
0.214 0.152 0.134 0.145 0.149 0.178 0.156 0.196 0.151 0.154 0.163 0.176 0.151 0.181 0.127 0.143 0.141 0.154 0.149 0.148 0.171 0.232 0.236 0.181 0.166 0.148 0.152 0.172 0.161 0.119 0.179 0.172 0.171 0.192 0.154 0.175 0.144 0.171 0.180 0.170 0.156 0.127 0.165 0.176 0.149 0.164 0.186 0.160 0.152 0.157 0.137 0.171 0.159 0.107 0.166 0.108 0.150 0.146 0.172 0.129 
0.175 0.172 0.165 0.157 0.159 0.162 0.192 0.174 0.145 0.149 0.140 0.119 0.161 0.129 0.154 0.175 0.151 0.167 0.154 0.184 0.135 0.179 0.153 0.110 0.191 0.167 0.259 0.288 0.266 0.277 0.317 0.248 0.263 0.254 0.237 0.245 0.217 0.213 0.192 0.210 0.206 0.191 0.214 0.179 0.245 0.279 0.291 0.291 0.298 0.258 0.236 0.243 0.243 0.230 0.153 0.185 0.175 0.191 0.226 0.216 
0.143 0.148 0.173 0.200 0.190 0.130 0.184 0.182 0.151 0.124 0.161 0.163 0.130 0.148 0.141 0.192 0.179 0.152 0.138 0.136 0.153 0.172 0.150 0.161 0.169 0.142 0.129 0.164 0.158 0.142 0.210 0.180 0.125 0.166 0.129 0.301 0.214 0.194 0.204 0.152 0.143 0.166 0.186 0.164 0.131 0.195 0.182 0.116 0.174 0.166 0.177 0.256 0.168 0.140 0.180 0.154 0.219 0.208 0.204 0.217 
0.161 0.188 0.162 0.165 0.195 0.167 0.217 0.225 0.208 0.155 0.182 0.123 0.209 0.222 0.255 0.223 0.165 0.207 0.193 0.190 0.199 0.227 0.163 0.149 0.178 0.132 0.175 0.235 0.165 0.136 0.182 0.190 0.215 0.240 0.159 0.165 0.169 0.233 0.230 0.149 0.187 0.194 0.207 0.205 0.212 0.253 0.146 0.159 0.223 0.210 0.186 0.200 0.207 0.235 0.171 0.242 0.242 0.264 0.204 0.231 
0.181 0.234 0.138 0.150 0.183 0.200 0.237 0.283 0.254 0.210 0.165 0.193 0.153 0.232 0.155 0.242 0.192 0.202 0.232 0.188 0.187 0.223 0.239 0.217 0.213 0.209 0.206 0.260 0.181 0.171 0.241 0.217 0.181 0.135 0.174 0.206 0.275 0.222 0.207 0.168 0.214 0.232 0.214 0.252 0.156 0.193 0.192 0.255 0.183 0.210 0.176 0.135 0.150 0.182 0.196 0.197 0.196 0.261 0.167 0.207 
0.238 0.238 0.193 0.195 0.148 0.188 0.171 0.241 0.176 0.195 0.176 0.212 0.192 0.186 0.198 0.243 0.173 0.195 0.207 0.218 0.127 0.271 0.247 0.181 0.172 0.209 0.186 0.208 0.174 0.207 0.206 0.195 0.191 0.213 0.159 0.190 0.211 0.251 0.185 0.222 0.166 0.132 0.162 0.189 0.172 0.262 0.234 0.212 0.155 0.177 0.192 0.189 0.200 0.181 0.212 0.148 0.173 0.173 0.192 0.168 
0.194 0.187 0.170 0.212 0.150 0.206 0.218 0.291 0.190 0.176 0.233 0.198 0.186 0.196 0.156 0.213 0.169 0.185 0.170 0.190 0.188 0.158 0.188 0.184 0.280 0.254 0.212 0.210 0.214 0.166 0.225 0.163 0.179 0.184 0.146 0.179 0.171 0.204 0.176 0.161 0.186 0.184 0.159 0.206 0.254 0.210 0.181 0.159 0.233 0.174 0.159 0.180 0.180 0.196 0.236 0.219 0.182 0.232 0.149 0.185 
0.235 0.209 0.167 0.182 0.303 0.192 0.253 0.222 0.206 0.233 0.252 0.209 0.188 0.230 0.204 0.202 0.254 0.179 0.184 0.176 0.135 0.168 0.172 0.171 0.184 0.120 0.146 0.155 0.184 0.182 0.191 0.198 0.154 0.117 0.158 0.175 0.207 0.175 0.133 0.156 0.145 0.179 0.163 0.116 0.151 0.157 0.158 0.188 0.122 0.140 0.169 0.171 0.142 0.153 0.217 0.140 0.139 0.147 0.213 0.174 
0.186 0.165 0.169 0.155 0.219 0.196 0.173 0.220 0.141 0.170 0.214 0.125 0.190 0.159 0.126 0.193 0.139 0.150 0.169 0.153 0.126 0.124 0.200 0.303 0.155 0.164 0.185 0.158 0.158 0.167 0.144 0.172 0.110 0.172 0.126 0.170 0.221 0.147 0.143 0.134 0.127 0.159 0.166 0.152 0.143 0.161 0.140 0.149 0.187 0.106 0.134 0.187 0.140 0.154 0.126 0.166 0.149 0.159 0.173 0.180 
