0.564 0.518 0.497 0.551 0.577 0.510 0.501 0.178 0.109 0.095 0.129 0.099 0.081 0.105 0.086 0.082 0.097 0.082 0.111 0.087 0.100 0.099 0.090 0.107 0.116 0.113 0.101 0.105 0.106 0.090 0.113 0.088 0.104 0.129 0.103 0.120 0.140 0.069 0.135 0.091 0.514 0.694 0.122 0.194 0.813 0.290 0.655 0.652 0.807 0.728 0.864 0.879 0.838 0.916 0.973 0.981 0.942 0.902 0.893 0.883 
0.867 0.878 0.734 0.708 0.730 0.738 0.713 0.746 0.683 0.664 0.149 0.118 0.174 0.505 0.554 0.553 0.670 0.781 0.672 0.428 0.745 0.818 0.544 0.461 0.485 0.507 0.368 0.717 0.691 0.664 0.657 0.599 0.224 0.805 0.532 0.121 0.113 0.187 0.230 0.214 0.237 0.174 0.280 0.197 0.169 0.227 0.176 0.204 0.235 0.207 0.217 0.239 0.282 0.253 0.275 0.242 0.290 0.230 0.243 0.214 
0.239 0.179 0.196 0.218 0.218 0.231 0.307 0.224 0.243 0.234 0.241 0.210 0.226 0.213 0.221 0.205 0.216 0.230 0.257 0.235 0.269 0.243 0.190 0.212 0.220 0.184 0.217 0.237 0.205 0.187 0.214 0.227 0.236 0.261 0.172 0.237 0.193 0.192 0.231 0.219 0.192 0.218 0.205 0.176 0.241 0.205 0.219 0.210 0.212 0.214 0.199 0.194 0.240 0.214 0.230 0.231 0.272 0.260 0.195 0.215 
0.198 0.195 0.193 0.223 0.192 0.179 0.206 0.170 0.213 0.224 0.228 0.165 0.159 0.207 0.219 0.239 0.232 0.231 0.232 0.238 0.196 0.184 0.173 0.206 0.202 0.207 0.246 0.230 0.180 0.176 0.207 0.199 0.195 0.180 0.194 0.237 0.000 0.308 0.168 0.221 0.218 0.249 0.214 0.193 0.168 0.180 0.204 0.180 0.177 0.193 0.207 0.163 0.196 0.193 0.203 0.164 0.194 0.191 0.219 0.209 
0.199 0.271 0.213 0.203 0.197 0.191 0.202 0.165 0.147 0.150 0.111 0.148 0.148 0.167 0.144 0.142 0.157 0.159 0.147 0.160 0.140 0.177 0.141 0.115 0.144 0.130 0.136 0.143 0.142 0.127 0.117 0.139 0.123 0.124 0.147 0.127 0.141 0.151 0.130 0.139 0.116 0.138 0.154 0.167 0.541 0.494 0.524 0.176 0.094 0.141 0.285 0.565 0.523 0.467 0.149 0.168 0.210 0.305 0.587 0.512 
0.557 0.179 0.125 0.137 0.173 0.550 0.505 0.548 0.138 0.113 0.143 0.111 0.121 0.119 0.100 0.118 0.108 0.121 0.120 0.096 0.110 0.096 0.111 0.104 0.071 0.130 0.115 0.123 0.133 0.109 0.124 0.129 0.121 0.159 0.142 0.133 0.136 0.622 0.439 0.408 0.423 0.406 0.411 0.699 0.626 0.594 0.594 0.616 0.565 0.706 0.484 0.350 0.393 0.391 0.433 0.469 0.465 0.650 0.612 0.623 
0.604 0.623 0.636 0.669 0.493 0.127 0.181 0.479 0.360 0.462 0.532 0.534 0.580 0.492 0.532 0.409 0.119 0.115 0.106 0.117 0.101 0.103 0.128 0.093 0.125 0.109 0.120 0.122 0.124 0.142 0.113 0.113 0.110 0.135 0.113 0.093 0.111 0.118 0.110 0.112 0.417 0.687 0.275 0.814 0.256 0.088 0.505 0.792 0.899 0.840 0.849 0.869 0.802 0.979 0.975 0.938 0.922 0.922 0.815 0.718 
0.735 0.653 0.685 0.754 0.736 0.748 0.742 0.706 0.703 0.625 0.212 0.334 0.518 0.635 0.572 0.822 0.770 0.528 0.421 0.838 0.865 0.573 0.754 0.360 0.720 0.680 0.679 0.698 0.642 0.371 0.769 0.642 0.138 0.131 0.111 0.557 0.642 0.454 0.592 0.640 0.531 0.567 0.576 0.632 0.195 0.115 0.106 0.433 0.591 0.635 0.641 0.636 0.633 0.628 0.637 0.682 0.654 0.646 0.646 0.634 
0.639 0.639 0.628 0.639 0.640 0.640 0.634 0.625 0.639 0.088 0.124 0.105 0.429 0.636 0.630 0.187 0.124 0.430 0.656 0.658 0.629 0.629 0.650 0.659 0.636 0.663 0.648 0.661 0.662 0.674 0.664 0.659 0.690 0.667 0.701 0.675 0.665 0.646 0.666 0.655 0.685 0.653 0.664 0.663 0.663 0.660 0.660 0.662 0.655 0.658 0.666 0.668 0.652 0.663 0.652 0.669 0.667 0.687 0.658 0.675 
0.665 0.683 0.679 0.695 0.661 0.679 0.648 0.679 0.659 0.668 0.673 0.679 0.679 0.679 0.681 0.676 0.709 0.669 0.692 0.696 0.690 0.679 0.688 0.685 0.705 0.714 0.717 0.543 0.166 0.178 0.160 0.131 0.177 0.190 0.196 0.183 0.171 0.192 0.161 0.185 0.201 0.192 0.204 0.208 0.213 0.211 0.243 0.226 0.208 0.231 0.230 0.200 0.230 0.176 0.209 0.234 0.239 0.205 0.216 0.179 
0.213 0.208 0.219 0.195 0.195 0.233 0.205 0.236 0.214 0.198 0.191 0.182 0.216 0.204 0.198 0.186 0.193 0.218 0.243 0.179 0.174 0.209 0.199 0.236 0.190 0.241 0.255 0.197 0.242 0.215 0.247 0.253 0.249 0.260 0.197 0.280 0.278 0.260 0.217 0.194 0.278 0.249 0.265 0.278 0.269 0.297 0.246 0.239 0.272 0.229 0.271 0.253 0.298 0.220 0.269 0.273 0.255 0.229 0.213 0.241 
0.207 0.232 0.252 0.224 0.290 0.260 0.239 0.200 0.265 0.269 0.275 0.240 0.242 0.289 0.250 0.227 0.230 0.234 0.242 0.234 0.267 0.210 0.259 0.224 0.212 0.272 0.234 0.284 0.212 0.226 0.264 0.199 0.208 0.224 0.241 0.254 0.284 0.231 0.208 0.194 0.275 0.246 0.248 0.207 0.225 0.257 0.258 0.241 0.250 0.227 0.227 0.230 0.237 0.241 0.304 0.218 0.213 0.225 0.242 0.225 
0.224 0.238 0.237 0.261 0.231 0.252 0.211 0.219 0.222 0.226 0.221 0.247 0.206 0.246 0.239 0.247 0.225 0.243 0.227 0.228 0.263 0.269 0.258 0.207 0.272 0.256 0.244 0.210 0.251 0.242 0.200 0.235 0.239 0.273 0.214 0.204 0.254 0.273 0.247 0.297 0.284 0.255 0.246 0.249 0.248 0.267 0.233 0.214 0.276 0.261 0.289 0.255 0.279 0.211 0.252 0.289 0.246 0.437 0.336 0.295 
0.290 0.286 0.288 0.315 0.280 0.355 0.301 0.304 0.332 0.340 0.314 0.289 0.295 0.292 0.320 0.248 0.303 0.285 0.291 0.290 0.270 0.272 0.263 0.273 0.293 0.285 0.278 0.313 0.297 0.282 0.241 0.249 0.241 0.250 0.260 0.318 0.237 0.265 0.290 0.248 0.209 0.319 0.248 0.268 0.248 0.299 0.347 0.344 0.359 0.409 0.368 0.347 0.374 0.359 0.322 0.377 0.324 0.268 0.261 0.278 
0.302 0.325 0.363 0.361 0.412 0.408 0.392 0.400 0.408 0.374 0.350 0.345 0.343 0.332 0.327 0.298 0.318 0.267 0.313 0.331 0.281 0.292 0.243 0.262 0.306 0.287 0.308 0.236 0.227 0.211 0.217 0.239 0.215 0.243 0.218 0.213 0.261 0.247 0.230 0.253 0.280 0.274 0.281 0.232 0.238 0.238 0.216 0.277 0.305 0.270 0.240 0.235 0.244 0.221 0.273 0.263 0.275 0.274 0.227 0.264 
0.218 0.185 0.208 0.228 0.256 0.237 0.245 0.237 0.232 0.243 0.212 0.186 0.251 0.233 0.216 0.170 0.226 0.255 0.318 0.286 0.276 0.229 0.244 0.211 0.253 0.300 0.314 0.262 0.225 0.242 0.251 0.287 0.241 0.259 0.241 0.281 0.214 0.269 0.241 0.254 0.209 0.257 0.258 0.247 0.245 0.266 0.253 0.244 0.208 0.276 0.224 0.240 0.208 0.243 0.218 0.230 0.273 0.249 0.301 0.272 
0.270 0.231 0.241 0.233 0.233 0.335 0.282 0.231 0.276 0.241 0.260 0.286 0.247 0.268 0.293 0.298 0.245 0.300 0.270 0.281 0.242 0.221 0.232 0.270 0.282 0.302 0.294 0.251 0.206 0.266 0.229 0.220 0.223 0.244 0.249 0.259 0.237 0.243 0.266 0.254 0.224 0.252 0.235 0.235 0.249 0.265 0.276 0.220 0.256 0.225 0.224 0.260 0.233 0.238 0.263 0.225 0.246 0.218 0.201 0.235 
0.232 0.213 0.212 0.237 0.250 0.258 0.265 0.264 0.191 0.234 0.208 0.202 0.225 0.228 0.225 0.249 0.299 0.261 0.212 0.229 0.266 0.235 0.175 0.427 0.288 0.262 0.281 0.265 0.296 0.267 0.365 0.352 0.340 0.353 0.343 0.345 0.274 0.308 0.276 0.303 0.314 0.279 0.234 0.241 0.216 0.286 0.266 0.266 0.213 0.235 0.251 0.257 0.271 0.253 0.238 0.354 0.378 0.350 0.348 0.362 
0.366 0.337 0.306 0.283 0.311 0.344 0.313 0.252 0.281 0.297 0.270 0.252 0.299 0.352 0.335 0.307 0.355 0.392 0.389 0.278 0.370 0.271 0.323 0.298 0.249 0.283 0.212 0.261 0.155 0.189 0.169 0.192 0.196 0.158 0.155 0.178 0.199 0.202 0.200 0.232 0.181 0.185 0.216 0.176 0.246 0.182 0.216 0.165 0.203 0.146 0.171 0.244 0.200 0.204 0.201 0.193 0.208 0.176 0.201 0.190 
0.201 0.190 0.166 0.226 0.152 0.195 0.186 0.201 0.226 0.199 0.195 0.174 0.206 0.193 0.184 0.192 0.204 0.196 0.207 0.224 0.212 0.230 0.234 0.204 0.193 0.200 0.178 0.203 0.164 0.192 0.185 0.156 0.188 0.146 0.170 0.176 0.179 0.197 0.178 0.216 0.193 0.233 0.190 0.182 0.219 0.186 0.213 0.205 0.240 0.219 0.223 0.208 0.185 0.204 0.198 0.204 0.168 0.228 0.193 0.175 
0.172 0.212 0.192 0.210 0.188 0.210 0.167 0.261 0.241 0.173 0.202 0.205 0.165 0.232 0.189 0.221 0.186 0.198 0.236 0.201 0.246 0.245 0.200 0.233 0.160 0.196 0.189 0.238 0.175 0.216 0.171 0.224 0.226 0.196 0.216 0.198 0.193 0.199 0.196 0.209 0.163 0.212 0.181 0.204 0.234 0.242 0.234 0.252 0.205 0.229 0.265 0.307 0.218 0.270 0.251 0.194 0.216 0.208 0.200 0.234 
0.270 0.188 0.186 0.270 0.222 0.234 0.302 0.200 0.228 0.242 0.241 0.201 0.228 0.251 0.242 0.207 0.220 0.186 0.218 0.237 0.239 0.237 0.298 0.235 0.270 0.230 0.212 0.224 0.182 0.209 0.230 0.218 0.156 0.162 0.220 0.194 0.273 0.215 0.198 0.235 0.254 0.250 0.285 0.218 0.304 0.253 0.217 0.221 0.211 0.207 0.235 0.246 0.276 0.187 0.240 0.254 0.282 0.219 0.205 0.213 
0.251 0.218 0.221 0.233 0.158 0.135 0.215 0.225 0.172 0.186 0.189 0.233 0.163 0.215 0.204 0.203 0.169 0.206 0.197 0.168 0.192 0.234 0.223 0.202 0.157 0.171 0.175 0.169 0.172 0.174 0.184 0.156 0.250 0.223 0.192 0.222 0.166 0.153 0.172 0.180 0.248 0.179 0.208 0.177 0.199 0.193 0.191 0.181 0.186 0.187 0.233 0.217 0.209 0.176 0.204 0.202 0.217 0.162 0.160 0.185 
0.152 0.157 0.203 0.175 0.145 0.198 0.195 0.159 0.148 0.184 0.176 0.219 0.175 0.176 0.162 0.160 0.208 0.201 0.218 0.197 0.247 0.212 0.174 0.182 0.162 0.167 0.167 0.165 0.215 0.197 0.213 0.183 0.163 0.202 0.195 0.208 0.207 0.206 0.149 0.218 0.183 0.173 0.176 0.170 0.159 0.165 0.175 0.170 0.164 0.193 0.161 0.199 0.183 0.163 0.175 0.172 0.176 0.163 0.167 0.167 
