0.627 0.644 0.613 0.667 0.663 0.677 0.655 0.654 0.641 0.629 0.626 0.652 0.665 0.659 0.654 0.655 0.657 0.666 0.626 0.666 0.656 0.663 0.653 0.658 0.655 0.663 0.627 0.662 0.635 0.649 0.655 0.664 0.680 0.672 0.707 0.700 0.631 0.654 0.657 0.666 0.645 0.658 0.662 0.628 0.665 0.663 0.660 0.669 0.670 0.649 0.668 0.634 0.671 0.671 0.660 0.665 0.669 0.627 0.658 0.656 
0.660 0.630 0.660 0.672 0.657 0.664 0.664 0.656 0.643 0.628 0.663 0.686 0.675 0.641 0.661 0.654 0.662 0.667 0.667 0.668 0.676 0.635 0.673 0.674 0.662 0.636 0.665 0.664 0.637 0.659 0.658 0.630 0.658 0.659 0.657 0.661 0.653 0.632 0.655 0.671 0.665 0.665 0.668 0.660 0.633 0.644 0.640 0.672 0.647 0.680 0.671 0.677 0.675 0.634 0.678 0.667 0.672 0.681 0.666 0.669 
0.669 0.669 0.681 0.676 0.680 0.636 0.639 0.660 0.675 0.675 0.660 0.633 0.667 0.635 0.677 0.669 0.673 0.670 0.674 0.651 0.678 0.674 0.665 0.676 0.665 0.666 0.657 0.688 0.675 0.643 0.674 0.671 0.640 0.641 0.642 0.675 0.665 0.632 0.671 0.670 0.674 0.683 0.680 0.655 0.674 0.679 0.674 0.684 0.683 0.666 0.693 0.677 0.684 0.664 0.681 0.691 0.671 0.663 0.664 0.674 
0.681 0.700 0.686 0.659 0.657 0.670 0.680 0.672 0.641 0.672 0.670 0.675 0.681 0.846 0.686 0.676 0.677 0.685 0.652 0.679 0.682 0.689 0.651 0.655 0.679 0.681 0.677 0.663 0.691 0.685 0.656 0.681 0.682 0.678 0.687 0.653 0.644 0.686 0.674 0.664 0.649 0.680 0.680 0.677 0.683 0.681 0.671 0.685 0.683 0.695 0.653 0.688 0.678 0.689 0.685 0.681 0.683 0.687 0.678 0.648 
0.671 0.658 0.678 0.680 0.676 0.682 0.642 0.660 0.689 0.680 0.675 0.678 0.687 0.682 0.680 0.686 0.675 0.693 0.699 0.701 0.669 0.653 0.691 0.702 0.695 0.660 0.667 0.671 0.716 0.688 0.688 0.687 0.685 0.683 0.695 0.676 0.676 0.681 0.679 0.681 0.651 0.679 0.654 0.646 0.692 0.683 0.686 0.706 0.692 0.697 0.687 0.704 0.663 0.682 0.702 0.686 0.662 0.661 0.658 0.694 
0.684 0.688 0.683 0.689 0.687 0.679 0.689 0.683 0.711 0.668 0.693 0.688 0.688 0.690 0.694 0.702 0.703 0.656 0.691 0.672 0.708 0.699 0.709 0.696 0.694 0.664 0.662 0.685 0.668 0.692 0.697 0.693 0.697 0.658 0.696 0.687 0.662 0.697 0.685 0.704 0.692 0.683 0.692 0.687 0.667 0.699 0.686 0.712 0.693 0.699 0.695 0.703 0.705 0.688 0.697 0.703 0.669 0.679 0.700 0.675 
0.710 0.703 0.707 0.697 0.698 0.676 0.623 0.698 0.666 0.689 0.697 0.702 0.736 0.698 0.706 0.692 0.680 0.698 0.714 0.702 0.705 0.692 0.699 0.701 0.667 0.702 0.698 0.708 0.703 0.703 0.694 0.701 0.672 0.693 0.712 0.700 0.699 0.675 0.703 0.703 0.674 0.707 0.699 0.698 0.693 0.696 0.699 0.706 0.698 0.702 0.662 0.672 0.707 0.697 0.698 0.699 0.698 0.681 0.688 0.712 
0.710 0.702 0.698 0.690 0.674 0.696 0.705 0.715 0.699 0.697 0.697 0.700 0.705 0.695 0.705 0.700 0.704 0.705 0.698 0.686 0.684 0.671 0.673 0.699 0.708 0.705 0.707 0.705 0.697 0.699 0.664 0.701 0.704 0.699 0.709 0.711 0.713 0.704 0.708 0.687 0.686 0.676 0.704 0.699 0.703 0.697 0.704 0.703 0.705 0.703 0.696 0.705 0.669 0.697 0.706 0.700 0.701 0.704 0.705 0.707 
0.692 0.680 0.705 0.696 0.702 0.697 0.698 1.232 0.982 0.984 0.953 0.974 0.957 1.196 1.291 1.339 1.243 1.239 1.272 1.231 1.248 1.217 1.406 1.341 1.191 1.075 1.003 0.933 0.947 1.243 1.282 1.259 1.277 1.264 1.247 1.250 1.244 1.247 1.313 0.812 0.706 0.709 0.679 0.700 0.711 0.710 0.709 0.701 0.710 0.704 0.710 0.710 0.673 0.709 0.706 0.707 0.711 0.704 0.711 0.703 
0.714 0.711 0.704 0.715 0.706 0.688 0.717 0.711 0.714 0.675 0.713 0.715 0.676 0.718 0.707 0.713 0.682 0.679 0.681 0.712 0.718 0.682 0.676 0.685 0.712 0.728 0.717 0.722 0.766 1.266 1.104 0.898 0.713 0.715 0.711 0.725 0.724 0.721 0.720 0.710 0.721 0.716 0.719 0.686 0.712 0.718 0.714 0.719 0.721 0.712 0.719 0.713 0.721 0.690 0.715 0.719 0.682 0.717 0.720 0.682 
0.720 0.714 0.717 0.691 0.718 0.688 0.787 0.766 0.798 0.779 0.775 0.854 0.818 0.799 0.771 0.777 0.795 0.793 0.846 0.807 0.819 0.795 0.803 0.785 0.820 0.788 0.811 0.811 0.783 0.758 0.777 0.795 0.764 0.796 0.808 0.794 0.795 0.774 0.785 0.790 0.763 0.798 0.762 0.811 0.793 0.810 0.779 0.806 0.814 0.806 0.849 0.807 0.787 0.772 0.802 0.801 0.798 0.822 0.806 0.794 
0.803 0.787 0.803 0.785 0.798 0.820 0.790 0.816 0.802 0.781 0.755 0.796 0.818 0.802 0.797 0.791 0.838 0.821 0.803 0.808 0.792 0.818 0.813 0.805 0.822 0.796 0.837 0.799 0.780 0.823 0.808 0.809 0.767 0.808 0.800 0.791 0.808 0.793 0.784 0.789 0.767 0.781 0.784 0.772 0.788 0.820 0.812 0.821 0.810 0.814 0.797 0.764 0.805 0.786 0.815 0.803 0.819 0.787 0.798 0.771 
0.786 0.806 0.797 0.785 0.792 0.674 0.851 0.792 0.768 0.772 0.797 0.823 0.808 0.800 0.782 0.784 0.810 0.790 0.798 0.790 0.800 0.769 0.797 0.802 0.795 0.796 0.799 0.807 0.788 0.773 0.788 0.786 0.785 0.800 0.797 0.780 0.786 0.801 0.775 0.748 0.784 0.771 0.771 0.770 0.769 0.790 0.781 0.787 0.782 0.772 0.769 0.780 0.791 0.780 0.772 0.776 0.760 0.776 0.773 0.762 
0.783 0.750 0.782 0.791 0.779 0.782 0.755 0.778 0.774 0.767 0.774 0.768 0.777 0.766 0.761 0.776 0.768 0.772 0.772 0.773 0.789 0.777 0.771 0.766 0.747 0.769 0.728 0.767 0.755 0.772 0.762 0.771 0.768 0.775 0.782 0.768 0.770 0.766 0.776 0.797 0.772 0.792 0.808 0.796 0.797 0.762 0.743 0.760 0.767 0.770 0.768 0.770 0.773 0.761 0.767 0.771 0.770 0.780 0.774 0.773 
0.782 0.795 0.783 0.790 0.802 0.810 1.290 1.069 1.054 1.077 1.092 1.160 1.275 1.297 1.337 1.312 1.317 1.298 1.311 1.322 1.260 1.319 1.409 1.439 1.346 1.245 1.101 1.047 1.215 1.362 1.286 1.342 1.361 1.285 1.303 1.303 1.337 1.260 1.359 1.438 1.202 0.778 0.780 0.800 0.752 0.775 0.753 0.778 0.778 0.782 0.772 0.778 0.786 0.780 0.784 0.775 0.783 0.780 0.778 0.772 
0.769 0.781 0.766 0.775 0.770 0.766 0.773 0.768 0.775 0.767 0.752 0.777 0.778 0.783 0.773 0.775 0.775 0.774 0.777 0.781 0.780 0.777 0.770 0.780 0.751 0.781 0.791 0.769 1.085 1.229 1.053 0.838 0.748 0.773 0.773 0.748 0.786 0.799 0.782 0.779 0.786 0.780 0.779 0.777 0.780 0.782 0.769 0.785 0.778 0.770 0.803 0.781 0.788 0.766 0.760 0.787 0.789 0.785 0.781 0.785 
0.772 0.781 0.789 0.787 0.755 0.780 0.788 0.780 0.783 0.779 0.778 0.784 0.779 0.747 0.745 0.782 0.788 0.785 0.795 0.784 0.782 0.781 0.784 0.788 0.781 0.778 0.752 0.795 0.752 0.749 0.784 0.750 0.751 0.792 0.758 0.753 0.786 0.782 0.781 0.751 0.783 0.757 0.754 0.788 0.767 0.760 0.763 0.777 0.772 0.780 0.793 0.793 0.753 0.803 0.754 0.795 0.761 0.788 0.783 0.789 
0.787 0.787 0.783 0.760 0.752 0.764 0.766 0.765 0.800 0.806 0.808 0.771 0.770 0.769 0.768 0.797 0.807 0.790 0.793 0.792 0.770 0.759 0.799 0.792 0.780 0.791 0.773 0.768 0.784 0.801 0.778 0.786 0.787 0.794 0.809 0.780 0.804 0.783 0.767 0.815 0.783 0.824 0.789 0.826 0.783 0.786 0.790 0.830 0.793 0.798 0.835 0.793 0.823 0.802 0.821 0.874 0.801 0.862 0.790 0.794 
0.797 0.808 0.838 0.858 0.843 0.835 0.862 0.852 0.855 0.848 0.876 0.864 0.827 0.878 0.863 0.863 0.895 0.840 0.882 0.897 0.882 0.880 0.843 0.878 0.867 0.893 0.856 0.867 0.849 0.860 0.871 0.887 0.872 0.892 0.881 0.876 0.845 0.849 0.850 0.861 0.844 0.861 0.870 0.851 0.864 0.880 0.883 0.886 0.886 0.895 0.874 0.879 0.888 0.902 0.910 0.887 0.844 0.850 0.867 0.871 
0.895 0.864 0.890 0.905 0.880 0.880 0.901 0.876 0.914 0.889 0.913 0.900 0.882 0.865 0.877 0.863 0.895 0.887 0.916 0.884 0.892 0.881 0.885 0.912 0.923 0.877 0.882 0.893 0.914 0.890 0.885 0.893 0.898 0.900 0.902 0.880 0.857 0.892 0.893 0.915 0.866 0.903 0.903 0.876 0.893 0.848 0.909 0.873 0.910 0.909 0.895 0.872 0.857 0.898 0.919 0.880 0.909 0.890 0.908 0.896 
0.874 0.906 0.906 0.899 0.923 0.879 0.904 0.890 0.894 0.894 0.861 0.877 0.934 0.930 0.898 0.903 0.902 0.936 0.931 0.912 0.895 0.927 0.917 0.920 0.933 0.906 0.887 0.888 0.873 0.890 0.892 0.916 0.885 0.914 0.933 0.891 0.867 0.909 0.921 0.922 0.906 0.892 0.915 0.938 0.913 0.872 0.889 0.920 0.918 0.922 0.895 0.878 0.910 0.910 0.936 0.907 0.870 0.909 0.907 0.922 
0.894 0.936 0.914 0.904 0.919 0.927 0.920 0.945 0.922 0.880 0.888 0.904 0.934 0.926 0.912 0.935 0.924 0.918 0.923 0.922 0.940 0.895 0.898 0.893 0.962 0.927 0.953 0.939 0.903 0.904 0.892 0.944 0.911 0.937 0.906 0.919 0.899 0.898 0.918 0.939 0.959 0.893 0.925 0.900 0.902 0.926 0.908 0.939 0.928 0.942 0.901 0.907 0.917 0.921 0.900 0.902 0.918 0.949 0.896 0.909 
0.929 0.928 0.903 0.941 0.914 0.920 0.964 0.957 0.910 0.875 0.931 0.921 0.874 0.936 0.929 0.907 0.950 0.984 0.934 0.953 0.952 0.923 0.962 0.954 0.937 0.929 0.943 0.942 0.933 0.900 0.913 0.938 0.920 0.952 0.946 0.882 0.908 0.922 0.889 0.947 0.980 0.927 0.884 0.914 0.899 0.926 0.960 0.911 0.951 0.914 0.925 0.931 0.911 0.931 0.971 0.938 0.941 0.959 0.907 0.910 
0.930 0.901 0.925 0.941 0.901 0.918 0.936 0.915 0.943 0.966 0.914 0.940 0.900 0.929 0.924 0.941 0.931 0.909 0.929 0.951 0.920 0.942 0.940 0.903 0.946 0.921 0.950 0.897 0.918 0.928 0.955 0.902 0.968 0.965 0.917 0.946 0.908 0.931 0.940 0.926 0.925 0.924 0.905 0.952 0.915 0.930 0.921 0.931 0.931 0.931 0.921 0.929 0.907 0.910 0.949 0.935 0.938 0.896 0.912 0.911 
