0.193 0.179 0.168 0.164 0.197 0.182 0.172 0.211 0.194 0.156 0.176 0.137 0.179 0.185 0.164 0.157 0.200 0.139 0.151 0.155 0.189 0.191 0.181 0.172 0.179 0.154 0.127 0.179 0.155 0.162 0.209 0.193 0.188 0.184 0.167 0.166 0.163 0.183 0.172 0.146 0.193 0.179 0.195 0.183 0.167 0.133 0.164 0.146 0.162 0.153 0.159 0.191 0.192 0.191 0.163 0.145 0.176 0.177 0.198 0.204 
0.174 0.187 0.138 0.230 0.159 0.164 0.192 0.182 0.151 0.153 0.172 0.146 0.139 0.177 0.200 0.188 0.097 0.173 0.174 0.170 0.164 0.191 0.147 0.175 0.193 0.138 0.134 0.228 0.156 0.146 0.165 0.191 0.175 0.135 0.212 0.175 0.203 0.180 0.124 0.172 0.138 0.218 0.168 0.170 0.172 0.113 0.164 0.151 0.146 0.139 0.163 0.195 0.178 0.195 0.211 0.179 0.162 0.180 0.169 0.173 
0.231 0.172 0.198 0.163 0.157 0.191 0.206 0.193 0.142 0.172 0.174 0.180 0.128 0.159 0.139 0.156 0.152 0.160 0.163 0.142 0.138 0.166 0.193 0.181 0.137 0.162 0.118 0.184 0.187 0.184 0.189 0.189 0.187 0.209 0.176 0.190 0.178 0.191 0.167 0.199 0.109 0.178 0.186 0.206 0.228 0.154 0.173 0.172 0.191 0.150 0.163 0.207 0.182 0.204 0.178 0.146 0.136 0.158 0.244 0.185 
0.164 0.167 0.186 0.164 0.154 0.165 0.200 0.197 0.180 0.179 0.154 0.163 0.148 0.189 0.159 0.208 0.155 0.145 0.180 0.180 0.160 0.166 0.168 0.152 0.169 0.147 0.165 0.192 0.168 0.202 0.188 0.158 0.141 0.217 0.134 0.168 0.180 0.231 0.188 0.185 0.168 0.160 0.192 0.181 0.131 0.170 0.171 0.144 0.179 0.145 0.142 0.194 0.175 0.175 0.209 0.206 0.169 0.235 0.189 0.188 
0.204 0.207 0.189 0.184 0.208 0.180 0.182 0.214 0.207 0.190 0.154 0.176 0.230 0.192 0.182 0.154 0.160 0.158 0.154 0.205 0.186 0.231 0.199 0.197 0.176 0.188 0.196 0.197 0.185 0.211 0.173 0.193 0.170 0.163 0.165 0.177 0.195 0.205 0.241 0.193 0.160 0.179 0.153 0.145 0.178 0.176 0.157 0.116 0.180 0.116 0.142 0.171 0.179 0.188 0.177 0.191 0.174 0.197 0.219 0.163 
0.207 0.231 0.167 0.189 0.148 0.201 0.170 0.190 0.208 0.171 0.176 0.189 0.206 0.179 0.165 0.171 0.150 0.168 0.178 0.132 0.154 0.189 0.175 0.200 0.227 0.176 0.159 0.239 0.198 0.205 0.226 0.206 0.192 0.159 0.155 0.174 0.175 0.243 0.162 0.185 0.206 0.207 0.197 0.242 0.196 0.189 0.188 0.174 0.225 0.160 0.150 0.194 0.204 0.204 0.180 0.193 0.179 0.217 0.179 0.202 
0.176 0.205 0.159 0.189 0.173 0.184 0.193 0.192 0.177 0.188 0.143 0.164 0.217 0.209 0.222 0.211 0.164 0.142 0.166 0.194 0.134 0.162 0.198 0.185 0.202 0.192 0.176 0.207 0.209 0.214 0.195 0.195 0.183 0.194 0.191 0.179 0.187 0.196 0.179 0.124 0.168 0.166 0.180 0.191 0.171 0.163 0.163 0.123 0.230 0.149 0.158 0.234 0.207 0.183 0.163 0.141 0.147 0.181 0.181 0.184 
0.207 0.211 0.208 0.199 0.198 0.206 0.198 0.202 0.142 0.151 0.133 0.156 0.148 0.157 0.156 0.150 0.122 0.165 0.166 0.186 0.169 0.170 0.185 0.158 0.174 0.197 0.187 0.198 0.234 0.213 0.163 0.202 0.191 0.132 0.209 0.179 0.175 0.212 0.169 0.187 0.188 0.181 0.206 0.165 0.196 0.178 0.189 0.128 0.208 0.164 0.109 0.154 0.176 0.159 0.205 0.148 0.195 0.203 0.189 0.213 
0.203 0.184 0.171 0.205 0.169 0.180 0.164 0.224 0.182 0.220 0.166 0.149 0.204 0.191 0.159 0.179 0.134 0.156 0.192 0.166 0.159 0.304 0.187 0.277 0.179 0.198 0.250 0.257 0.162 0.371 0.242 0.211 0.250 0.240 0.295 0.257 0.184 0.241 0.162 0.179 0.175 0.202 0.204 0.170 0.218 0.165 0.186 0.138 0.171 0.139 0.176 0.221 0.298 0.167 0.170 0.180 0.161 0.175 0.206 0.165 
0.171 0.203 0.195 0.161 0.151 0.131 0.150 0.225 0.180 0.188 0.179 0.142 0.171 0.163 0.193 0.181 0.176 0.137 0.149 0.135 0.121 0.161 0.132 0.154 0.177 0.148 0.134 0.146 0.155 0.213 0.181 0.171 0.150 0.180 0.166 0.172 0.189 0.177 0.145 0.168 0.123 0.111 0.132 0.151 0.109 0.132 0.118 0.179 0.161 0.132 0.140 0.126 0.156 0.152 0.143 0.150 0.128 0.191 0.200 0.200 
0.176 0.143 0.158 0.172 0.159 0.177 0.205 0.170 0.207 0.150 0.131 0.142 0.142 0.143 0.173 0.145 0.103 0.131 0.097 0.116 0.102 0.110 0.155 0.119 0.209 0.148 0.148 0.209 0.134 0.210 0.156 0.156 0.179 0.132 0.193 0.144 0.179 0.184 0.166 0.157 0.091 0.148 0.097 0.135 0.133 0.131 0.137 0.112 0.183 0.129 0.138 0.138 0.136 0.139 0.173 0.156 0.150 0.158 0.172 0.128 
0.182 0.165 0.189 0.122 0.137 0.166 0.169 0.234 0.188 0.143 0.162 0.140 0.163 0.154 0.185 0.158 0.145 0.167 0.146 0.158 0.137 0.091 0.143 0.146 0.148 0.158 0.129 0.211 0.157 0.168 0.176 0.179 0.181 0.143 0.165 0.140 0.155 0.198 0.157 0.145 0.156 0.179 0.173 0.166 0.158 0.122 -0.030 0.215 0.132 0.127 0.148 0.126 0.215 0.133 0.124 0.171 0.152 0.141 0.175 0.150 
0.160 0.126 0.140 0.118 0.140 0.130 0.146 0.163 0.164 0.145 0.130 0.148 0.146 0.126 0.161 0.160 0.140 0.118 0.114 0.162 0.162 0.141 0.135 0.133 0.131 0.111 0.149 0.153 0.133 0.147 0.109 0.147 0.157 0.133 0.098 0.115 0.121 0.137 0.098 0.125 0.137 0.116 0.068 0.047 0.134 0.111 0.111 0.131 0.095 0.109 0.101 0.099 0.120 0.102 0.188 0.117 0.131 0.180 0.114 0.169 
0.090 0.106 0.180 0.098 0.123 0.126 0.159 0.116 0.112 0.097 0.080 0.078 0.110 0.084 0.099 0.099 0.105 0.109 0.105 0.104 0.080 0.137 0.090 0.068 0.112 0.075 0.097 0.091 0.119 0.093 0.092 0.091 0.081 0.064 0.085 0.073 0.069 0.083 0.085 0.086 0.060 0.094 0.089 0.069 0.061 0.038 0.070 0.490 0.351 0.349 0.354 0.370 0.379 0.470 0.590 0.544 0.567 0.554 0.547 0.551 
0.549 0.552 0.517 0.592 0.625 0.455 0.317 0.362 0.381 0.366 0.400 0.455 0.532 0.587 0.534 0.527 0.572 0.547 0.542 0.538 0.543 0.583 0.613 0.405 0.135 0.133 0.456 0.414 0.489 0.502 0.482 0.529 0.361 0.085 0.065 0.079 0.094 0.058 0.095 0.070 0.090 0.082 0.072 0.086 0.070 0.093 0.064 0.079 0.073 0.257 0.635 0.566 0.764 0.080 0.452 0.594 0.634 0.679 0.821 0.851 
0.736 0.761 0.896 0.938 0.930 0.910 0.881 0.879 0.878 0.823 0.854 0.689 0.643 0.686 0.673 0.693 0.683 0.566 0.420 0.071 0.109 0.415 0.460 0.514 0.608 0.758 0.666 0.399 0.365 0.780 0.761 0.620 0.537 0.493 0.592 0.645 0.630 0.651 0.624 0.369 0.641 0.720 0.106 0.106 0.228 0.076 0.132 0.193 0.166 0.153 0.155 0.157 0.209 0.185 0.196 0.171 0.145 0.202 0.253 0.163 
0.233 0.174 0.167 0.156 0.246 0.204 0.179 0.172 0.126 0.163 0.110 0.148 0.177 0.175 0.195 0.155 0.184 0.142 0.158 0.158 0.170 0.165 0.137 0.186 0.163 0.160 0.208 0.190 0.188 0.191 0.265 0.173 0.179 0.181 0.175 0.177 0.177 0.196 0.159 0.173 0.165 0.154 0.168 0.194 0.170 0.189 0.160 0.215 0.163 0.156 0.146 0.184 0.178 0.181 0.167 0.165 0.264 0.324 0.175 0.194 
0.170 0.197 0.233 0.181 0.192 0.157 0.228 0.163 0.185 0.184 0.155 0.164 0.161 0.144 0.178 0.155 0.207 0.164 0.146 0.184 0.136 0.175 0.138 0.137 0.154 0.169 0.192 0.195 0.171 0.180 0.125 0.148 0.159 0.127 0.178 0.171 0.166 0.194 0.169 0.150 0.116 0.139 0.149 0.125 0.120 -0.037 0.311 0.129 0.072 0.181 0.133 0.160 0.132 0.155 0.125 0.123 0.171 0.113 0.128 0.163 
0.144 0.156 0.109 0.146 0.139 0.140 0.169 0.153 0.138 0.165 0.105 0.142 0.123 0.154 0.139 0.118 0.147 0.161 0.142 0.108 0.100 0.124 0.115 0.102 0.122 0.146 0.131 0.121 0.127 0.099 0.169 0.070 0.149 0.117 0.099 0.103 0.080 0.111 0.096 0.050 0.113 0.111 0.122 0.118 0.105 0.099 0.124 0.100 0.101 0.079 0.108 0.077 0.099 0.108 0.497 0.480 0.508 0.192 0.102 0.126 
0.120 0.455 0.487 0.499 0.259 0.071 0.104 0.093 0.267 0.521 0.453 0.509 0.114 0.091 0.121 0.078 0.412 0.517 0.498 0.305 0.095 0.133 0.122 0.122 0.121 0.094 0.083 0.122 0.084 0.073 0.077 0.072 0.111 0.058 0.083 0.079 0.083 0.095 0.081 0.090 0.066 0.097 0.109 0.098 0.121 0.126 0.547 0.377 0.369 0.384 0.378 0.389 0.550 0.577 0.584 0.557 0.586 0.546 0.576 0.534 
0.523 0.573 0.555 0.576 0.608 0.646 0.408 0.393 0.331 0.362 0.377 0.451 0.567 0.587 0.561 0.619 0.562 0.579 0.560 0.576 0.554 0.562 0.567 0.588 0.581 0.579 0.610 0.206 0.170 0.325 0.404 0.424 0.446 0.484 0.498 0.540 0.512 0.485 0.483 0.286 0.050 0.081 0.051 0.091 0.074 0.046 0.094 0.049 0.237 0.602 0.524 0.813 0.106 0.349 0.608 0.657 0.705 0.783 0.840 0.925 
0.875 0.770 0.920 0.935 0.938 0.890 0.863 0.871 0.850 0.827 0.773 0.653 0.677 0.703 0.689 0.514 0.558 0.178 0.407 0.567 0.512 0.548 0.746 0.656 0.429 0.442 0.771 0.766 0.522 0.286 0.685 0.092 0.507 0.649 0.645 0.640 0.638 0.470 0.336 0.795 0.267 0.093 0.104 0.074 0.078 0.527 0.587 0.430 0.521 0.558 0.545 0.474 0.518 0.568 0.310 0.065 0.101 0.067 0.351 0.522 
0.594 0.590 0.611 0.618 0.589 0.597 0.598 0.598 0.606 0.598 0.597 0.604 0.598 0.610 0.596 0.596 0.577 0.592 0.581 0.602 0.603 0.605 0.604 0.597 0.595 0.096 0.072 0.101 0.230 0.558 0.588 0.579 0.608 0.618 0.611 0.608 0.596 0.609 0.598 0.602 0.598 0.603 0.594 0.588 0.589 0.613 0.592 0.577 0.604 0.626 0.629 0.614 0.610 0.614 0.605 0.619 0.616 0.625 0.623 0.592 
0.621 0.608 0.618 0.605 0.636 0.605 0.642 0.612 0.631 0.614 0.630 0.633 0.630 0.614 0.632 0.618 0.625 0.614 0.619 0.625 0.632 0.624 0.628 0.632 0.627 0.628 0.615 0.635 0.612 0.632 0.653 0.633 0.635 0.647 0.669 0.694 0.642 0.573 0.110 0.105 0.106 0.099 0.151 0.133 0.143 0.111 0.180 0.123 0.148 0.146 0.186 0.169 0.159 0.194 0.167 0.177 0.193 0.165 0.199 0.202 
