0.154 0.107 0.145 0.172 0.102 0.143 0.118 0.136 0.148 0.137 0.115 0.149 0.145 0.150 0.113 0.150 0.136 0.152 0.119 0.147 0.156 0.151 0.105 0.140 0.117 0.123 0.139 0.143 0.139 0.146 0.171 0.156 0.144 0.151 0.146 0.135 0.109 0.146 0.136 0.145 0.149 0.142 0.149 0.121 0.120 0.144 0.133 0.148 0.147 0.112 0.135 0.151 0.105 0.135 0.138 0.136 0.147 0.140 0.120 0.162 
0.131 0.139 0.131 0.142 0.111 0.149 0.172 0.146 0.147 0.143 0.106 0.144 0.140 0.142 0.130 0.162 0.149 0.134 0.118 0.142 0.149 0.118 0.111 0.146 0.129 0.147 0.138 0.109 0.144 0.149 0.148 0.101 0.140 0.148 0.139 0.140 0.148 0.115 0.147 0.123 0.131 0.139 0.122 0.143 0.155 0.120 0.142 0.154 0.118 0.147 0.135 0.143 0.147 0.112 0.144 0.133 0.142 0.150 0.114 0.127 
0.144 0.156 0.142 0.170 0.115 0.151 0.144 0.138 0.142 0.142 0.114 0.142 0.138 0.129 0.154 0.150 0.129 0.113 0.161 0.142 0.140 0.133 0.137 0.148 0.105 0.143 0.144 0.137 0.143 0.143 0.122 0.143 0.154 0.159 0.103 0.127 0.129 0.136 0.146 0.130 0.114 0.146 0.149 0.143 0.119 0.152 0.135 0.144 0.113 0.149 0.164 0.143 0.108 0.121 0.119 0.140 0.142 0.142 0.115 0.158 
0.151 0.135 0.150 0.128 0.114 0.117 0.145 0.146 0.140 0.155 0.110 0.119 0.154 0.160 0.156 0.123 0.148 0.154 0.155 0.135 0.143 0.157 0.138 0.116 0.131 0.157 0.166 0.159 0.132 0.172 0.161 0.157 0.117 0.156 0.148 0.139 0.143 0.104 0.167 0.135 0.151 0.110 0.156 0.152 0.158 0.118 0.141 0.134 0.126 0.152 0.120 0.154 0.142 0.145 0.107 0.153 0.140 0.141 0.150 0.164 
0.153 0.124 0.166 0.155 0.161 0.148 0.137 0.140 0.146 0.125 0.149 0.164 0.141 0.130 0.166 0.138 0.143 0.114 0.199 0.276 0.254 0.308 0.274 0.301 0.269 0.206 0.233 0.234 0.228 0.171 0.192 0.175 0.162 0.196 0.175 0.175 0.172 0.281 0.281 0.264 0.280 0.258 0.229 0.243 0.239 0.215 0.239 0.195 0.176 0.187 0.172 0.195 0.179 0.156 0.116 0.151 0.141 0.152 0.143 0.135 
0.110 0.144 0.159 0.156 0.117 0.139 0.147 0.153 0.129 0.147 0.148 0.157 0.155 0.124 0.149 0.147 0.157 0.115 0.132 0.150 0.124 0.149 0.146 0.144 0.142 0.150 0.122 0.134 0.157 0.152 0.153 0.111 0.150 0.163 0.143 0.152 0.119 0.103 0.155 0.150 0.127 0.150 0.149 0.151 0.127 0.154 0.142 0.148 0.150 0.107 0.162 0.143 0.136 0.161 0.146 0.121 0.137 0.115 0.152 0.150 
0.156 0.111 0.159 0.158 0.147 0.144 0.116 0.150 0.138 0.158 0.145 0.153 0.124 0.132 0.132 0.161 0.145 0.153 0.112 0.157 0.160 0.157 0.111 0.142 0.155 0.137 0.149 0.109 0.145 0.163 0.147 0.148 0.149 0.108 0.120 0.148 0.154 0.153 0.109 0.157 0.139 0.159 0.150 0.120 0.163 0.161 0.154 0.131 0.148 0.154 0.161 0.128 0.116 0.165 0.162 0.147 0.127 0.140 0.153 0.156 
0.146 0.155 0.122 0.129 0.155 0.157 0.133 0.142 0.127 0.157 0.156 0.126 0.148 0.160 0.153 0.124 0.153 0.152 0.157 0.153 0.163 0.119 0.145 0.143 0.118 0.154 0.139 0.131 0.162 0.166 0.126 0.143 0.156 0.154 0.153 0.154 0.114 0.153 0.150 0.151 0.153 0.110 0.150 0.141 0.158 0.158 0.118 0.119 0.150 0.168 0.165 0.164 0.130 0.115 0.156 0.149 0.145 0.118 0.143 0.170 
0.163 0.152 0.167 0.125 0.122 0.149 0.156 0.157 0.156 0.126 0.152 0.148 0.149 0.130 0.165 0.163 0.155 0.119 0.163 0.164 0.158 0.182 0.108 0.122 0.145 0.148 0.121 0.144 0.168 0.158 0.157 0.155 0.160 0.121 0.151 0.160 0.126 0.183 0.149 0.122 0.139 0.129 0.157 0.168 0.158 0.176 0.160 0.124 0.124 0.173 0.176 0.154 0.116 0.151 0.173 0.158 0.148 0.151 0.124 0.147 
0.116 0.161 0.130 0.145 0.154 0.153 0.159 0.287 0.155 0.168 0.159 0.145 0.156 0.118 0.159 0.153 0.119 0.114 0.303 0.232 0.213 0.216 0.179 0.196 0.219 0.192 0.191 0.192 0.190 0.202 0.194 0.166 0.194 0.178 0.192 0.189 0.188 0.171 0.197 0.173 0.184 0.197 0.191 0.224 0.248 0.206 0.173 0.199 0.214 0.221 0.237 0.238 0.168 0.194 0.205 0.192 0.181 0.204 0.210 0.187 
0.215 0.220 0.217 0.211 0.202 0.203 0.203 0.223 0.183 0.239 0.224 0.211 0.238 0.211 0.221 0.201 0.185 0.231 0.222 0.208 0.231 0.242 0.220 0.212 0.233 0.173 0.214 0.204 0.211 0.217 0.204 0.174 0.205 0.193 0.187 0.177 0.199 0.199 0.192 0.202 0.192 0.185 0.211 0.215 0.225 0.214 0.205 0.195 0.205 0.215 0.213 0.175 0.203 0.201 0.186 0.157 0.200 0.195 0.199 0.207 
0.163 0.197 0.216 0.228 0.203 0.197 0.215 0.171 0.201 0.207 0.212 0.207 0.212 0.200 0.181 0.178 0.200 0.202 0.215 0.219 0.213 0.183 0.195 0.180 0.189 0.197 0.201 0.170 0.192 0.192 0.181 0.173 0.198 0.194 0.201 0.155 0.158 0.188 0.205 0.184 0.183 0.185 0.205 0.196 0.221 0.199 0.187 0.175 0.198 0.223 0.226 0.193 0.205 0.171 0.170 0.172 0.184 0.188 0.183 0.167 
0.074 0.204 0.185 0.202 0.195 0.204 0.237 0.195 0.187 0.149 0.175 0.213 0.208 0.194 0.181 0.213 0.194 0.195 0.169 0.210 0.210 0.214 0.181 0.196 0.156 0.202 0.219 0.216 0.190 0.174 0.181 0.186 0.195 0.182 0.160 0.171 0.133 0.192 0.177 0.162 0.175 0.171 0.182 0.186 0.164 0.181 0.178 0.147 0.195 0.173 0.172 0.165 0.168 0.180 0.165 0.149 0.163 0.173 0.173 0.160 
0.151 0.163 0.162 0.163 0.163 0.176 0.180 0.178 0.200 0.177 0.136 0.171 0.163 0.155 0.155 0.166 0.149 0.181 0.184 0.173 0.149 0.163 0.165 0.164 0.156 0.153 0.155 0.161 0.159 0.158 0.151 0.160 0.152 0.165 0.160 0.160 0.170 0.171 0.157 0.138 0.155 0.134 0.166 0.158 0.172 0.149 0.157 0.160 0.156 0.166 0.164 0.172 0.159 0.160 0.155 0.151 0.161 0.148 0.156 0.150 
0.144 0.694 0.416 0.416 0.409 0.427 0.399 0.413 0.410 0.403 0.684 0.712 0.708 0.688 0.678 0.684 0.699 0.645 0.655 0.666 0.680 0.672 0.780 0.734 0.803 0.584 0.502 0.488 0.403 0.430 0.402 0.403 0.417 0.797 0.723 0.692 0.674 0.664 0.706 0.706 0.669 0.682 0.661 0.668 0.632 0.744 0.730 0.627 0.156 0.162 0.150 0.124 0.150 0.159 0.157 0.149 0.153 0.147 0.124 0.132 
0.151 0.158 0.151 0.151 0.158 0.121 0.161 0.170 0.161 0.174 0.165 0.172 0.193 0.182 0.185 0.163 0.154 0.154 0.162 0.189 0.155 0.168 0.150 0.195 0.689 0.348 0.149 0.111 0.126 0.159 0.116 0.153 0.150 0.152 0.126 0.144 0.130 0.112 0.126 0.157 0.117 0.119 0.144 0.153 0.128 0.146 0.120 0.111 0.153 0.158 0.126 0.122 0.149 0.154 0.158 0.144 0.162 0.150 0.156 0.121 
0.124 0.147 0.155 0.115 0.149 0.118 0.149 0.153 0.152 0.129 0.146 0.119 0.150 0.127 0.162 0.129 0.150 0.121 0.147 0.145 0.136 0.114 0.148 0.142 0.124 0.149 0.117 0.148 0.125 0.159 0.124 0.149 0.119 0.115 0.120 0.157 0.118 0.125 0.117 0.181 0.159 0.148 0.153 0.151 0.155 0.149 0.161 0.123 0.170 0.131 0.164 0.125 0.157 0.120 0.178 0.106 0.113 0.138 0.116 0.111 
0.144 0.143 0.113 0.139 0.119 0.114 0.107 0.113 0.108 0.119 0.108 0.146 0.112 0.118 0.144 0.147 0.111 0.143 0.141 0.160 0.109 0.144 0.109 0.114 0.114 0.113 0.140 0.115 0.144 0.152 0.149 0.147 0.110 0.145 0.147 0.115 0.143 0.115 0.111 0.136 0.128 0.141 0.116 0.107 0.124 0.139 0.117 0.141 0.112 0.155 0.143 0.147 0.147 0.140 0.150 0.143 0.148 0.116 0.145 0.151 
0.143 0.124 0.148 0.150 0.156 0.142 0.148 0.146 0.146 0.156 0.148 0.149 0.123 0.150 0.171 0.143 0.146 0.148 0.129 0.149 0.146 0.151 0.153 0.146 0.151 0.143 0.162 0.164 0.120 0.154 0.146 0.152 0.158 0.147 0.170 0.159 0.156 0.155 0.145 0.153 0.146 0.122 0.159 0.119 0.158 0.151 0.148 0.158 0.146 0.164 0.148 0.164 0.120 0.143 0.153 0.147 0.154 0.160 0.149 0.156 
0.146 0.167 0.153 0.133 0.166 0.148 0.155 0.153 0.137 0.161 0.162 0.165 0.170 0.156 0.169 0.148 0.155 0.115 0.159 0.166 0.156 0.158 0.149 0.136 0.136 0.154 0.155 0.114 0.168 0.155 0.156 0.158 0.151 0.154 0.158 0.157 0.153 0.150 0.155 0.128 0.131 0.151 0.159 0.145 0.157 0.157 0.152 0.126 0.163 0.171 0.166 0.157 0.159 0.167 0.173 0.142 0.166 0.161 0.165 0.169 
0.156 0.133 0.158 0.125 0.167 0.168 0.157 0.179 0.156 0.171 0.146 0.167 0.160 0.161 0.169 0.182 0.159 0.176 0.138 0.185 0.164 0.166 0.164 0.150 0.145 0.169 0.165 0.155 0.168 0.171 0.157 0.160 0.158 0.156 0.131 0.154 0.162 0.168 0.158 0.175 0.162 0.141 0.165 0.158 0.182 0.131 0.171 0.145 0.176 0.180 0.173 0.136 0.162 0.169 0.177 0.169 0.162 0.127 0.178 0.166 
0.159 0.170 0.160 0.160 0.169 0.132 0.144 0.166 0.165 0.159 0.144 0.168 0.168 0.182 0.186 0.190 0.148 0.137 0.186 0.185 0.169 0.165 0.165 0.156 0.167 0.172 0.163 0.165 0.176 0.144 0.165 0.159 0.166 0.171 0.168 0.169 0.161 0.147 0.158 0.181 0.179 0.170 0.189 0.160 0.166 0.170 0.166 0.171 0.137 0.189 0.171 0.169 0.175 0.130 0.141 0.174 0.164 0.164 0.174 0.180 
0.161 0.180 0.175 0.135 0.179 0.162 0.162 0.147 0.171 0.176 0.165 0.168 0.168 0.171 0.153 0.161 0.173 0.173 0.172 0.157 0.181 0.172 0.168 0.143 0.177 0.139 0.173 0.168 0.186 0.173 0.147 0.172 0.165 0.170 0.179 0.173 0.138 0.161 0.170 0.166 0.183 0.145 0.145 0.184 0.138 0.172 0.178 0.168 0.181 0.148 0.189 0.170 0.166 0.169 0.133 0.178 0.163 0.164 0.174 0.167 
0.143 0.135 0.174 0.158 0.174 0.177 0.171 0.175 0.143 0.178 0.194 0.170 0.185 0.150 0.181 0.172 0.175 0.146 0.143 0.159 0.179 0.178 0.169 0.158 0.169 0.181 0.174 0.165 0.174 0.139 0.170 0.173 0.161 0.173 0.183 0.143 0.175 0.173 0.171 0.158 0.165 0.143 0.179 0.191 0.189 0.142 0.173 0.166 0.180 0.188 0.164 0.170 0.159 0.175 0.174 0.176 0.169 0.138 0.151 0.164 
