0.151 0.122 0.105 0.127 0.137 0.107 0.136 0.122 0.091 0.088 0.113 0.135 0.111 0.130 0.135 0.123 0.132 0.120 0.121 0.146 0.140 0.149 0.127 0.115 0.112 0.155 0.090 0.130 0.161 0.128 0.133 0.114 0.140 0.124 0.114 0.127 0.107 0.154 0.134 0.111 0.158 0.114 0.140 0.120 0.098 0.128 0.156 0.102 0.143 0.124 0.136 0.106 0.144 0.167 0.135 0.131 0.111 0.107 0.104 0.125 
0.132 0.167 0.129 0.121 0.142 0.150 0.157 0.108 0.099 0.114 0.111 0.166 0.098 0.092 0.083 0.110 0.132 0.114 0.106 0.142 0.143 0.110 0.117 0.098 0.141 0.127 0.106 0.117 0.167 0.085 0.148 0.108 0.130 0.127 0.126 0.123 0.110 0.137 0.130 0.084 0.112 0.122 0.146 0.121 0.117 0.105 0.118 0.116 0.143 0.173 0.116 0.116 0.105 0.121 0.129 0.120 0.110 0.155 0.141 0.141 
0.123 0.104 0.114 0.127 0.223 0.190 0.130 0.109 0.152 0.121 0.133 0.112 0.107 0.092 0.116 0.135 0.151 0.163 0.150 0.160 0.128 0.158 0.194 0.125 0.111 0.150 0.142 0.109 0.114 0.118 0.114 0.152 0.100 0.142 0.146 0.146 0.148 0.085 0.108 0.140 0.110 0.124 0.095 0.116 0.128 0.083 0.101 0.113 0.084 0.129 0.109 0.078 0.116 0.121 0.103 0.108 0.073 0.105 0.115 0.105 
0.106 0.076 0.132 0.202 0.239 0.257 0.231 0.231 0.228 0.212 0.198 0.198 0.184 0.146 0.131 0.139 0.136 0.130 0.131 0.117 0.179 0.218 0.195 0.220 0.233 0.240 0.338 0.189 0.196 0.171 0.165 0.134 0.101 0.169 0.187 0.166 0.132 0.110 0.111 0.116 0.083 0.102 0.100 0.067 0.117 0.106 0.110 0.077 0.114 0.074 0.075 0.083 0.106 0.101 0.093 0.063 0.092 0.104 0.107 0.098 
0.142 0.114 0.126 0.101 0.098 0.107 0.124 0.122 0.112 0.111 0.082 0.118 0.112 0.084 0.100 0.098 0.079 0.096 0.108 0.091 0.099 0.097 0.082 0.099 0.059 0.101 0.100 0.091 0.098 0.101 0.113 0.077 0.130 0.098 0.135 0.113 0.105 0.069 0.092 0.100 0.125 0.118 0.141 0.107 0.119 0.109 0.091 0.105 0.063 0.099 0.088 0.107 0.105 0.100 0.094 0.078 0.092 0.114 0.078 0.078 
0.100 0.100 0.136 0.112 0.138 0.063 0.107 0.092 0.146 0.083 0.118 0.098 0.091 0.082 0.089 0.117 0.098 0.069 0.098 0.108 0.097 0.098 0.099 0.091 0.082 0.084 0.078 0.068 0.123 0.096 0.101 0.093 0.118 0.111 0.123 0.110 0.064 0.096 0.092 0.170 0.103 0.074 0.099 0.059 0.077 0.114 0.064 0.089 0.097 0.116 0.087 0.084 0.088 0.096 0.080 0.082 0.104 0.106 0.106 0.082 
0.094 0.062 0.110 0.067 0.129 0.108 0.109 0.130 0.113 0.115 0.095 0.133 0.090 0.089 0.086 0.081 0.079 0.077 0.096 -0.033 0.099 0.074 0.067 0.065 0.075 0.128 0.139 0.093 0.106 0.068 0.116 0.123 0.070 0.114 0.123 0.101 0.099 0.103 0.118 0.124 0.140 0.081 0.085 0.081 0.123 0.092 0.091 0.093 0.081 0.105 0.113 0.115 0.115 0.087 0.081 0.065 0.095 0.064 0.063 0.031 
0.070 0.055 0.088 0.070 0.064 0.067 0.079 0.040 0.074 0.060 0.060 0.068 0.089 0.070 0.088 0.058 0.066 0.069 0.067 0.047 0.079 0.070 0.064 0.055 0.059 0.063 0.061 0.075 0.036 0.077 0.053 0.073 0.054 0.052 0.044 0.057 0.046 0.072 0.046 0.055 0.093 0.068 0.059 0.053 0.064 0.056 0.066 0.039 0.064 0.064 0.068 0.060 0.050 0.053 0.058 0.079 0.059 0.064 0.052 0.055 
0.015 0.056 0.061 0.063 0.035 0.046 0.051 0.068 0.052 0.128 0.095 0.042 0.088 0.047 0.058 0.049 0.040 0.069 0.038 0.008 0.614 0.353 0.333 0.346 0.338 0.340 0.344 0.363 0.637 0.614 0.558 0.640 0.573 0.517 0.557 0.573 0.555 0.638 0.689 0.667 0.651 0.524 0.426 0.363 0.329 0.304 0.301 0.464 0.615 0.555 0.570 0.571 0.554 0.583 0.603 0.597 0.587 0.689 0.706 0.183 
0.041 0.067 0.035 0.046 0.028 0.039 0.056 0.039 0.042 0.041 0.051 0.007 0.030 0.032 0.033 0.040 0.045 0.034 0.041 0.031 0.012 0.044 0.031 0.039 0.039 0.016 0.041 0.013 0.053 0.069 0.070 0.009 0.002 0.012 0.001 0.040 0.045 0.040 0.058 0.038 0.058 0.050 0.052 0.029 0.036 0.098 0.565 0.425 0.267 0.036 0.037 0.041 0.072 0.054 0.005 0.052 0.011 0.038 0.004 0.002 
0.010 0.000 0.006 0.038 0.036 0.044 0.019 0.015 0.016 0.035 0.040 0.003 0.039 0.033 0.035 0.006 0.001 0.039 0.008 0.032 0.041 0.034 0.040 0.031 0.092 0.147 0.174 0.150 0.166 0.149 0.116 0.109 0.094 0.122 0.111 0.070 0.043 0.081 0.085 0.044 0.072 0.009 0.092 0.163 0.140 0.169 0.143 0.180 0.133 0.091 0.124 0.092 0.076 0.071 0.078 0.053 0.073 0.047 0.034 0.066 
0.008 0.011 0.054 0.047 0.034 0.003 0.044 0.039 0.013 0.044 0.049 0.004 0.037 0.001 0.037 0.005 0.049 0.014 0.017 0.042 0.029 0.017 0.043 0.015 0.013 0.025 0.051 0.056 0.047 0.019 0.019 0.027 0.022 0.013 0.010 0.013 0.046 0.044 0.055 0.050 0.033 0.054 0.019 0.016 0.055 0.044 0.026 0.022 0.052 0.015 0.019 0.037 0.054 0.023 0.028 0.018 0.019 0.048 0.052 0.022 
0.058 0.035 0.039 0.022 0.020 0.026 0.050 0.078 0.019 0.047 0.012 0.016 0.009 0.025 0.058 0.047 0.072 0.061 0.068 0.042 0.062 0.063 0.059 0.058 0.050 0.045 0.018 0.049 0.066 0.054 0.072 0.066 0.071 0.045 0.050 0.062 0.058 0.072 0.091 0.071 0.040 0.105 0.060 0.065 0.069 0.077 0.075 0.055 0.088 0.064 0.064 0.037 0.091 0.081 0.076 0.056 0.084 0.084 0.078 0.081 
0.093 0.091 0.079 0.076 0.073 0.074 0.044 0.111 0.120 0.122 0.090 0.068 0.086 0.064 0.082 0.067 0.074 0.105 0.075 0.087 0.089 0.085 0.077 0.072 0.079 0.094 0.073 0.091 0.090 0.104 0.100 0.125 0.097 0.091 0.113 0.092 0.103 0.081 0.075 0.134 0.097 0.139 0.116 0.110 0.113 0.091 0.101 0.092 0.099 0.062 0.075 0.078 0.096 0.096 0.106 0.109 0.132 0.095 0.090 0.097 
0.093 0.097 0.111 0.122 0.100 0.096 0.085 0.090 0.121 0.110 0.102 0.072 0.116 0.111 0.094 0.107 0.117 0.102 0.102 0.074 0.085 0.076 0.103 0.100 0.106 0.096 0.106 0.111 0.107 0.111 0.100 0.097 0.066 0.115 0.099 0.108 0.118 0.104 0.124 0.118 0.078 0.092 0.066 0.089 0.103 0.091 0.087 0.096 0.092 0.093 0.072 0.081 0.090 0.057 0.104 0.099 0.110 0.103 0.125 0.078 
0.058 0.107 0.100 0.123 0.105 0.130 0.081 0.118 0.109 0.114 0.112 0.109 0.117 0.095 0.115 0.106 0.092 0.075 0.127 0.092 0.079 0.102 0.096 0.082 0.122 0.156 0.082 0.099 0.111 0.089 0.110 0.113 0.108 0.115 0.104 0.120 0.103 0.127 0.095 0.078 0.153 0.092 0.095 0.090 0.124 0.088 0.135 0.075 0.125 0.120 0.107 0.152 0.113 0.089 0.102 0.099 0.098 0.094 0.110 0.117 
0.094 0.110 0.115 0.119 0.110 0.089 0.124 0.113 0.138 0.109 0.134 0.113 0.089 0.085 0.109 0.100 0.137 0.114 0.101 0.089 0.117 0.092 0.108 0.144 0.100 0.120 0.117 0.099 0.098 0.117 0.118 0.122 0.111 0.093 0.089 0.114 0.100 0.112 0.099 0.154 0.113 0.110 0.087 0.070 0.124 0.071 0.110 0.130 0.117 0.092 0.083 0.096 0.099 0.103 0.105 0.145 0.109 0.099 0.114 0.120 
0.106 0.112 0.149 0.124 0.127 0.103 0.109 0.101 0.106 0.116 0.116 0.115 0.116 0.150 0.121 0.096 0.072 0.142 0.082 0.114 0.107 0.103 0.082 0.109 0.110 0.101 0.102 0.113 0.114 0.105 0.070 0.109 0.124 0.104 0.129 0.070 0.086 0.109 0.080 0.081 0.107 0.079 0.091 0.084 0.083 0.095 0.091 0.100 0.078 0.090 0.071 0.094 0.114 0.082 0.084 0.097 0.098 0.130 0.086 0.093 
0.080 0.070 0.096 0.092 0.091 0.091 0.108 0.098 0.096 0.104 0.099 0.097 0.106 0.127 0.083 0.086 0.065 0.082 0.068 0.089 0.091 0.083 0.099 0.095 0.070 0.086 0.085 0.084 0.114 0.057 0.088 0.078 0.089 0.091 0.102 0.104 0.088 0.094 0.090 0.048 0.050 0.093 0.088 0.090 0.099 0.099 0.089 0.099 0.093 0.105 0.068 0.086 0.095 0.099 0.130 0.052 0.108 0.087 0.076 0.068 
0.083 0.088 0.087 0.093 0.073 0.086 0.092 0.112 0.058 0.097 0.076 0.106 0.088 0.087 0.075 0.071 0.072 0.065 0.077 0.073 0.046 0.065 0.063 0.067 0.076 0.077 0.068 0.080 0.071 0.072 0.111 0.106 0.066 0.094 0.088 0.076 0.075 0.100 0.080 0.086 0.054 0.053 0.084 0.088 0.086 0.086 0.090 0.098 0.101 0.074 0.087 0.087 0.050 0.070 0.124 0.085 0.088 0.093 0.086 0.080 
0.076 0.059 0.055 0.084 0.092 0.086 0.082 0.087 0.094 0.062 0.094 0.077 0.079 0.075 0.075 0.069 0.091 0.084 0.113 0.071 0.099 0.082 0.073 0.059 0.035 0.090 0.074 0.097 0.100 0.080 0.078 0.069 0.079 0.091 0.085 0.049 0.088 0.079 0.071 0.082 0.041 0.068 0.069 0.062 0.055 0.062 0.068 0.101 0.072 0.104 0.076 0.079 0.055 0.071 0.082 0.082 0.093 0.097 0.072 0.092 
0.066 0.067 0.072 0.032 0.050 0.059 0.071 0.077 0.079 0.088 0.081 0.065 0.071 0.093 0.083 0.099 0.076 0.072 0.070 0.065 0.071 0.098 0.065 0.048 0.095 0.045 0.095 0.097 0.040 0.092 0.066 0.065 0.093 0.074 0.072 0.091 0.084 0.087 0.081 0.037 0.107 0.073 0.087 0.072 0.078 0.064 0.043 0.088 0.069 0.068 0.086 0.063 0.077 0.071 0.071 0.060 0.039 0.061 0.051 0.055 
0.047 0.059 0.072 0.078 0.070 0.060 0.066 0.053 0.070 0.038 0.076 0.098 0.072 0.101 0.067 0.060 0.066 0.067 0.045 0.216 0.075 0.101 0.113 0.075 0.063 0.085 0.098 0.107 0.061 0.072 0.114 0.085 0.077 0.103 0.125 0.086 0.078 0.078 0.094 0.079 0.088 0.048 0.123 0.086 0.085 0.087 0.081 0.077 0.074 0.053 0.070 0.081 0.083 0.074 0.109 0.078 0.064 0.080 0.073 0.047 
0.103 0.104 0.128 0.075 0.067 0.095 0.081 0.099 0.114 0.086 0.076 0.079 0.092 0.081 0.136 0.126 0.058 0.081 0.065 0.121 0.107 0.123 0.116 0.097 0.077 0.072 0.069 0.048 0.089 0.098 0.091 0.152 0.081 0.057 0.132 0.140 0.087 0.094 0.071 0.065 0.069 0.068 0.085 0.083 0.068 0.074 0.080 0.160 0.114 0.104 0.124 0.107 0.088 0.083 0.061 0.081 0.106 0.086 0.110 0.089 
