0.111 0.099 0.143 0.161 0.142 0.120 0.150 0.129 0.149 0.137 0.103 0.149 0.148 0.132 0.091 0.104 0.118 0.124 0.125 0.123 0.135 0.147 0.106 0.114 0.110 0.135 0.129 0.181 0.096 0.144 0.135 0.085 0.142 0.143 0.127 0.150 0.124 0.150 0.133 0.108 0.135 0.126 0.129 0.159 0.165 0.138 0.105 0.089 0.147 0.117 0.145 0.156 0.135 0.128 0.110 0.122 0.134 0.132 0.145 0.096 
0.102 0.156 0.120 0.107 0.115 0.103 0.139 0.123 0.167 0.130 0.129 0.136 0.146 0.095 0.154 0.136 0.097 0.114 0.120 0.099 0.147 0.153 0.172 0.176 0.125 0.105 0.129 0.124 0.135 0.104 0.119 0.119 0.163 0.158 0.128 0.114 0.135 0.144 0.116 0.144 0.130 0.099 0.095 0.120 0.143 0.119 0.138 0.143 0.131 0.140 0.127 0.129 0.154 0.148 0.157 0.135 0.123 0.120 0.163 0.098 
0.138 0.169 0.136 0.141 0.122 0.147 0.132 0.122 0.135 0.115 0.162 0.141 0.119 0.165 0.121 0.148 0.127 0.106 0.135 0.164 0.110 0.151 0.132 0.144 0.113 0.151 0.175 0.143 0.139 0.119 0.115 0.112 0.133 0.140 0.175 0.136 0.128 0.150 0.158 0.165 0.116 0.106 0.122 0.119 0.173 0.106 0.100 0.091 0.117 0.140 0.121 0.113 0.150 0.150 0.118 0.124 0.106 0.149 0.135 0.113 
0.125 0.174 0.092 0.155 0.116 0.138 0.135 0.134 0.130 0.118 0.145 0.138 0.091 0.119 0.129 0.154 0.128 0.124 0.112 0.125 0.124 0.150 0.180 0.123 0.123 0.112 0.128 0.137 0.128 0.117 0.162 0.149 0.149 0.130 0.111 0.122 0.134 0.231 0.198 0.137 0.116 0.159 0.128 0.140 0.120 0.114 0.099 0.123 0.142 0.159 0.170 0.157 0.167 0.135 0.165 0.201 0.132 0.118 0.157 0.149 
0.116 0.121 0.125 0.121 0.159 0.107 0.149 0.153 0.153 0.155 0.092 0.115 0.147 0.117 0.131 0.102 0.123 0.135 0.091 0.108 0.120 0.091 0.136 0.116 0.085 0.123 0.128 0.110 0.115 0.080 0.112 0.122 0.112 0.113 0.083 0.139 0.209 0.246 0.264 0.238 0.238 0.235 0.219 0.205 0.205 0.191 0.153 0.138 0.146 0.143 0.137 0.138 0.124 0.186 0.225 0.201 0.227 0.240 0.246 0.344 
0.196 0.203 0.178 0.172 0.141 0.108 0.175 0.194 0.173 0.139 0.117 0.117 0.123 0.090 0.109 0.107 0.074 0.124 0.112 0.117 0.084 0.121 0.081 0.082 0.090 0.113 0.107 0.100 0.070 0.099 0.111 0.113 0.104 0.149 0.121 0.133 0.108 0.104 0.114 0.131 0.129 0.118 0.118 0.089 0.124 0.119 0.091 0.106 0.104 0.086 0.102 0.115 0.098 0.106 0.104 0.088 0.106 0.066 0.108 0.107 
0.098 0.105 0.108 0.120 0.084 0.137 0.105 0.141 0.120 0.112 0.076 0.099 0.106 0.132 0.124 0.148 0.113 0.126 0.115 0.098 0.111 0.070 0.105 0.094 0.113 0.112 0.106 0.100 0.084 0.098 0.120 0.084 0.084 0.106 0.106 0.142 0.118 0.144 0.069 0.113 0.099 0.152 0.089 0.124 0.104 0.097 0.088 0.095 0.123 0.104 0.075 0.104 0.114 0.103 0.104 0.105 0.097 0.089 0.091 0.084 
0.075 0.129 0.103 0.107 0.099 0.124 0.117 0.130 0.117 0.070 0.102 0.099 0.176 0.110 0.080 0.105 0.065 0.083 0.120 0.070 0.095 0.103 0.122 0.093 0.090 0.094 0.102 0.086 0.088 0.110 0.112 0.112 0.088 0.100 0.068 0.116 0.073 0.135 0.114 0.115 0.136 0.119 0.121 0.101 0.139 0.096 0.095 0.092 0.087 0.085 0.083 0.102 -0.027 0.105 0.080 0.073 0.071 0.081 0.134 0.145 
0.099 0.112 0.074 0.122 0.129 0.076 0.120 0.129 0.107 0.105 0.109 0.123 0.130 0.146 0.087 0.091 0.087 0.128 0.097 0.096 0.098 0.087 0.110 0.119 0.120 0.121 0.093 0.087 0.071 0.101 0.070 0.069 0.037 0.076 0.061 0.094 0.076 0.070 0.072 0.085 0.046 0.080 0.065 0.066 0.073 0.095 0.075 0.094 0.064 0.072 0.075 0.072 0.053 0.085 0.076 0.070 0.061 0.065 0.069 0.067 
0.081 0.042 0.083 0.058 0.079 0.059 0.057 0.050 0.063 0.052 0.078 0.051 0.060 0.098 0.074 0.064 0.059 0.069 0.061 0.072 0.044 0.069 0.069 0.073 0.066 0.055 0.058 0.063 0.084 0.064 0.069 0.057 0.060 0.020 0.061 0.067 0.069 0.040 0.051 0.056 0.074 0.057 0.133 0.101 0.047 0.094 0.053 0.064 0.054 0.045 0.074 0.043 0.013 0.619 0.358 0.338 0.351 0.343 0.345 0.349 
0.368 0.642 0.619 0.563 0.645 0.578 0.523 0.562 0.578 0.560 0.643 0.694 0.672 0.656 0.529 0.431 0.368 0.334 0.309 0.306 0.469 0.620 0.561 0.575 0.576 0.559 0.589 0.608 0.603 0.592 0.694 0.711 0.188 0.046 0.072 0.040 0.051 0.034 0.045 0.061 0.044 0.047 0.046 0.056 0.012 0.035 0.037 0.038 0.045 0.050 0.039 0.046 0.036 0.017 0.049 0.036 0.044 0.044 0.021 0.046 
0.018 0.058 0.074 0.075 0.014 0.007 0.017 0.006 0.045 0.050 0.045 0.063 0.043 0.063 0.055 0.057 0.034 0.041 0.102 0.570 0.430 0.271 0.041 0.042 0.046 0.077 0.059 0.010 0.057 0.016 0.042 0.009 0.007 0.014 0.005 0.010 0.042 0.041 0.049 0.024 0.019 0.020 0.040 0.045 0.007 0.044 0.038 0.040 0.011 0.006 0.043 0.013 0.036 0.045 0.039 0.044 0.036 0.097 0.151 0.178 
0.154 0.171 0.154 0.121 0.113 0.099 0.127 0.116 0.075 0.048 0.086 0.089 0.049 0.077 0.013 0.097 0.167 0.145 0.173 0.148 0.185 0.138 0.095 0.128 0.097 0.081 0.076 0.082 0.058 0.078 0.051 0.038 0.070 0.013 0.015 0.058 0.051 0.039 0.008 0.048 0.043 0.018 0.048 0.053 0.008 0.041 0.005 0.041 0.010 0.053 0.018 0.021 0.047 0.034 0.022 0.047 0.019 0.017 0.030 0.056 
0.060 0.051 0.023 0.023 0.031 0.026 0.018 0.014 0.017 0.050 0.049 0.060 0.054 0.037 0.058 0.023 0.020 0.059 0.048 0.030 0.026 0.056 0.019 0.024 0.041 0.058 0.027 0.032 0.022 0.023 0.052 0.056 0.026 0.062 0.039 0.043 0.026 0.024 0.030 0.054 0.082 0.023 0.051 0.016 0.020 0.013 0.029 0.062 0.051 0.076 0.065 0.072 0.046 0.066 0.067 0.063 0.062 0.054 0.049 0.022 
0.053 0.069 0.057 0.075 0.069 0.075 0.049 0.054 0.066 0.062 0.076 0.095 0.075 0.044 0.109 0.064 0.069 0.073 0.081 0.079 0.059 0.092 0.068 0.068 0.041 0.095 0.085 0.080 0.059 0.088 0.088 0.082 0.085 0.097 0.095 0.083 0.080 0.077 0.078 0.048 0.114 0.124 0.125 0.094 0.072 0.090 0.067 0.086 0.071 0.077 0.109 0.078 0.090 0.093 0.088 0.081 0.075 0.083 0.097 0.077 
0.094 0.094 0.108 0.103 0.129 0.101 0.094 0.117 0.095 0.107 0.084 0.078 0.138 0.101 0.143 0.120 0.114 0.117 0.095 0.105 0.095 0.103 0.065 0.078 0.082 0.099 0.099 0.109 0.112 0.136 0.099 0.094 0.100 0.096 0.100 0.114 0.126 0.104 0.100 0.089 0.094 0.125 0.113 0.106 0.075 0.120 0.114 0.098 0.110 0.120 0.106 0.105 0.078 0.089 0.079 0.106 0.103 0.109 0.100 0.110 
0.114 0.110 0.114 0.104 0.100 0.069 0.118 0.103 0.111 0.121 0.108 0.127 0.121 0.082 0.096 0.069 0.092 0.106 0.094 0.090 0.099 0.095 0.096 0.075 0.084 0.093 0.060 0.107 0.102 0.114 0.106 0.128 0.081 0.061 0.110 0.103 0.126 0.108 0.133 0.084 0.121 0.112 0.118 0.115 0.112 0.120 0.098 0.118 0.109 0.095 0.078 0.130 0.095 0.082 0.105 0.099 0.085 0.125 0.159 0.085 
0.102 0.114 0.092 0.113 0.116 0.111 0.118 0.107 0.123 0.106 0.130 0.098 0.080 0.155 0.094 0.098 0.093 0.126 0.091 0.137 0.077 0.128 0.122 0.110 0.155 0.116 0.092 0.105 0.102 0.101 0.097 0.112 0.120 0.097 0.113 0.118 0.121 0.113 0.092 0.127 0.116 0.141 0.111 0.137 0.116 0.092 0.087 0.112 0.103 0.140 0.117 0.104 0.092 0.120 0.095 0.111 0.147 0.102 0.123 0.120 
0.102 0.101 0.119 0.120 0.124 0.114 0.096 0.092 0.117 0.103 0.114 0.101 0.157 0.116 0.113 0.090 0.073 0.126 0.073 0.112 0.132 0.120 0.094 0.086 0.099 0.102 0.106 0.108 0.147 0.112 0.101 0.116 0.122 0.108 0.115 0.151 0.127 0.129 0.105 0.111 0.103 0.108 0.118 0.119 0.117 0.119 0.153 0.124 0.099 0.075 0.144 0.085 0.117 0.110 0.105 0.085 0.111 0.113 0.103 0.104 
0.115 0.117 0.107 0.072 0.111 0.126 0.106 0.131 0.072 0.088 0.112 0.083 0.084 0.110 0.081 0.093 0.086 0.085 0.097 0.093 0.102 0.080 0.092 0.073 0.096 0.116 0.084 0.087 0.099 0.100 0.132 0.088 0.095 0.082 0.072 0.099 0.094 0.094 0.093 0.111 0.100 0.098 0.106 0.101 0.100 0.109 0.129 0.086 0.089 0.067 0.084 0.070 0.091 0.093 0.085 0.101 0.097 0.072 0.088 0.087 
0.086 0.116 0.059 0.090 0.080 0.091 0.093 0.104 0.106 0.090 0.096 0.092 0.050 0.052 0.095 0.090 0.092 0.101 0.101 0.091 0.101 0.095 0.107 0.070 0.088 0.097 0.101 0.132 0.054 0.110 0.089 0.078 0.070 0.085 0.090 0.089 0.095 0.075 0.088 0.094 0.113 0.060 0.099 0.077 0.107 0.090 0.089 0.077 0.073 0.073 0.067 0.079 0.074 0.047 0.067 0.065 0.068 0.078 0.078 0.070 
0.081 0.073 0.074 0.112 0.107 0.068 0.096 0.089 0.077 0.077 0.102 0.082 0.087 0.056 0.055 0.085 0.089 0.087 0.087 0.091 0.100 0.102 0.076 0.089 0.089 0.051 0.072 0.126 0.086 0.090 0.094 0.087 0.081 0.078 0.060 0.056 0.085 0.094 0.087 0.083 0.088 0.095 0.064 0.095 0.079 0.080 0.076 0.077 0.070 0.093 0.086 0.114 0.072 0.100 0.084 0.074 0.060 0.037 0.091 0.075 
0.099 0.102 0.081 0.080 0.070 0.080 0.092 0.087 0.050 0.090 0.081 0.073 0.083 0.042 0.070 0.071 0.063 0.056 0.064 0.069 0.102 0.073 0.106 0.077 0.080 0.056 0.073 0.083 0.083 0.095 0.098 0.073 0.093 0.067 0.068 0.073 0.033 0.052 0.060 0.073 0.078 0.080 0.089 0.082 0.066 0.072 0.094 0.084 0.100 0.078 0.073 0.071 0.066 0.072 0.099 0.066 0.049 0.096 0.046 0.097 
0.098 0.041 0.093 0.067 0.066 0.094 0.075 0.073 0.092 0.085 0.088 0.082 0.038 0.108 0.074 0.088 0.073 0.079 0.065 0.044 0.089 0.070 0.069 0.087 0.064 0.078 0.072 0.072 0.061 0.040 0.062 0.052 0.056 0.048 0.060 0.073 0.079 0.071 0.060 0.067 0.054 0.071 0.039 0.077 0.099 0.073 0.102 0.068 0.061 0.066 0.068 0.045 0.217 0.076 0.102 0.114 0.076 0.064 0.086 0.099 
