0.124 0.078 0.052 0.055 0.040 0.046 0.033 0.016 0.024 0.031 0.047 0.046 0.052 0.021 0.063 0.056 0.010 0.047 0.047 0.051 0.035 0.054 0.035 0.039 0.044 0.015 0.055 0.037 0.027 0.046 0.042 0.063 0.023 0.045 0.038 0.011 0.077 0.058 0.068 0.017 0.067 0.043 0.030 0.028 0.002 0.047 0.042 0.043 0.026 0.023 0.020 0.050 0.025 0.043 0.051 0.036 0.037 0.051 0.056 0.016 
0.050 0.047 0.063 0.039 0.058 0.069 0.045 0.069 0.042 0.063 0.006 0.062 0.026 0.040 0.061 0.014 0.051 0.034 0.053 0.011 0.064 0.053 0.029 0.063 0.049 0.049 0.015 0.067 0.045 0.049 0.044 0.018 0.055 0.057 0.042 0.038 0.039 0.026 0.044 0.006 0.047 0.048 0.057 0.016 0.051 0.040 0.045 0.059 0.017 0.069 0.039 0.019 0.029 0.060 0.050 0.057 0.024 0.047 0.034 0.053 
0.049 0.035 0.041 0.042 0.052 0.049 0.002 0.065 0.050 0.033 0.025 0.023 0.019 0.055 0.066 0.057 0.010 0.050 0.007 0.056 0.049 0.050 0.075 0.093 0.058 0.045 0.054 0.044 0.025 0.046 0.024 0.082 0.001 0.051 0.063 0.058 0.017 0.047 0.045 0.053 0.034 0.018 0.035 0.038 0.035 0.028 0.020 -0.004 0.045 0.030 0.039 0.033 0.051 0.058 0.005 0.058 0.038 0.042 0.084 0.033 
0.050 0.041 0.029 0.037 0.040 0.072 0.032 0.058 0.035 0.053 0.050 0.056 0.047 0.041 0.078 0.191 0.117 0.111 0.123 0.129 0.090 0.110 0.134 0.124 0.096 0.078 0.092 0.160 0.132 0.133 0.131 0.120 0.130 0.138 0.125 0.085 0.123 0.128 0.129 0.140 0.136 0.097 0.088 0.137 0.134 0.130 0.132 0.095 0.123 0.092 0.079 0.103 0.102 0.100 0.090 0.111 0.093 0.100 0.128 0.077 
0.148 0.106 0.134 0.112 0.085 0.071 0.098 0.120 0.148 0.073 0.117 0.100 0.104 0.106 0.111 0.091 0.136 0.106 0.087 0.092 0.080 0.060 0.077 0.078 0.094 0.080 0.099 0.108 0.070 0.128 0.094 0.124 0.082 0.082 0.064 0.101 0.101 0.110 0.079 0.078 0.069 0.063 0.080 0.078 0.075 0.085 0.061 0.076 0.074 0.066 0.075 0.079 0.105 0.109 0.082 0.059 0.098 0.133 0.077 0.115 
0.247 0.088 0.097 0.082 0.080 0.050 0.093 0.140 0.089 0.097 0.091 0.091 0.066 0.078 0.075 0.062 0.094 0.117 0.065 0.103 0.106 0.087 0.053 0.101 0.102 0.054 0.105 0.104 0.080 0.065 0.106 0.096 0.122 0.071 0.078 0.103 0.106 0.089 0.089 0.119 0.111 0.132 0.071 0.132 0.164 0.126 0.083 0.049 0.081 0.078 0.080 0.071 0.084 0.088 0.063 0.077 0.091 0.082 0.066 0.092 
0.129 0.077 0.097 0.073 0.079 0.099 0.072 0.091 0.062 0.070 0.039 0.082 0.095 0.084 0.085 0.047 0.067 0.068 0.064 0.073 0.059 0.074 0.074 0.080 0.076 0.086 0.077 0.094 0.043 0.102 0.045 0.063 0.080 0.073 0.098 0.080 0.119 0.115 0.070 0.094 0.078 0.072 0.110 0.062 0.109 0.122 0.077 0.075 0.115 0.090 0.100 0.046 0.082 0.051 0.071 0.106 0.131 0.098 0.077 0.078 
0.070 0.046 0.090 0.099 0.072 0.089 0.086 0.088 0.106 0.098 0.080 0.074 0.104 0.111 0.090 0.132 0.075 0.071 0.047 0.087 0.087 0.085 0.098 0.074 0.073 0.069 0.094 0.078 0.069 0.112 0.054 0.054 0.060 0.078 0.092 0.121 0.102 0.098 0.135 0.100 0.094 0.094 0.107 0.111 0.098 0.083 0.082 0.056 0.083 0.086 0.083 0.054 0.058 -0.049 0.065 0.068 0.065 0.071 0.087 0.068 
0.069 0.068 0.067 0.086 0.078 0.084 0.104 0.082 0.077 0.065 0.085 0.061 0.069 0.052 0.089 0.081 0.078 0.056 0.065 0.077 0.069 0.068 0.041 0.079 0.073 0.074 0.071 0.075 0.063 0.052 0.059 0.049 0.034 0.036 0.030 0.059 0.051 0.059 0.056 0.050 0.038 0.045 0.062 0.043 0.064 0.039 0.047 0.049 0.053 0.054 0.058 0.035 0.039 0.037 0.049 0.018 0.016 0.045 0.057 0.052 
0.046 0.051 0.054 0.043 0.059 0.049 0.050 0.057 0.050 0.054 0.042 0.036 0.035 0.079 0.043 0.039 0.028 0.020 0.046 0.004 0.060 0.037 0.056 0.055 0.043 0.065 0.050 0.070 0.054 0.046 0.051 0.031 0.047 0.042 0.034 0.044 0.035 0.031 0.035 -0.004 0.020 -0.009 0.026 0.025 0.021 0.027 0.024 -0.007 0.020 0.022 0.031 0.023 0.032 0.024 0.591 0.352 0.343 0.353 0.323 0.339 
0.343 0.347 0.659 0.586 0.582 0.559 0.576 0.554 0.519 0.589 0.691 0.706 0.534 0.477 0.392 0.340 0.309 0.303 0.343 0.605 0.587 0.582 0.629 0.588 0.558 0.511 0.610 0.675 0.550 0.028 0.031 0.034 0.025 0.028 0.019 0.001 0.031 0.023 0.035 0.006 -0.005 0.033 0.046 0.036 0.030 0.032 0.055 0.041 0.015 0.031 0.034 0.030 0.027 0.038 0.034 0.027 0.045 0.028 -0.006 -0.000 
0.015 0.007 0.036 0.034 -0.006 0.004 0.038 0.032 0.031 -0.003 0.048 0.022 0.035 0.002 0.018 0.000 0.059 0.136 0.154 0.146 0.156 0.108 0.113 0.110 0.317 0.456 0.345 0.222 0.048 0.125 0.143 0.138 0.154 0.111 0.108 0.112 0.060 0.062 0.056 0.067 0.042 0.036 0.044 0.008 0.015 0.002 0.032 0.024 0.030 0.012 0.031 -0.010 0.024 0.005 0.006 0.018 0.161 0.614 0.511 0.030 
0.029 -0.003 -0.007 0.020 0.020 0.025 0.031 0.023 0.027 0.023 0.017 0.020 0.037 -0.002 0.019 0.018 0.018 0.022 0.024 0.020 0.031 0.026 0.022 0.018 0.016 0.018 0.020 0.021 0.001 0.060 0.025 -0.004 -0.013 -0.012 -0.002 -0.005 0.012 0.023 0.026 0.039 -0.002 0.055 0.042 0.049 0.004 0.026 0.062 0.036 0.001 0.030 -0.008 0.003 -0.015 0.026 0.025 0.029 0.020 0.048 0.029 -0.000 
0.010 0.004 0.007 0.009 0.039 0.026 0.042 0.009 0.007 0.014 -0.006 0.034 0.037 0.032 0.081 0.021 0.008 0.035 0.016 0.000 -0.000 0.042 0.038 0.027 0.050 0.006 0.007 0.044 0.007 0.048 0.002 0.009 0.012 0.003 0.043 0.054 0.070 0.029 0.029 0.024 0.059 0.030 0.067 0.015 0.049 0.064 0.055 0.045 0.056 0.057 0.023 0.055 0.019 0.027 0.080 0.044 0.068 0.084 0.064 0.092 
0.044 0.046 0.070 0.088 0.053 0.093 0.144 0.106 0.057 0.083 0.088 0.127 0.100 0.107 0.099 0.077 0.067 0.065 0.097 0.074 0.105 0.079 0.105 0.077 0.082 0.091 0.092 0.068 0.073 0.080 0.065 0.068 0.088 0.085 0.111 0.058 0.109 0.096 0.086 0.098 0.090 0.114 0.100 0.116 0.083 0.084 0.090 0.056 0.111 0.093 0.069 0.121 0.111 0.112 0.109 0.129 0.139 0.101 0.099 0.113 
0.102 0.098 0.095 0.092 0.057 0.125 0.166 0.144 0.130 0.079 0.132 0.102 0.125 0.108 0.101 0.138 0.105 0.104 0.123 0.108 0.095 0.134 0.126 0.120 0.085 0.108 0.106 0.114 0.121 0.086 0.107 0.104 0.111 0.101 0.078 0.126 0.095 0.124 0.092 0.069 0.140 0.205 0.147 0.116 0.118 0.112 0.096 0.107 0.104 0.137 0.097 0.105 0.104 0.187 0.089 0.081 0.118 0.096 0.079 0.100 
0.112 0.090 0.109 0.120 0.074 0.116 0.134 0.171 0.153 0.068 0.079 0.107 0.160 0.094 0.077 0.115 0.099 0.107 0.113 0.104 0.071 0.091 0.148 0.078 0.072 0.106 0.132 0.113 0.133 0.087 0.066 0.094 0.110 0.136 0.092 0.098 0.097 0.129 0.057 0.129 0.122 0.106 0.120 0.110 0.073 0.095 0.098 0.119 0.092 0.096 0.123 0.110 0.125 0.091 0.097 0.063 0.122 0.109 0.145 0.128 
0.108 0.122 0.113 0.110 0.116 0.136 0.107 0.119 0.076 0.106 0.111 0.164 0.098 0.108 0.088 0.101 0.070 0.122 0.094 0.132 0.071 0.150 0.087 0.077 0.126 0.107 0.098 0.087 0.126 0.098 0.067 0.108 0.111 0.115 0.094 0.108 0.140 0.109 0.102 0.110 0.078 0.074 0.153 0.062 0.103 0.113 0.076 0.105 0.115 0.088 0.127 0.105 0.101 0.063 0.119 0.111 0.110 0.124 0.096 0.100 
0.125 0.108 0.088 0.118 0.102 0.078 0.121 0.119 0.051 0.088 0.095 0.136 0.114 0.141 0.064 0.080 0.089 0.083 0.119 0.089 0.118 0.125 0.141 0.074 0.092 0.117 0.116 0.100 0.083 0.085 0.120 0.088 0.088 0.083 0.140 0.112 0.141 0.146 0.102 0.112 0.117 0.113 0.138 0.082 0.070 0.093 0.089 0.103 0.119 0.072 0.119 0.117 0.118 0.089 0.098 0.100 0.071 0.128 0.119 0.121 
0.084 0.079 0.067 0.096 0.099 0.117 0.111 0.114 0.126 0.123 0.119 0.083 0.126 0.122 0.132 0.125 0.110 0.108 0.088 0.090 0.077 0.125 0.122 0.082 0.077 0.076 0.092 0.111 0.097 0.143 0.077 0.079 0.090 0.091 0.095 0.119 0.091 0.119 0.120 0.100 0.085 0.088 0.111 0.097 0.111 0.101 0.095 0.091 0.109 0.103 0.057 0.121 0.123 0.083 0.094 0.087 0.091 0.084 0.091 0.069 
0.096 0.079 0.105 0.093 0.084 0.123 0.107 0.087 0.091 0.125 0.109 0.099 0.078 0.145 0.110 0.063 0.089 0.114 0.110 0.081 0.112 0.109 0.114 0.091 0.094 0.092 0.108 0.080 0.061 0.094 0.095 0.091 0.082 0.066 0.119 0.111 0.115 0.075 0.095 0.049 0.089 0.109 0.136 0.063 0.089 0.079 0.097 0.082 0.102 0.107 0.043 0.137 0.087 0.087 0.055 0.068 0.098 0.099 0.105 0.119 
0.095 0.065 0.120 0.126 0.128 0.094 0.101 0.069 0.137 0.083 0.115 0.116 0.095 0.125 0.115 0.108 0.076 0.104 0.093 0.137 0.097 0.105 0.098 0.100 0.114 0.098 0.118 0.058 0.149 0.068 0.077 0.124 0.103 0.108 0.102 0.106 0.090 0.088 0.102 0.108 0.075 0.107 0.098 0.122 0.065 0.089 0.080 0.092 0.084 0.082 0.051 0.123 0.132 0.111 0.112 0.118 0.086 0.099 0.115 0.128 
0.069 0.109 0.099 0.059 0.120 0.137 0.096 0.115 0.092 0.048 0.101 0.092 0.090 0.123 0.105 0.093 0.078 0.091 0.106 0.099 0.098 0.096 0.114 0.044 0.038 0.099 0.091 0.118 0.079 0.125 0.096 0.067 0.062 0.114 0.101 0.111 0.090 0.131 0.127 0.120 0.118 0.113 0.138 0.093 0.059 0.053 0.094 0.087 0.085 0.100 0.063 0.130 0.097 0.084 0.106 0.073 0.063 0.067 0.107 0.067 
0.092 0.097 0.138 0.082 0.096 0.066 0.115 0.095 0.117 0.061 0.090 0.110 0.111 0.083 0.053 0.066 0.114 0.100 0.120 0.102 0.072 0.087 0.144 0.113 0.084 0.116 0.095 0.105 0.114 0.108 0.050 0.077 0.118 0.081 0.066 0.085 0.109 0.120 0.094 0.074 0.101 0.088 0.080 0.134 0.109 0.098 0.073 0.089 0.157 0.137 0.108 0.113 0.067 0.114 0.099 0.133 0.072 0.098 0.120 0.091 
