0.178 0.234 0.208 0.212 0.198 0.184 0.229 0.261 0.211 0.221 0.169 0.224 0.209 0.246 0.191 0.234 0.195 0.208 0.195 0.173 0.210 0.227 0.166 0.265 0.209 0.192 0.173 0.219 0.222 0.233 0.287 0.194 0.180 0.214 0.179 0.183 0.174 0.172 0.148 0.176 0.220 0.188 0.225 0.223 0.146 0.170 0.175 0.167 0.192 0.156 0.191 0.218 0.220 0.191 0.206 0.229 0.168 0.187 0.196 0.225 
0.271 0.212 0.207 0.159 0.181 0.193 0.199 0.219 0.187 0.262 0.208 0.180 0.218 0.229 0.193 0.210 0.205 0.220 0.170 0.207 0.207 0.250 0.214 0.237 0.191 0.222 0.199 0.226 0.253 0.258 0.183 0.260 0.217 0.181 0.170 0.239 0.217 0.214 0.367 0.314 0.285 0.295 0.293 0.288 0.281 0.268 0.243 0.265 0.290 0.248 0.265 0.273 0.300 0.295 0.282 0.283 0.244 0.286 0.250 0.308 
0.253 0.310 0.191 0.201 0.208 0.236 0.205 0.201 0.173 0.204 0.209 0.294 0.347 0.296 0.345 0.367 0.370 0.315 0.259 0.276 0.281 0.310 0.249 0.239 0.204 0.212 0.205 0.267 0.272 0.318 0.304 0.330 0.302 0.317 0.313 0.305 0.277 0.227 0.243 0.246 0.272 0.205 0.259 0.250 0.194 0.198 0.228 0.204 0.159 0.158 0.193 0.175 0.196 0.184 0.206 0.218 0.135 0.203 0.171 0.216 
0.219 0.234 0.153 0.145 0.195 0.193 0.171 0.231 0.146 0.186 0.188 0.194 0.241 0.195 0.196 0.186 0.184 0.223 0.214 0.182 0.217 0.192 0.231 0.214 0.206 0.185 0.229 0.210 0.193 0.238 0.255 0.207 0.221 0.177 0.179 0.201 0.215 0.182 0.182 0.200 0.198 0.183 0.232 0.232 0.175 0.189 0.209 0.156 0.229 0.155 0.187 0.174 0.211 0.209 0.223 0.210 0.166 0.222 0.212 0.184 
0.236 0.180 0.250 0.194 0.175 0.214 0.189 0.215 0.190 0.225 0.242 0.187 0.350 0.181 0.201 0.188 0.206 0.166 0.124 0.206 0.198 0.245 0.255 0.172 0.185 0.243 0.222 0.244 0.195 0.194 0.230 0.251 0.211 0.153 0.200 0.187 0.199 0.180 0.159 0.194 0.195 0.181 0.181 0.184 0.189 0.194 0.212 0.215 0.184 0.182 0.176 0.245 0.197 0.228 0.174 0.247 0.216 0.246 0.164 0.159 
0.240 0.220 0.205 0.215 0.222 0.197 0.232 0.140 0.236 0.193 0.276 0.194 0.236 0.236 0.191 0.198 0.241 0.180 0.206 0.175 0.208 0.205 0.180 0.246 0.163 0.223 0.176 0.212 0.231 0.189 0.227 0.230 0.170 0.183 0.187 0.185 0.199 0.190 0.164 0.220 0.200 0.170 0.210 0.217 0.180 0.187 0.174 0.165 0.205 0.174 0.212 0.172 0.192 0.185 0.165 0.206 0.179 0.180 0.213 0.212 
0.220 0.223 0.202 0.200 0.187 0.206 0.209 0.198 0.183 0.206 0.226 0.201 0.220 0.231 0.183 0.179 0.210 0.190 0.191 0.196 0.202 0.169 0.182 0.245 0.179 0.242 0.189 0.206 0.215 0.223 0.231 0.240 0.159 0.181 0.140 0.144 0.203 0.170 0.226 0.195 0.221 0.212 0.228 0.201 0.178 0.256 0.217 0.239 0.161 0.255 0.240 0.182 0.185 0.276 0.229 0.254 0.209 0.208 0.283 0.244 
0.281 0.183 0.245 0.221 0.212 0.182 0.180 0.257 0.208 0.242 0.174 0.218 0.226 0.170 0.174 0.248 0.323 0.201 0.207 0.205 0.172 0.212 0.177 0.211 0.192 0.175 0.187 0.140 0.188 0.163 0.186 0.188 0.198 0.161 0.209 0.168 0.162 0.154 0.159 0.162 0.156 0.186 0.148 0.169 0.163 0.158 0.169 0.140 0.145 0.181 0.152 0.188 0.148 0.234 0.219 0.165 0.196 0.144 0.220 0.173 
0.212 0.197 0.164 0.162 0.160 0.165 0.143 0.184 0.244 0.242 0.195 0.163 0.204 0.189 0.165 0.167 0.152 0.199 0.257 0.225 0.190 0.202 0.238 0.153 0.157 0.235 0.163 0.185 0.182 0.232 0.204 0.250 0.208 0.187 0.173 0.169 0.205 0.169 0.191 0.200 0.168 0.171 0.180 0.144 0.162 0.144 0.149 0.163 0.154 0.139 0.122 0.178 0.194 0.203 0.197 0.153 0.171 0.156 0.184 0.186 
0.190 0.186 0.127 0.192 0.139 0.170 0.152 0.156 0.198 0.149 0.179 0.168 0.196 0.206 0.162 0.166 0.153 0.180 0.145 0.174 0.186 0.180 0.208 0.137 0.173 0.168 0.124 0.170 0.151 0.191 0.147 0.180 0.160 0.122 0.144 0.166 0.160 0.170 0.107 0.169 0.140 0.115 0.159 0.160 0.164 0.127 0.124 0.149 0.159 0.133 0.129 0.127 0.154 0.143 0.176 0.159 0.095 0.163 0.150 0.205 
0.224 0.158 0.126 0.168 0.155 0.132 0.121 0.147 0.093 0.152 -0.029 0.260 0.088 0.149 0.159 0.150 0.214 0.138 0.102 0.124 0.124 0.195 0.168 0.169 0.160 0.163 0.149 0.122 0.153 0.169 0.142 0.181 0.091 0.153 0.131 0.163 0.181 0.203 0.150 0.112 0.151 0.159 0.163 0.137 0.122 0.148 0.095 0.187 0.147 0.106 0.137 0.134 0.154 0.163 0.139 0.126 0.132 0.140 0.166 0.140 
0.142 0.115 0.115 0.142 0.117 0.109 0.125 0.107 0.151 0.115 0.161 0.101 0.101 0.130 0.135 0.163 0.165 0.126 0.203 0.137 0.132 0.109 0.192 0.113 0.148 0.134 0.180 0.159 0.145 0.121 0.182 0.107 0.113 0.096 0.103 0.073 0.089 0.093 0.081 0.084 0.074 0.090 0.080 0.103 0.089 0.093 0.124 0.127 0.100 0.092 0.051 0.103 0.103 0.096 0.105 0.073 0.088 0.100 0.083 0.113 
0.092 0.105 0.087 0.092 0.081 0.069 0.083 0.075 0.076 0.075 0.061 0.616 0.359 0.375 0.413 0.369 0.383 0.380 0.383 0.393 0.617 0.581 0.545 0.593 0.563 0.543 0.563 0.525 0.568 0.579 0.522 0.536 0.555 0.587 0.592 0.581 0.441 0.297 0.351 0.349 0.342 0.342 0.340 0.426 0.445 0.533 0.592 0.534 0.560 0.563 0.537 0.547 0.572 0.579 0.543 0.531 0.533 0.523 0.579 0.580 
0.597 0.501 0.104 0.150 0.387 0.330 0.384 0.369 0.428 0.454 0.500 0.508 0.517 0.508 0.749 0.877 0.588 0.757 0.096 0.512 0.637 0.797 0.722 0.844 0.843 0.920 0.789 0.916 0.951 0.945 0.884 0.899 0.889 0.867 0.830 0.824 0.698 0.690 0.728 0.661 0.688 0.513 0.515 0.322 0.545 0.610 0.680 0.573 0.339 0.715 0.756 0.776 0.588 0.489 0.402 0.617 0.571 0.507 0.659 0.636 
0.455 0.636 0.722 0.075 0.106 0.073 0.081 0.434 0.609 0.575 0.601 0.603 0.557 0.600 0.593 0.479 0.070 0.067 0.057 0.213 0.573 0.608 0.608 0.614 0.630 0.621 0.607 0.613 0.602 0.633 0.633 0.604 0.610 0.610 0.619 0.596 0.602 0.610 0.613 0.629 0.615 0.608 0.608 0.613 0.614 0.614 0.338 0.076 0.069 0.219 0.595 0.581 0.579 0.600 0.599 0.591 0.598 0.593 0.609 0.603 
0.613 0.595 0.602 0.590 0.602 0.584 0.594 0.584 0.599 0.596 0.609 0.598 0.586 0.590 0.613 0.598 0.601 0.592 0.591 0.610 0.604 0.587 0.611 0.606 0.608 0.618 0.599 0.617 0.601 0.635 0.594 0.615 0.603 0.610 0.607 0.608 0.581 0.615 0.596 0.588 0.621 0.624 0.594 0.603 0.601 0.607 0.611 0.603 0.591 0.618 0.595 0.593 0.601 0.607 0.607 0.607 0.603 0.593 0.084 0.097 
0.085 0.094 0.083 0.066 0.085 0.072 0.089 0.101 0.081 0.084 0.066 0.106 0.081 0.100 0.091 0.062 0.091 0.083 0.095 0.093 0.085 0.082 0.119 0.080 0.128 0.065 0.079 0.103 0.068 0.139 0.085 0.091 0.071 0.079 0.081 0.084 0.134 0.152 0.081 0.108 0.085 0.118 0.108 0.089 0.136 0.120 0.112 0.118 0.090 0.089 0.081 0.089 0.133 0.106 0.080 0.103 0.090 0.093 0.089 0.121 
0.081 0.128 0.080 0.077 0.096 0.114 0.127 0.146 0.093 0.119 0.103 0.152 0.150 0.119 0.329 0.305 0.291 0.470 0.743 0.682 0.422 0.511 0.755 0.501 0.288 0.634 0.648 0.281 0.220 0.152 0.128 0.166 0.124 0.123 0.093 0.136 0.099 0.094 0.166 0.105 0.136 0.161 0.139 0.116 0.113 0.123 0.108 0.133 0.144 0.138 0.142 0.125 0.132 0.151 0.155 0.141 0.116 0.122 0.095 0.145 
0.201 0.133 0.161 0.161 0.128 0.208 0.157 0.142 0.155 0.163 0.137 0.162 0.148 0.138 0.138 0.171 0.128 0.195 0.129 0.140 0.209 0.170 0.151 0.125 0.153 0.183 0.175 0.217 0.149 0.194 0.163 0.158 0.152 0.125 0.167 0.163 0.154 0.130 0.157 0.147 0.126 0.158 0.134 0.141 0.127 0.135 0.151 0.156 0.159 0.189 0.181 0.196 0.147 0.158 0.180 0.160 0.186 0.188 0.196 0.193 
0.183 0.149 0.170 0.181 0.186 0.204 0.150 0.168 0.183 0.148 0.160 0.171 0.156 0.145 0.167 0.169 0.206 0.180 0.165 0.121 0.192 0.166 0.168 0.201 0.188 0.242 0.217 0.181 0.216 0.195 0.186 0.172 0.156 0.171 0.179 0.188 0.148 0.167 0.150 0.152 0.162 0.150 0.154 0.165 0.141 0.178 0.158 0.211 0.137 0.179 0.207 0.175 0.248 0.211 0.261 0.156 0.151 0.219 0.189 0.204 
0.188 0.184 0.193 0.175 0.154 0.180 0.135 0.169 0.153 0.189 0.143 0.214 0.181 0.156 0.180 0.171 0.165 0.198 0.149 0.171 0.175 0.151 0.142 0.154 0.175 0.164 0.176 0.193 0.169 0.214 0.213 0.164 0.171 0.189 0.206 0.173 0.186 0.164 0.196 0.161 0.190 0.151 0.138 0.176 0.167 0.183 0.175 0.144 0.163 0.177 0.215 0.219 0.195 0.200 0.199 0.194 0.190 0.170 0.175 0.157 
0.229 0.183 0.159 0.148 0.158 0.198 0.148 0.141 0.168 0.170 0.163 0.161 0.157 0.140 0.195 0.201 0.152 0.176 0.177 0.217 0.202 0.176 0.179 0.159 0.183 0.165 0.192 0.183 0.182 0.244 0.162 0.189 0.169 0.149 0.155 0.196 0.206 0.146 0.170 0.141 0.129 0.180 0.137 0.177 0.184 0.202 0.165 0.195 0.184 0.186 0.215 0.191 0.175 0.203 0.212 0.182 0.186 0.132 0.148 0.218 
0.205 0.181 0.123 0.167 0.180 0.209 0.163 0.177 0.190 0.143 0.219 0.188 0.156 0.147 0.176 0.168 0.144 0.185 0.184 0.175 0.242 0.155 0.181 0.192 0.148 0.173 0.181 0.148 0.177 0.175 0.190 0.211 0.174 0.177 0.119 0.169 0.172 0.196 0.180 0.151 0.185 0.143 0.143 0.141 0.183 0.200 0.169 0.176 0.173 0.168 0.190 0.158 0.210 0.165 0.164 0.173 0.184 0.186 0.178 0.168 
0.195 0.171 0.170 0.141 0.181 0.137 0.158 0.177 0.140 0.166 0.157 0.153 0.158 0.159 0.166 0.197 0.156 0.151 0.161 0.173 0.199 0.153 0.159 0.173 0.168 0.181 0.217 0.184 0.170 0.192 0.142 0.196 0.156 0.195 0.121 0.195 0.131 0.144 0.203 0.149 0.157 0.155 0.150 0.136 0.151 0.202 0.147 0.162 0.132 0.166 0.156 0.145 0.243 0.184 0.205 0.221 0.178 0.179 0.179 0.169 
