0.235 0.224 0.230 0.210 0.211 0.252 0.237 0.240 0.198 0.214 0.212 0.253 0.248 0.229 0.280 0.270 0.266 0.229 0.238 0.264 0.256 0.228 0.192 0.237 0.214 0.248 0.256 0.224 0.240 0.216 0.250 0.239 0.255 0.213 0.251 0.240 0.211 0.219 0.237 0.200 0.240 0.249 0.270 0.209 0.217 0.253 0.233 0.237 0.245 0.231 0.287 0.245 0.240 0.217 0.246 0.220 0.238 0.204 0.221 0.292 
0.230 0.212 0.223 0.227 0.256 0.234 0.274 0.229 0.232 0.241 0.254 0.229 0.259 0.206 0.221 0.219 0.232 0.228 0.226 0.250 0.311 0.314 0.259 0.245 0.227 0.231 0.250 0.240 0.198 0.258 0.251 0.249 0.270 0.233 0.254 0.223 0.250 0.259 0.249 0.235 0.206 0.244 0.255 0.228 0.243 0.265 0.240 0.231 0.236 0.216 0.250 0.238 0.186 0.245 0.187 0.229 0.226 0.252 0.209 0.255 
0.252 0.245 0.237 0.239 0.242 0.272 0.254 0.225 0.229 0.220 0.199 0.241 0.209 0.234 0.255 0.231 0.247 0.234 0.264 0.216 0.259 0.234 0.190 0.272 0.248 0.339 0.368 0.346 0.358 0.397 0.329 0.343 0.335 0.318 0.325 0.298 0.294 0.273 0.291 0.287 0.272 0.295 0.260 0.326 0.360 0.372 0.373 0.379 0.339 0.318 0.324 0.324 0.311 0.234 0.267 0.256 0.272 0.308 0.297 0.224 
0.229 0.254 0.282 0.272 0.212 0.266 0.264 0.233 0.206 0.243 0.245 0.212 0.230 0.223 0.274 0.261 0.234 0.220 0.218 0.235 0.254 0.232 0.243 0.251 0.224 0.211 0.246 0.240 0.225 0.292 0.262 0.208 0.249 0.211 0.384 0.297 0.276 0.287 0.235 0.226 0.249 0.269 0.247 0.213 0.277 0.265 0.199 0.257 0.249 0.260 0.339 0.251 0.223 0.263 0.237 0.302 0.292 0.287 0.300 0.244 
0.271 0.245 0.249 0.279 0.251 0.301 0.308 0.292 0.239 0.266 0.207 0.293 0.305 0.339 0.306 0.249 0.291 0.277 0.274 0.283 0.311 0.247 0.233 0.262 0.216 0.260 0.319 0.249 0.220 0.266 0.274 0.299 0.325 0.243 0.250 0.254 0.318 0.314 0.234 0.271 0.278 0.291 0.289 0.297 0.337 0.230 0.243 0.307 0.295 0.270 0.285 0.292 0.320 0.256 0.327 0.327 0.349 0.289 0.316 0.266 
0.319 0.223 0.235 0.268 0.285 0.322 0.368 0.339 0.295 0.250 0.278 0.239 0.317 0.241 0.327 0.277 0.287 0.318 0.274 0.273 0.308 0.325 0.303 0.298 0.295 0.292 0.345 0.267 0.256 0.327 0.303 0.267 0.221 0.260 0.293 0.361 0.308 0.294 0.254 0.300 0.319 0.300 0.339 0.243 0.279 0.279 0.342 0.270 0.297 0.262 0.221 0.236 0.269 0.283 0.284 0.283 0.347 0.254 0.294 0.325 
0.325 0.280 0.282 0.235 0.275 0.258 0.328 0.263 0.282 0.263 0.299 0.279 0.273 0.285 0.330 0.260 0.282 0.294 0.306 0.214 0.359 0.334 0.269 0.260 0.296 0.274 0.296 0.262 0.294 0.294 0.283 0.279 0.301 0.247 0.278 0.299 0.339 0.273 0.309 0.254 0.220 0.250 0.277 0.260 0.350 0.322 0.300 0.243 0.266 0.280 0.277 0.289 0.270 0.300 0.236 0.262 0.262 0.281 0.257 0.282 
0.275 0.259 0.301 0.239 0.295 0.307 0.380 0.279 0.265 0.321 0.287 0.275 0.285 0.245 0.302 0.258 0.274 0.259 0.279 0.278 0.247 0.277 0.273 0.369 0.344 0.302 0.300 0.303 0.255 0.315 0.253 0.268 0.274 0.235 0.269 0.260 0.294 0.265 0.250 0.276 0.274 0.249 0.296 0.344 0.300 0.271 0.249 0.323 0.264 0.249 0.270 0.271 0.287 0.326 0.309 0.273 0.322 0.239 0.275 0.325 
0.300 0.257 0.273 0.393 0.283 0.344 0.313 0.297 0.323 0.343 0.300 0.278 0.321 0.295 0.293 0.345 0.270 0.275 0.267 0.226 0.259 0.263 0.262 0.275 0.211 0.237 0.247 0.275 0.273 0.282 0.290 0.246 0.209 0.249 0.267 0.298 0.266 0.224 0.247 0.236 0.271 0.255 0.207 0.243 0.249 0.250 0.280 0.214 0.232 0.261 0.263 0.234 0.245 0.310 0.232 0.231 0.239 0.305 0.266 0.278 
0.258 0.261 0.247 0.312 0.288 0.265 0.312 0.233 0.262 0.307 0.217 0.283 0.251 0.218 0.286 0.232 0.242 0.261 0.246 0.219 0.217 0.293 0.396 0.248 0.257 0.278 0.251 0.251 0.260 0.237 0.265 0.203 0.265 0.219 0.263 0.314 0.241 0.237 0.228 0.220 0.252 0.260 0.246 0.236 0.254 0.234 0.243 0.281 0.200 0.228 0.281 0.234 0.248 0.220 0.260 0.243 0.253 0.267 0.274 0.266 
0.224 0.227 0.249 0.233 0.254 0.299 0.272 0.280 0.195 0.199 0.242 0.233 0.224 0.237 0.223 0.242 0.225 0.198 0.171 0.184 0.176 0.181 0.165 0.176 0.139 0.172 0.178 0.171 0.148 0.184 0.152 0.183 0.177 0.180 0.178 0.141 0.209 0.169 0.176 0.139 0.182 0.171 0.185 0.175 0.177 0.148 0.154 0.199 0.183 0.166 0.175 0.133 0.175 0.177 0.164 0.172 0.173 0.182 0.138 0.180 
0.173 0.173 0.180 0.178 0.152 0.173 0.157 0.178 0.177 0.178 0.181 0.141 0.179 0.165 0.179 0.168 0.178 0.191 0.160 0.173 0.176 0.175 0.165 0.156 0.182 0.169 0.151 0.174 0.180 0.178 0.188 0.142 0.207 0.190 0.176 0.188 0.185 0.143 0.178 0.169 0.171 0.172 0.180 0.164 0.180 0.164 0.157 0.171 0.180 0.171 0.172 0.168 0.133 0.175 0.178 0.177 0.174 0.182 0.176 0.136 
0.176 0.183 0.170 0.174 0.167 0.187 0.159 0.139 0.170 0.174 0.171 0.168 0.171 0.177 0.177 0.098 0.187 0.175 0.163 0.172 0.163 0.209 0.179 0.137 0.167 0.154 0.171 0.168 0.181 0.180 0.176 0.173 0.133 0.173 0.173 0.169 0.177 0.178 0.175 0.163 0.173 0.172 0.176 0.180 0.136 0.183 0.152 0.166 0.176 0.162 0.170 0.165 0.165 0.167 0.164 0.167 0.136 0.175 0.173 0.164 
0.168 0.163 0.173 0.167 0.172 0.165 0.161 0.168 0.155 0.146 0.168 0.136 0.169 0.163 0.171 0.167 0.178 0.175 0.163 0.173 0.168 0.164 0.176 0.135 0.172 0.172 0.162 0.175 0.165 0.176 0.132 0.178 0.168 0.170 0.163 0.168 0.133 0.164 0.169 0.170 0.159 0.165 0.163 0.169 0.168 0.163 0.169 0.163 0.169 0.169 0.170 0.177 0.135 0.140 0.177 0.162 0.167 0.161 0.172 0.159 
0.166 0.169 0.168 0.170 0.164 0.168 0.167 0.164 0.172 0.181 0.163 0.137 0.166 0.171 0.142 0.165 0.715 0.444 0.461 0.446 0.446 0.462 0.437 0.464 0.613 0.795 0.745 0.729 0.737 0.688 0.668 0.701 0.665 0.715 0.833 0.844 0.646 0.599 0.530 0.473 0.448 0.431 0.448 0.772 0.648 0.729 0.681 0.690 0.686 0.663 0.652 0.691 0.841 0.654 0.168 0.130 0.135 0.161 0.169 0.170 
0.161 0.171 0.136 0.172 0.169 0.164 0.169 0.162 0.170 0.166 0.130 0.169 0.163 0.170 0.163 0.139 0.175 0.162 0.135 0.164 0.165 0.167 0.162 0.169 0.166 0.169 0.164 0.171 0.171 0.166 0.170 0.165 0.171 0.173 0.133 0.136 0.145 0.137 0.168 0.204 0.673 0.578 0.427 0.170 0.181 0.196 0.166 0.168 0.135 0.171 0.171 0.165 0.169 0.163 0.170 0.144 0.136 0.181 0.171 0.172 
0.164 0.173 0.179 0.165 0.170 0.164 0.168 0.170 0.132 0.171 0.132 0.169 0.163 0.171 0.169 0.151 0.155 0.169 0.166 0.166 0.164 0.162 0.165 0.165 0.165 0.173 0.180 0.173 0.169 0.169 0.168 0.161 0.164 0.163 0.166 0.138 0.164 0.165 0.133 0.161 0.164 0.167 0.165 0.168 0.132 0.166 0.133 0.131 0.165 0.164 0.133 0.169 0.136 0.166 0.136 0.141 0.165 0.134 0.176 0.134 
0.137 0.145 0.174 0.143 0.167 0.172 0.135 0.139 0.163 0.140 0.174 0.165 0.172 0.141 0.145 0.174 0.146 0.133 0.140 0.166 0.171 0.166 0.175 0.136 0.174 0.133 0.175 0.141 0.151 0.168 0.180 0.135 0.148 0.176 0.138 0.147 0.138 0.177 0.170 0.172 0.142 0.142 0.144 0.187 0.140 0.180 0.142 0.146 0.175 0.147 0.139 0.176 0.147 0.150 0.163 0.136 0.179 0.141 0.198 0.147 
0.154 0.139 0.147 0.143 0.186 0.144 0.148 0.145 0.153 0.176 0.178 0.148 0.182 0.166 0.196 0.158 0.160 0.173 0.164 0.153 0.180 0.158 0.194 0.189 0.183 0.194 0.184 0.163 0.230 0.200 0.200 0.160 0.192 0.178 0.191 0.205 0.150 0.150 0.175 0.189 0.193 0.182 0.193 0.219 0.214 0.169 0.217 0.197 0.186 0.182 0.182 0.161 0.191 0.184 0.194 0.183 0.194 0.157 0.199 0.207 
0.181 0.188 0.186 0.157 0.195 0.198 0.196 0.194 0.194 0.155 0.200 0.195 0.190 0.248 0.171 0.194 0.171 0.215 0.210 0.200 0.170 0.192 0.207 0.205 0.161 0.215 0.216 0.174 0.194 0.201 0.192 0.209 0.164 0.173 0.228 0.197 0.173 0.203 0.192 0.201 0.156 0.205 0.200 0.219 0.183 0.200 0.196 0.189 0.165 0.194 0.209 0.181 0.185 0.212 0.174 0.206 0.206 0.161 0.202 0.205 
0.207 0.189 0.201 0.175 0.216 0.210 0.200 0.181 0.203 0.184 0.175 0.203 0.175 0.209 0.207 0.165 0.205 0.209 0.195 0.197 0.162 0.213 0.199 0.190 0.214 0.164 0.202 0.201 0.173 0.189 0.196 0.164 0.193 0.207 0.185 0.193 0.197 0.194 0.183 0.195 0.200 0.204 0.194 0.191 0.214 0.201 0.230 0.181 0.213 0.169 0.232 0.190 0.177 0.207 0.194 0.205 0.183 0.200 0.206 0.209 
0.210 0.169 0.196 0.189 0.201 0.195 0.194 0.178 0.205 0.210 0.169 0.202 0.204 0.217 0.195 0.198 0.216 0.199 0.168 0.204 0.205 0.207 0.171 0.213 0.195 0.199 0.203 0.170 0.213 0.218 0.169 0.193 0.203 0.212 0.204 0.184 0.194 0.198 0.205 0.163 0.205 0.172 0.210 0.214 0.181 0.222 0.171 0.220 0.206 0.214 0.190 0.206 0.201 0.196 0.198 0.201 0.209 0.215 0.221 0.208 
0.185 0.184 0.193 0.199 0.206 0.248 0.213 0.209 0.215 0.193 0.173 0.165 0.212 0.207 0.206 0.215 0.214 0.211 0.171 0.181 0.207 0.205 0.172 0.201 0.201 0.209 0.173 0.200 0.223 0.220 0.207 0.198 0.171 0.219 0.224 0.171 0.187 0.172 0.167 0.204 0.200 0.204 0.204 0.200 0.217 0.204 0.207 0.214 0.218 0.181 0.206 0.168 0.219 0.199 0.180 0.213 0.166 0.176 0.227 0.224 
0.169 0.210 0.202 0.220 0.187 0.206 0.185 0.192 0.205 0.201 0.201 0.178 0.168 0.217 0.173 0.194 0.211 0.169 0.177 0.244 0.196 0.207 0.215 0.198 0.162 0.203 0.209 0.186 0.226 0.221 0.218 0.216 0.205 0.179 0.213 0.216 0.214 0.211 0.204 0.172 0.208 0.165 0.209 0.219 0.223 0.203 0.209 0.183 0.210 0.173 0.218 0.201 0.171 0.170 0.205 0.202 0.216 0.211 0.212 0.184 
