0.176 0.129 0.150 0.155 0.123 0.122 0.163 0.203 0.137 0.169 0.141 0.150 0.168 0.169 0.159 0.107 0.144 0.065 0.148 0.151 0.145 0.147 0.122 0.109 0.100 0.114 0.124 0.096 0.140 0.109 0.144 0.129 0.140 0.141 0.139 0.119 0.110 0.127 0.143 0.140 0.118 0.136 0.124 0.178 0.135 0.144 0.146 0.136 0.121 0.167 0.156 0.147 0.136 0.133 0.114 0.170 0.146 0.156 0.103 0.134 
0.146 0.106 0.179 0.171 0.129 0.122 0.092 0.142 0.122 0.151 0.148 0.108 0.158 0.144 0.140 0.119 0.160 0.126 0.112 0.150 0.127 0.136 0.183 0.104 0.117 0.128 0.145 0.142 0.103 0.161 0.122 0.124 0.103 0.143 0.121 0.108 0.177 0.092 0.138 0.167 0.099 0.143 0.165 0.132 0.110 0.210 0.187 0.123 0.151 0.142 0.145 0.160 0.128 0.127 0.097 0.138 0.146 0.139 0.137 0.099 
-0.065 0.184 0.088 0.105 0.132 0.106 0.165 0.105 0.080 0.108 0.133 0.111 0.133 0.154 0.133 0.119 0.077 0.140 0.111 0.133 0.121 0.137 0.116 0.119 0.095 0.110 0.127 0.101 0.096 0.123 0.090 0.121 0.115 0.111 0.115 0.098 0.090 0.080 0.084 0.080 0.070 0.099 0.078 0.058 0.100 0.085 0.078 0.061 0.068 0.093 0.063 0.097 0.052 0.081 0.088 0.080 0.083 0.073 0.062 0.071 
0.060 0.121 0.052 0.076 0.071 0.059 0.113 0.068 0.120 0.111 0.114 0.118 0.106 0.099 0.086 0.148 0.068 0.065 0.067 0.048 0.099 0.053 0.057 0.062 0.074 0.066 0.022 0.104 0.047 0.091 0.087 0.073 0.104 0.073 0.102 0.078 0.088 0.077 0.042 0.122 0.066 0.050 0.067 0.055 0.067 0.049 0.048 0.077 0.019 0.033 0.031 0.035 0.047 0.039 0.041 0.023 0.032 0.054 0.021 0.045 
0.028 0.477 0.324 0.341 0.365 0.340 0.352 0.351 0.338 0.375 0.548 0.522 0.518 0.516 0.551 0.545 0.517 0.538 0.539 0.585 0.557 0.378 0.249 0.314 0.304 0.343 0.354 0.368 0.451 0.413 0.565 0.515 0.506 0.515 0.506 0.477 0.526 0.511 0.510 0.550 0.578 0.503 0.442 0.443 0.421 0.445 0.441 0.476 0.513 0.421 0.207 0.200 0.186 0.220 0.262 0.236 0.239 0.187 0.206 0.245 
0.201 0.266 0.234 0.184 0.212 0.180 0.199 0.184 0.197 0.247 0.180 0.217 0.189 0.165 0.149 0.143 0.194 0.232 0.179 0.186 0.188 0.198 0.207 0.149 0.178 0.184 0.200 0.242 0.303 0.291 0.238 0.272 0.283 0.217 0.244 0.205 0.247 0.179 0.215 0.197 0.189 0.277 0.276 0.287 0.273 0.257 0.279 0.276 0.281 0.223 0.188 0.185 0.172 0.179 0.178 0.187 0.170 0.149 0.189 0.146 
0.202 0.178 0.213 0.137 0.209 0.175 0.150 0.190 0.176 0.216 0.149 0.123 0.174 0.094 0.160 0.393 0.445 0.168 0.119 0.118 0.128 0.129 0.122 0.137 0.119 0.120 0.146 0.126 0.152 0.169 0.153 0.204 0.257 0.150 0.155 0.101 0.133 0.159 0.135 0.117 0.133 0.167 0.152 0.174 0.213 0.159 0.164 0.137 0.193 0.147 0.137 0.098 0.156 0.140 0.147 0.160 0.117 0.133 0.114 0.126 
0.184 0.142 0.146 0.108 0.116 0.139 0.157 0.126 0.135 0.129 0.155 0.161 0.169 0.136 0.132 0.131 0.200 0.129 0.161 0.155 0.143 0.141 0.107 0.093 0.134 0.125 0.142 0.108 0.101 0.101 0.140 0.102 0.099 0.103 0.126 0.103 0.108 0.108 0.106 0.132 0.132 0.156 0.098 0.092 0.118 0.108 0.134 0.171 0.132 0.115 0.102 0.085 0.096 0.101 0.099 0.094 0.094 0.098 0.122 0.167 
0.127 0.072 0.107 0.091 0.133 0.087 0.104 0.121 0.120 0.124 0.144 0.185 0.127 0.118 0.144 0.124 0.166 0.116 0.116 0.139 0.143 0.116 0.157 0.144 0.114 0.144 0.144 0.119 0.174 0.075 0.099 0.093 0.087 0.117 0.099 0.152 0.159 0.118 0.153 0.106 0.136 0.129 0.151 0.140 0.142 0.128 0.092 0.141 0.118 0.119 0.146 0.070 0.120 0.080 0.131 0.107 0.096 0.170 0.175 0.133 
0.067 0.100 0.104 0.105 0.088 0.082 0.117 0.123 0.137 0.119 0.063 0.142 0.111 0.153 0.129 0.099 0.147 0.103 0.128 0.130 0.151 0.113 0.143 0.094 0.033 0.115 -0.099 0.197 0.082 0.079 0.055 0.086 0.145 0.123 0.074 0.043 0.062 0.095 0.097 0.091 0.099 0.134 0.068 0.077 0.071 0.091 0.083 0.060 0.053 0.049 0.062 0.072 0.104 0.086 0.106 0.063 0.085 0.095 0.068 0.089 
0.065 0.105 0.072 0.072 0.077 0.040 0.066 0.047 0.048 0.087 0.047 0.080 0.068 0.055 0.063 0.049 0.056 0.045 0.063 0.045 0.012 0.037 0.050 0.047 0.039 0.043 0.091 0.051 0.038 0.027 0.016 0.042 0.087 0.095 0.064 0.026 0.078 0.063 0.157 0.065 0.070 0.057 0.008 0.053 0.045 0.038 0.046 0.048 0.039 0.060 0.065 0.026 0.071 0.042 0.029 0.091 0.046 0.044 0.047 0.062 
0.041 0.029 0.026 0.046 0.093 0.070 0.033 0.027 0.025 0.027 0.043 0.030 0.007 0.061 0.010 0.029 0.060 0.063 0.038 0.030 0.050 0.021 0.008 0.037 0.004 0.027 0.017 0.509 0.326 0.319 0.312 0.306 0.335 0.304 0.271 0.334 0.549 0.498 0.501 0.524 0.518 0.499 0.520 0.503 0.463 0.489 0.523 0.542 0.501 0.383 0.234 0.257 0.236 0.205 0.255 0.303 0.298 0.426 0.530 0.532 
0.469 0.493 0.501 0.477 0.493 0.441 0.504 0.457 0.484 0.551 0.507 0.118 0.036 0.196 0.298 0.237 0.315 0.339 0.349 0.402 0.353 0.475 0.434 0.441 0.424 0.193 0.029 0.040 0.027 0.481 0.506 0.644 0.286 0.241 0.504 0.587 0.426 0.484 0.778 0.696 0.790 0.815 0.710 0.863 0.857 0.856 0.826 0.789 0.814 0.785 0.692 0.700 0.655 0.632 0.633 0.627 0.416 0.370 0.023 0.104 
0.338 0.493 0.522 0.666 0.660 0.499 0.301 0.571 0.708 0.595 0.387 0.605 0.131 0.648 0.558 0.587 0.581 0.569 0.446 0.184 0.666 0.445 0.033 0.152 0.021 0.103 0.013 0.029 -0.004 0.000 0.234 0.527 0.366 0.006 0.260 0.530 0.480 0.394 0.496 0.527 0.362 0.469 0.456 0.476 0.018 0.007 0.301 0.455 0.519 0.524 0.522 0.520 0.521 0.531 0.528 0.519 0.515 0.518 0.528 0.523 
0.533 0.505 0.522 0.524 0.526 0.523 0.514 0.526 0.537 0.445 0.524 0.500 0.532 0.081 0.061 0.481 0.516 0.513 0.521 0.539 0.523 0.534 0.517 0.528 0.521 0.526 0.526 0.525 0.510 0.531 0.530 0.542 0.548 0.564 0.559 0.570 0.554 0.545 0.526 0.539 0.542 0.568 0.540 0.535 0.562 0.560 0.545 0.540 0.565 0.546 0.560 0.531 0.541 0.544 0.550 0.543 0.538 0.532 0.539 0.541 
0.564 0.544 0.547 0.551 0.542 0.548 0.549 0.561 0.559 0.586 0.552 0.568 0.563 0.560 0.604 0.597 0.576 0.587 0.563 0.546 0.549 0.600 0.563 0.489 0.092 0.073 0.032 0.090 0.069 0.079 0.085 0.091 0.091 0.121 0.061 0.101 0.091 0.135 0.127 0.135 0.075 0.072 0.093 0.083 0.129 0.096 0.130 0.080 0.041 0.091 0.084 0.102 0.095 0.085 0.154 0.097 0.126 0.095 0.101 0.099 
0.145 0.135 0.063 0.097 0.074 0.075 0.092 0.099 0.075 0.098 0.124 0.133 0.079 0.131 0.076 0.123 0.124 0.090 0.077 0.083 0.116 0.129 0.098 0.133 0.126 0.154 0.102 0.144 0.111 0.092 0.156 0.109 0.099 0.116 0.090 0.136 0.136 0.154 0.145 0.101 0.154 0.086 0.128 0.107 0.103 0.081 0.119 0.140 0.098 0.199 0.121 0.143 0.141 0.158 0.122 0.158 0.153 0.139 0.153 0.140 
0.107 0.095 0.112 0.096 0.092 0.118 0.140 0.079 0.134 0.107 0.103 0.122 0.119 0.118 0.098 0.148 0.133 0.123 0.099 0.097 0.146 0.071 0.130 0.138 0.143 0.132 0.064 0.136 0.153 0.076 0.099 0.128 0.115 0.037 0.118 0.116 0.098 0.086 0.122 0.118 0.129 0.132 0.138 0.132 0.120 0.185 0.141 0.150 0.115 0.139 0.116 0.099 0.077 0.068 0.169 0.175 0.122 0.094 0.123 0.107 
0.119 0.177 0.117 0.117 0.101 0.098 0.138 0.121 0.134 0.081 0.100 0.119 0.072 0.107 0.105 0.137 0.129 0.146 0.087 0.108 0.111 0.083 0.141 0.144 0.092 0.094 0.186 0.132 0.098 0.129 0.119 0.172 0.113 0.090 0.140 0.100 0.144 0.165 0.072 0.072 0.104 0.147 0.075 0.164 0.116 0.079 0.172 0.105 0.108 0.094 0.123 0.098 0.123 0.086 0.099 0.170 0.163 0.132 0.141 0.108 
0.114 0.075 0.090 0.073 0.161 0.153 0.133 0.195 0.105 0.185 0.158 0.108 0.165 0.124 0.075 0.161 0.189 0.101 0.043 0.052 0.063 0.097 0.141 0.116 0.153 0.080 0.194 0.140 0.161 0.139 0.151 0.145 0.063 0.075 0.093 0.127 0.163 0.075 0.150 0.101 0.173 0.091 0.072 0.104 0.120 0.152 0.126 0.127 0.129 0.056 0.056 0.120 0.097 0.076 0.149 0.167 0.088 0.091 0.073 0.067 
0.086 0.095 0.110 0.076 0.092 0.077 0.148 0.092 0.120 0.157 0.153 0.156 0.112 0.117 0.142 0.152 0.171 0.120 0.063 0.104 0.123 0.121 0.130 0.132 0.090 0.131 0.080 0.122 0.081 0.071 0.184 0.151 0.073 0.103 0.086 0.093 0.083 0.091 0.105 0.094 0.100 0.086 0.120 0.105 0.292 0.150 0.152 0.121 0.093 0.112 0.076 0.107 0.093 0.079 0.072 0.103 0.106 0.084 0.079 0.122 
0.124 0.150 0.068 0.088 0.106 0.096 0.138 0.084 0.073 0.100 0.110 0.101 0.067 0.123 0.106 0.147 0.132 0.166 0.078 0.091 0.079 0.070 0.166 0.095 0.109 0.115 0.105 0.081 0.108 0.065 0.125 0.083 0.063 0.090 0.092 0.070 0.119 0.111 0.065 0.102 0.121 0.049 0.088 0.084 0.063 0.162 0.076 0.102 0.084 0.085 0.018 0.117 0.087 0.059 0.089 0.122 0.114 0.078 0.045 0.126 
0.106 0.067 0.097 0.104 0.073 0.069 0.109 0.078 0.084 0.098 0.106 0.115 0.102 0.147 0.084 0.106 0.146 0.083 0.050 0.076 0.096 0.125 0.092 0.134 0.072 0.130 0.098 0.106 0.055 0.132 0.127 0.094 0.095 0.030 0.083 0.094 0.086 0.113 0.076 0.081 0.082 0.094 0.115 0.035 0.108 0.155 0.055 0.108 0.111 0.071 0.099 0.096 0.117 0.112 0.053 0.066 0.071 0.114 0.101 0.075 
0.068 0.104 0.077 0.048 0.089 0.080 0.111 0.085 0.037 0.049 0.052 0.067 0.110 0.075 0.106 0.103 0.060 0.062 0.055 0.064 0.076 0.068 0.122 0.093 0.122 0.124 0.127 0.094 0.123 0.131 0.103 0.102 0.056 0.082 0.086 0.078 0.089 0.089 0.069 0.088 0.108 0.066 0.116 0.045 0.088 0.083 0.083 0.076 0.067 0.141 0.112 0.104 0.068 0.076 0.095 0.078 0.073 0.119 0.118 0.083 
