0.196 0.180 0.211 0.189 0.150 0.190 0.169 0.178 0.175 0.185 0.154 0.160 0.170 0.132 0.157 0.192 0.165 0.164 0.176 0.195 0.215 0.204 0.183 0.221 0.172 0.172 0.156 0.159 0.171 0.233 0.161 0.152 0.171 0.160 0.201 0.209 0.256 0.216 0.207 0.231 0.181 0.189 0.152 0.215 0.218 0.246 0.141 0.217 0.191 0.234 0.222 0.187 0.221 0.207 0.199 0.202 0.176 0.215 0.184 0.178 
0.173 0.165 0.177 0.183 0.223 0.170 0.173 0.218 0.160 0.143 0.173 0.247 0.184 0.221 0.192 0.191 0.167 0.147 0.179 0.227 0.176 0.172 0.184 0.187 0.191 0.251 0.201 0.179 0.246 0.219 0.165 0.174 0.192 0.169 0.245 0.187 0.183 0.202 0.160 0.180 0.183 0.182 0.198 0.160 0.222 0.169 0.178 0.194 0.206 0.200 0.172 0.215 0.218 0.189 0.173 0.197 0.182 0.173 0.171 0.207 
0.156 0.165 0.203 0.160 0.176 0.187 0.183 0.147 0.159 0.174 0.160 0.181 0.248 0.195 0.169 0.212 0.163 0.180 0.193 0.191 0.203 0.256 0.204 0.207 0.188 0.172 0.176 0.212 0.191 0.164 0.191 0.206 0.194 0.208 0.212 0.230 0.238 0.204 0.173 0.169 0.193 0.249 0.168 0.237 0.230 0.193 0.198 0.157 0.270 0.186 0.169 0.186 0.194 0.168 0.195 0.256 0.176 0.236 0.170 0.209 
0.219 0.163 0.203 0.169 0.194 0.217 0.191 0.210 0.190 0.224 0.171 0.211 0.176 0.225 0.348 0.217 0.209 0.165 0.206 0.197 0.185 0.179 0.194 0.241 0.187 0.189 0.214 0.180 0.206 0.248 0.176 0.220 0.174 0.202 0.188 0.209 0.204 0.187 0.172 0.184 0.169 0.176 0.160 0.144 0.171 0.183 0.166 0.181 0.160 0.154 0.167 0.168 0.181 0.155 0.248 0.216 0.181 0.213 0.181 0.182 
0.190 0.256 0.186 0.167 0.199 0.179 0.203 0.196 0.182 0.267 0.146 0.173 0.186 0.167 0.161 0.197 0.178 0.178 0.218 0.170 0.238 0.185 0.181 0.154 0.180 0.196 0.241 0.215 0.196 0.181 0.247 0.189 0.196 0.208 0.183 0.182 0.199 0.224 0.187 0.187 0.174 0.159 0.157 0.157 0.170 0.138 0.198 0.217 0.170 0.225 0.174 0.167 0.172 0.187 0.142 0.147 0.211 0.189 0.183 0.173 
0.206 0.176 0.157 0.198 0.190 0.214 0.176 0.177 0.200 0.205 0.203 0.169 0.136 0.195 0.165 0.215 0.229 0.215 0.193 0.178 0.225 0.186 0.173 0.201 0.180 0.186 0.129 0.224 0.201 0.170 0.231 0.189 0.158 0.203 0.214 0.209 0.243 0.163 0.163 0.159 0.193 0.155 0.180 0.228 0.159 0.171 0.214 0.164 0.160 0.163 0.171 0.172 0.171 0.198 0.170 0.171 0.176 0.176 0.200 0.198 
0.211 0.133 0.249 0.212 0.203 0.250 0.190 0.061 0.196 0.227 0.175 0.176 0.197 0.203 0.173 0.187 0.154 0.173 0.141 0.166 0.190 0.195 0.164 0.164 0.199 0.173 0.187 0.177 0.150 0.148 0.203 0.153 0.152 0.210 0.164 0.185 0.154 0.171 0.231 0.185 0.189 0.204 0.256 0.163 0.159 0.162 0.156 0.197 0.192 0.153 0.187 0.215 0.221 0.166 0.153 0.150 0.159 0.168 0.205 0.189 
0.177 0.162 0.169 0.121 0.142 0.145 0.146 0.147 0.151 0.155 0.165 0.166 0.180 0.187 0.171 0.164 0.157 0.206 0.106 0.140 0.139 0.166 0.180 0.148 0.154 0.147 0.164 0.156 0.140 0.142 0.141 0.135 0.152 0.137 0.117 0.153 0.122 0.161 0.155 0.164 0.163 0.204 0.176 0.164 0.197 0.180 0.173 0.153 0.161 0.192 0.178 0.158 0.198 0.185 0.142 0.142 0.138 0.133 0.171 0.188 
0.163 0.155 0.149 0.166 0.177 0.136 0.138 0.152 0.710 0.447 0.429 0.452 0.441 0.452 0.456 0.445 0.630 0.636 0.707 0.716 0.703 0.655 0.618 0.593 0.601 0.613 0.623 0.641 0.721 0.795 0.804 0.736 0.578 0.520 0.490 0.451 0.421 0.410 0.580 0.689 0.696 0.687 0.703 0.656 0.669 0.668 0.653 0.619 0.638 0.636 0.727 0.700 0.370 0.136 0.152 0.155 0.094 0.099 0.129 0.122 
0.129 0.124 0.127 0.129 0.119 0.128 0.120 0.129 0.099 0.123 0.095 0.125 0.131 0.122 0.128 0.127 0.123 0.119 0.108 0.139 0.145 0.173 0.136 0.130 0.135 0.142 0.134 0.164 0.149 0.134 0.190 0.673 0.496 0.276 0.111 0.115 0.106 0.108 0.135 0.126 0.163 0.131 0.135 0.132 0.131 0.106 0.132 0.134 0.125 0.143 0.104 0.158 0.136 0.126 0.174 0.100 0.096 0.103 0.091 0.128 
0.092 0.127 0.128 0.122 0.130 0.127 0.099 0.128 0.137 0.092 0.129 0.097 0.093 0.090 0.092 0.129 0.127 0.131 0.131 0.107 0.159 0.128 0.139 0.103 0.143 0.122 0.165 0.142 0.114 0.140 0.117 0.150 0.106 0.110 0.173 0.132 0.109 0.120 0.141 0.102 0.100 0.138 0.153 0.143 0.146 0.139 0.157 0.136 0.117 0.130 0.128 0.133 0.113 0.135 0.183 0.103 0.139 0.106 0.118 0.123 
0.120 0.115 0.155 0.129 0.101 0.123 0.096 0.100 0.140 0.097 0.136 0.112 0.118 0.118 0.148 0.141 0.114 0.133 0.131 0.143 0.114 0.146 0.179 0.114 0.134 0.116 0.106 0.146 0.142 0.117 0.138 0.118 0.144 0.147 0.110 0.120 0.157 0.106 0.153 0.168 0.106 0.105 0.139 0.136 0.134 0.105 0.130 0.119 0.160 0.161 0.134 0.174 0.134 0.148 0.168 0.107 0.132 0.131 0.151 0.158 
0.148 0.152 0.140 0.151 0.140 0.150 0.171 0.142 0.164 0.228 0.192 0.151 0.145 0.153 0.161 0.156 0.141 0.148 0.130 0.152 0.158 0.156 0.167 0.152 0.137 0.161 0.150 0.134 0.154 0.147 0.228 0.178 0.160 0.128 0.180 0.158 0.168 0.190 0.168 0.122 0.167 0.219 0.178 0.192 0.153 0.175 0.146 0.158 0.175 0.154 0.152 0.182 0.162 0.185 0.186 0.158 0.166 0.177 0.177 0.191 
0.140 0.119 0.138 0.151 0.121 0.186 0.220 0.185 0.197 0.191 0.176 0.175 0.189 0.169 0.192 0.159 0.168 0.186 0.135 0.130 0.210 0.155 0.165 0.181 0.159 0.168 0.114 0.166 0.204 0.161 0.193 0.186 0.180 0.156 0.153 0.213 0.205 0.166 0.171 0.176 0.152 0.175 0.177 0.132 0.180 0.171 0.217 0.225 0.166 0.250 0.195 0.210 0.195 0.160 0.197 0.174 0.200 0.236 0.185 0.203 
0.163 0.254 0.219 0.220 0.233 0.174 0.207 0.171 0.195 0.192 0.157 0.179 0.178 0.188 0.225 0.180 0.218 0.178 0.192 0.177 0.189 0.234 0.205 0.223 0.200 0.220 0.208 0.223 0.223 0.183 0.190 0.171 0.168 0.198 0.208 0.197 0.199 0.208 0.188 0.179 0.177 0.160 0.192 0.190 0.210 0.204 0.210 0.235 0.210 0.219 0.172 0.186 0.229 0.212 0.235 0.211 0.216 0.198 0.272 0.220 
0.218 0.215 0.259 0.209 0.184 0.215 0.169 0.200 0.225 0.188 0.189 0.171 0.198 0.147 0.230 0.249 0.184 0.244 0.206 0.227 0.190 0.219 0.217 0.204 0.163 0.226 0.223 0.222 0.193 0.217 0.194 0.225 0.202 0.221 0.205 0.189 0.179 0.190 0.187 0.245 0.198 0.235 0.180 0.237 0.203 0.223 0.195 0.219 0.233 0.219 0.198 0.220 0.234 0.239 0.188 0.209 0.287 0.253 0.197 0.179 
0.216 0.221 0.227 0.247 0.223 0.154 0.181 0.180 0.198 0.226 0.155 0.186 0.247 0.217 0.262 0.228 0.243 0.201 0.301 0.234 0.262 0.229 0.166 0.201 0.229 0.234 0.184 0.191 0.220 0.248 0.267 0.184 0.259 0.231 0.185 0.195 0.215 0.233 0.176 0.211 0.157 0.246 0.222 0.224 0.209 0.229 0.203 0.231 0.276 0.345 0.269 0.209 0.198 0.187 0.236 0.171 0.224 0.240 0.280 0.192 
0.210 0.194 0.194 0.259 0.185 0.150 0.179 0.170 0.184 0.193 0.190 0.258 0.221 0.156 0.252 0.204 0.252 0.180 0.229 0.247 0.198 0.201 0.195 0.210 0.197 0.257 0.262 0.215 0.171 0.197 0.154 0.194 0.251 0.223 0.190 0.244 0.216 0.216 0.186 0.214 0.169 0.195 0.202 0.186 0.234 0.203 0.201 0.245 0.262 0.233 0.236 0.205 0.235 0.217 0.172 0.210 0.215 0.207 0.232 0.270 
0.216 0.212 0.262 0.227 0.259 0.249 0.206 0.192 0.187 0.211 0.178 0.219 0.223 0.224 0.213 0.196 0.208 0.234 0.267 0.216 0.228 0.240 0.245 0.170 0.292 0.248 0.205 0.277 0.251 0.231 0.215 0.218 0.180 0.218 0.234 0.220 0.227 0.203 0.179 0.219 0.167 0.252 0.242 0.239 0.245 0.150 0.198 0.209 0.221 0.204 0.201 0.216 0.247 0.247 0.225 0.206 0.173 0.219 0.249 0.200 
0.230 0.223 0.202 0.219 0.210 0.172 0.187 0.179 0.151 0.190 0.193 0.240 0.226 0.241 0.231 0.183 0.201 0.215 0.259 0.243 0.246 0.179 0.209 0.242 0.197 0.215 0.255 0.230 0.239 0.213 0.173 0.187 0.200 0.183 0.240 0.230 0.174 0.184 0.210 0.210 0.202 0.229 0.206 0.260 0.203 0.157 0.212 0.316 0.225 0.195 0.175 0.255 0.241 0.205 0.215 0.209 0.271 0.255 0.204 0.174 
0.199 0.300 0.177 0.246 0.238 0.196 0.233 0.165 0.194 0.212 0.181 0.256 0.221 0.199 0.235 0.230 0.219 0.234 0.238 0.256 0.295 0.198 0.205 0.235 0.198 0.224 0.252 0.262 0.215 0.205 0.188 0.172 0.206 0.244 0.232 0.197 0.170 0.155 0.188 0.215 0.192 0.195 0.262 0.243 0.204 0.172 0.185 0.215 0.256 0.229 0.243 0.180 0.199 0.237 0.205 0.214 0.227 0.227 0.259 0.198 
0.179 0.208 0.233 0.284 0.209 0.196 0.230 0.252 0.233 0.234 0.169 0.234 0.208 0.279 0.246 0.178 0.193 0.202 0.267 0.228 0.219 0.217 0.221 0.184 0.192 0.191 0.240 0.280 0.241 0.231 0.217 0.220 0.170 0.211 0.207 0.227 0.178 0.190 0.203 0.218 0.185 0.187 0.221 0.201 0.180 0.218 0.233 0.269 0.203 0.257 0.180 0.201 0.184 0.251 0.207 0.227 0.238 0.233 0.251 0.247 
0.184 0.216 0.261 0.171 0.196 0.200 0.217 0.177 0.139 0.105 0.133 0.136 0.139 0.136 0.143 0.147 0.104 0.149 0.144 0.134 0.154 0.144 0.159 0.107 0.151 0.143 0.144 0.168 0.129 0.127 0.099 0.136 0.153 0.141 0.135 0.139 0.136 0.133 0.095 0.145 0.140 0.151 0.144 0.139 0.114 0.138 0.145 0.144 0.121 0.131 0.148 0.152 0.140 0.139 0.100 0.135 0.139 0.155 0.123 0.158 
0.130 0.144 0.129 0.144 0.121 0.155 0.135 0.123 0.118 0.121 0.092 0.135 0.135 0.135 0.136 0.149 0.141 0.146 0.145 0.101 0.150 0.160 0.130 0.138 0.127 0.154 0.135 0.145 0.113 0.108 0.152 0.155 0.120 0.137 0.126 0.137 0.127 0.134 0.131 0.127 0.136 0.105 0.135 0.143 0.151 0.136 0.127 0.167 0.120 0.105 0.163 0.146 0.139 0.130 0.135 0.135 0.109 0.159 0.143 0.137 
