0.070 0.060 0.101 0.094 0.070 0.058 0.075 0.092 0.037 0.077 0.093 0.032 0.065 0.056 0.075 0.064 0.063 0.068 0.145 0.061 0.079 0.062 0.068 0.053 0.069 0.078 0.067 0.067 0.053 0.077 0.033 0.091 0.075 0.071 0.051 0.063 0.035 0.083 0.039 0.061 0.062 0.095 0.046 0.075 0.068 0.033 0.078 0.084 0.062 0.079 0.045 0.078 0.079 0.063 0.070 0.053 0.057 0.084 0.061 0.068 
0.054 0.099 0.118 0.047 0.037 0.026 0.054 0.060 0.067 0.051 0.082 0.051 0.063 0.084 0.067 0.065 0.076 0.092 0.088 0.108 0.080 0.037 0.082 0.075 0.056 0.041 0.061 0.054 0.069 0.064 0.087 0.045 0.056 0.030 0.078 0.056 0.072 0.049 0.070 0.070 0.058 0.018 0.055 0.091 0.054 0.068 0.044 0.048 0.071 0.054 0.040 0.042 0.050 0.079 0.055 0.074 0.041 0.061 0.052 0.083 
0.065 0.082 0.089 0.060 0.041 0.056 0.024 0.029 0.082 0.040 0.064 0.049 0.042 0.056 0.085 0.018 0.081 0.047 0.060 0.045 0.101 0.049 0.074 0.047 0.031 0.034 0.060 0.048 0.047 0.060 0.084 0.057 0.070 0.056 0.024 0.047 0.055 0.060 0.043 0.038 0.022 0.080 0.032 0.040 0.055 0.044 0.041 -0.004 0.038 0.054 0.000 0.044 0.053 0.057 0.052 0.028 0.050 0.037 0.011 0.020 
0.044 0.060 0.032 0.058 0.016 0.020 0.044 0.062 0.059 0.037 0.064 0.039 0.054 0.044 0.041 0.047 0.026 0.017 0.172 0.048 0.026 0.060 0.047 0.063 0.068 0.030 0.052 0.036 0.063 0.053 0.038 0.063 0.064 0.062 0.026 0.025 0.005 0.055 0.034 0.032 0.015 0.020 0.025 0.027 0.043 0.029 0.031 0.030 0.024 0.035 0.031 0.035 0.045 0.046 0.065 0.049 0.032 0.025 0.026 0.041 
0.034 0.078 0.081 0.048 0.026 0.064 0.039 0.033 0.034 -0.019 0.046 0.042 0.023 0.027 0.035 0.028 0.032 0.004 0.026 0.040 0.001 0.048 0.041 0.079 0.055 0.040 0.049 0.062 0.004 0.062 0.062 0.049 0.055 -0.017 0.022 0.030 0.010 0.027 0.039 0.032 0.026 0.000 0.024 0.026 0.035 0.022 0.040 0.051 -0.002 0.052 0.019 0.042 0.046 0.055 0.070 0.012 0.019 0.066 0.042 0.047 
0.040 0.047 0.052 0.000 0.018 0.034 0.039 0.065 0.032 0.029 0.032 0.040 0.026 0.023 0.017 0.018 0.035 0.024 0.049 0.010 0.024 0.033 0.041 0.039 0.040 0.044 0.009 0.056 0.073 0.035 0.050 0.039 0.025 0.030 0.036 0.037 0.040 0.056 0.049 0.019 -0.007 0.015 0.021 0.028 0.050 0.067 -0.004 0.025 0.022 0.025 0.004 0.018 0.022 0.017 0.014 0.029 0.000 0.036 0.039 0.043 
0.013 0.046 0.028 0.014 0.033 0.012 0.023 0.006 0.007 -0.002 0.019 -0.105 0.039 0.019 0.002 0.005 0.004 0.239 0.225 0.005 0.009 0.043 0.031 0.045 0.026 0.037 0.017 0.020 0.029 0.018 0.031 0.027 -0.017 -0.022 0.004 -0.012 0.001 0.010 0.014 0.034 0.016 0.008 0.009 0.002 0.064 0.008 0.006 -0.010 -0.012 -0.016 -0.012 -0.009 -0.008 0.001 -0.015 -0.023 -0.028 -0.021 -0.020 -0.021 
-0.024 -0.019 -0.021 -0.015 -0.008 -0.015 -0.012 -0.018 -0.009 -0.004 -0.043 -0.010 -0.004 -0.010 -0.000 -0.020 -0.030 -0.014 -0.007 -0.027 -0.036 -0.024 -0.031 -0.049 -0.010 -0.020 -0.008 -0.007 -0.026 -0.025 -0.013 -0.031 -0.025 -0.026 -0.030 -0.013 -0.017 -0.040 -0.041 -0.017 -0.005 -0.047 -0.035 -0.013 -0.012 -0.024 -0.009 -0.010 -0.009 -0.015 -0.048 -0.024 -0.021 -0.016 -0.027 -0.024 -0.022 -0.026 -0.040 -0.049 
-0.028 -0.033 -0.014 -0.025 -0.031 -0.028 -0.030 -0.014 -0.028 -0.026 -0.029 -0.038 0.555 0.301 0.260 0.263 0.255 0.269 0.272 0.282 0.563 0.537 0.547 0.538 0.504 0.487 0.474 0.515 0.570 0.661 0.644 0.479 0.446 0.360 0.310 0.317 0.303 0.591 0.566 0.571 0.498 0.546 0.525 0.532 0.529 0.541 0.627 0.447 -0.041 -0.034 -0.075 -0.033 -0.035 -0.036 -0.031 -0.044 -0.036 -0.036 -0.058 -0.046 
-0.039 -0.016 0.000 -0.015 -0.026 -0.036 -0.029 -0.034 -0.047 -0.034 -0.044 -0.039 -0.037 -0.035 -0.038 -0.045 -0.068 -0.038 -0.031 -0.037 -0.040 -0.059 -0.029 -0.046 -0.068 -0.064 -0.065 -0.073 -0.034 -0.042 -0.035 -0.037 -0.020 -0.035 -0.071 0.274 0.415 0.269 0.005 -0.047 -0.049 -0.075 -0.066 -0.004 -0.030 -0.058 -0.038 -0.038 -0.073 -0.076 -0.074 -0.075 -0.036 -0.048 -0.073 -0.044 -0.044 -0.034 -0.030 -0.036 
-0.030 -0.039 -0.032 -0.034 -0.036 -0.035 -0.043 -0.037 -0.038 -0.029 -0.053 -0.043 -0.031 -0.038 -0.044 -0.043 -0.036 -0.038 -0.037 -0.040 -0.044 -0.048 -0.053 -0.047 -0.047 -0.050 -0.043 -0.047 -0.044 -0.044 -0.043 -0.045 -0.037 -0.056 -0.068 -0.046 -0.040 -0.031 -0.031 -0.036 -0.044 -0.034 -0.012 -0.024 -0.017 -0.029 -0.037 -0.034 -0.046 -0.049 -0.052 -0.040 -0.038 -0.044 -0.036 -0.038 -0.029 -0.073 -0.065 -0.034 
-0.059 -0.025 -0.067 -0.040 -0.075 -0.073 -0.052 -0.034 -0.041 -0.037 -0.037 -0.075 -0.036 -0.055 -0.043 -0.072 -0.065 -0.040 -0.036 -0.078 -0.037 -0.073 -0.027 -0.060 -0.055 -0.027 -0.076 -0.026 -0.076 -0.070 -0.078 -0.033 -0.046 -0.033 -0.063 -0.060 -0.050 -0.024 -0.042 -0.056 -0.028 -0.050 -0.055 -0.053 -0.050 -0.045 -0.050 -0.050 -0.020 -0.029 -0.060 -0.054 -0.052 -0.029 -0.009 -0.034 -0.025 -0.016 -0.020 -0.053 
-0.028 -0.030 -0.027 -0.005 -0.018 -0.000 -0.038 -0.006 -0.036 0.012 -0.020 -0.020 -0.022 -0.002 -0.039 -0.045 -0.043 0.009 -0.002 0.181 0.010 -0.012 0.001 0.027 0.020 0.013 -0.002 0.008 -0.038 0.006 0.017 0.008 0.020 0.006 0.012 0.016 0.003 0.010 0.019 0.017 0.019 0.006 0.014 0.042 0.025 0.010 0.026 0.020 0.004 0.018 0.022 0.045 0.045 0.033 0.032 0.028 0.047 0.052 0.025 0.041 
0.011 0.092 0.043 0.048 0.003 0.030 0.016 0.024 0.042 0.022 0.069 0.033 0.042 0.064 0.047 0.051 0.041 0.063 0.024 0.040 0.040 0.034 0.055 0.057 0.051 0.017 0.076 0.043 0.063 0.042 0.073 0.052 0.046 0.051 0.054 0.075 0.011 0.014 0.037 0.074 0.103 0.041 0.049 0.050 0.037 0.009 0.063 0.063 0.059 0.023 0.048 0.038 0.024 0.052 0.034 0.020 0.048 0.040 0.047 0.046 
0.028 0.033 0.014 0.036 0.044 0.051 0.037 0.051 -0.005 0.062 0.072 0.041 0.025 0.029 0.042 0.049 0.037 0.074 0.028 0.011 0.046 0.063 0.046 0.028 0.029 0.072 0.039 0.031 0.048 0.043 0.050 0.027 0.052 0.064 0.029 0.015 0.053 0.071 0.050 0.039 0.015 0.033 0.044 0.061 0.044 0.049 0.076 0.031 0.055 0.013 0.033 0.052 0.077 0.043 0.015 0.048 0.064 0.044 0.019 0.040 
0.051 0.066 0.040 0.043 0.009 0.009 0.031 0.029 0.039 0.050 0.017 0.046 0.037 0.073 0.037 0.033 0.039 0.073 0.018 0.038 0.033 0.053 0.037 0.071 0.043 0.026 0.058 0.041 0.074 0.069 0.064 0.139 0.051 0.048 0.020 0.042 0.043 0.058 0.033 0.053 0.087 0.027 0.027 0.054 0.040 0.047 0.045 0.024 0.034 0.033 0.028 0.056 0.060 0.078 0.034 0.054 0.031 0.047 0.047 0.077 
0.007 0.081 0.038 0.080 0.125 0.170 0.192 0.100 0.129 0.107 0.040 0.007 0.001 0.041 0.064 0.036 0.040 0.023 0.039 0.015 0.056 0.041 0.076 0.014 0.058 0.039 0.004 0.016 0.054 0.002 0.067 0.055 0.025 0.035 0.032 0.035 0.043 0.010 0.033 0.015 0.039 0.020 0.024 0.026 0.036 0.042 0.026 0.032 0.027 -0.005 0.017 0.032 0.034 0.022 0.065 0.051 0.038 0.030 0.081 0.031 
0.002 0.039 0.013 0.022 0.057 0.019 0.006 0.015 0.042 0.043 0.061 0.056 0.017 0.036 0.035 0.035 0.064 0.095 0.004 0.034 0.034 0.016 0.022 0.068 0.054 0.063 0.019 0.010 0.046 0.065 0.062 0.005 0.068 0.001 0.037 -0.009 -0.001 0.027 0.005 0.029 0.046 0.038 0.007 0.055 0.031 0.005 0.083 0.041 0.044 0.025 0.063 0.048 0.045 0.045 0.061 0.058 0.035 0.096 0.037 0.021 
0.054 0.062 0.035 0.007 0.051 0.075 0.010 0.059 0.015 0.052 0.042 0.028 0.045 0.024 0.029 0.046 0.033 0.030 0.016 0.019 0.040 0.065 0.034 0.012 0.035 0.027 0.067 0.055 0.023 0.042 0.059 -0.006 0.018 0.014 0.019 0.021 0.033 0.060 0.022 0.040 0.037 0.037 0.041 0.056 -0.013 0.037 0.022 0.017 -0.003 0.017 0.052 0.040 0.068 -0.001 0.039 0.067 0.037 0.035 0.041 0.057 
0.015 0.052 0.049 0.016 0.045 0.001 0.009 0.049 0.045 0.011 0.006 -0.005 0.024 0.030 0.037 0.065 0.053 0.020 0.021 0.013 0.034 0.025 0.033 0.055 0.057 0.033 0.032 0.039 0.040 0.040 0.023 0.038 0.025 -0.001 -0.006 0.024 0.041 0.048 0.034 0.049 0.048 -0.000 0.020 0.035 0.013 0.027 0.016 0.018 0.008 0.023 -0.006 0.057 0.047 0.021 0.055 0.042 -0.010 0.023 0.032 0.027 
0.029 0.056 0.042 0.041 0.002 0.014 0.006 -0.000 0.025 0.063 0.024 0.032 0.096 0.043 0.042 0.033 0.067 0.021 0.044 -0.010 0.028 0.052 0.047 -0.000 0.039 0.038 0.030 0.029 0.001 0.065 0.054 0.036 0.034 0.031 -0.007 0.019 0.024 0.017 0.003 0.039 0.024 0.024 0.029 0.034 0.009 0.023 0.031 0.018 0.018 -0.018 0.036 0.041 0.056 0.050 0.053 0.070 0.008 0.021 0.037 0.049 
-0.024 0.027 0.039 0.048 0.059 0.023 0.013 0.045 0.047 0.065 0.010 0.014 0.027 0.031 -0.006 0.051 0.033 0.014 0.000 0.010 0.038 0.025 0.050 0.041 0.020 0.046 0.022 0.012 0.031 0.020 0.097 0.156 0.113 0.115 0.144 0.143 0.138 0.102 0.110 0.136 0.110 0.083 0.041 0.130 0.064 0.047 0.081 0.045 0.163 0.167 0.146 0.131 0.152 0.155 0.080 0.124 0.125 0.072 0.089 0.066 
0.063 0.028 0.046 0.034 0.042 0.005 0.037 0.045 -0.001 0.052 0.023 0.026 0.016 0.029 0.036 0.054 0.053 0.031 0.027 0.003 0.041 0.018 0.058 0.040 0.049 0.037 -0.008 0.035 0.029 0.036 0.040 0.027 0.045 0.038 0.004 0.022 0.022 -0.009 0.034 0.065 0.056 0.022 -0.022 0.005 -0.018 -0.005 0.013 0.041 0.042 0.004 0.040 0.035 0.045 0.042 0.061 0.022 0.026 0.014 0.017 0.033 
0.077 0.002 -0.007 0.037 0.035 0.030 0.039 0.042 0.045 0.065 0.053 0.024 0.035 -0.009 0.036 0.004 0.064 0.027 0.030 -0.003 0.032 0.040 0.067 0.041 0.058 0.033 -0.004 0.023 0.029 0.047 0.062 0.053 0.019 0.013 0.023 0.072 0.005 0.030 0.023 0.062 0.007 0.035 0.029 0.044 0.021 0.003 0.067 0.020 -0.002 0.028 0.031 0.030 0.015 0.029 0.022 0.056 0.011 0.031 0.016 0.023 
