0.126 0.119 0.091 0.137 0.129 0.132 0.129 0.147 0.132 0.134 0.093 0.123 0.120 0.129 0.114 0.115 0.109 0.145 0.118 0.137 0.123 0.122 0.093 0.123 0.134 0.051 0.139 0.122 0.095 0.122 0.119 0.156 0.138 0.092 0.097 0.131 0.085 0.096 0.140 0.124 0.120 0.136 0.129 0.124 0.138 0.115 0.123 0.130 0.085 0.125 0.121 0.135 0.120 0.120 0.115 0.114 0.116 0.115 0.726 0.481 
0.460 0.443 0.426 0.440 0.607 0.702 0.670 0.685 0.718 0.693 0.641 0.691 0.736 0.792 0.780 0.642 0.641 0.574 0.491 0.673 0.686 0.684 0.688 0.684 0.668 0.668 0.682 0.806 0.824 0.134 0.117 0.117 0.078 0.085 0.116 0.116 0.119 0.110 0.115 0.115 0.117 0.114 0.091 0.102 0.119 0.086 0.114 0.116 0.117 0.116 0.116 0.078 0.117 0.118 0.125 0.112 0.110 0.083 0.088 0.121 
0.117 0.083 0.115 0.115 0.113 0.114 0.076 0.114 0.115 0.113 0.118 0.113 0.113 0.082 0.082 0.083 0.076 0.118 0.120 0.106 0.166 0.697 0.521 0.283 0.197 0.119 0.111 0.119 0.111 0.131 0.138 0.110 0.118 0.110 0.123 0.123 0.122 0.112 0.121 0.118 0.126 0.096 0.093 0.119 0.127 0.118 0.115 0.115 0.115 0.116 0.113 0.108 0.116 0.084 0.114 0.120 0.108 0.121 0.134 0.132 
0.095 0.104 0.132 0.140 0.141 0.102 0.139 0.132 0.142 0.109 0.138 0.153 0.093 0.141 0.128 0.112 0.140 0.103 0.115 0.103 0.141 0.107 0.126 0.096 0.121 0.135 0.139 0.119 0.110 0.103 0.151 0.136 0.125 0.134 0.105 0.112 0.106 0.138 0.141 0.151 0.143 0.142 0.134 0.098 0.096 0.117 0.132 0.109 0.138 0.127 0.137 0.115 0.109 0.101 0.093 0.099 0.104 0.101 0.116 0.126 
0.134 0.146 0.100 0.136 0.143 0.098 0.135 0.133 0.106 0.144 0.109 0.107 0.101 0.133 0.101 0.140 0.146 0.145 0.125 0.134 0.136 0.099 0.102 0.118 0.131 0.132 0.096 0.132 0.090 0.132 0.124 0.120 0.129 0.130 0.101 0.091 0.133 0.129 0.136 0.115 0.113 0.145 0.127 0.133 0.132 0.127 0.142 0.108 0.105 0.131 0.116 0.131 0.136 0.122 0.126 0.090 0.052 0.108 0.078 0.110 
0.084 0.077 0.111 0.111 0.107 0.115 0.077 0.076 0.078 0.118 0.111 0.085 0.110 0.086 0.081 0.084 0.078 0.116 0.088 0.116 0.113 0.098 0.094 0.115 0.077 0.114 0.084 0.115 0.077 0.083 0.078 0.084 0.079 0.116 0.112 0.117 0.089 0.108 0.082 0.125 0.081 0.083 0.085 0.113 0.090 0.112 0.115 0.080 0.085 0.078 0.087 0.111 0.086 0.113 0.118 0.078 0.114 0.109 0.084 0.113 
0.087 0.110 0.117 0.080 0.115 0.110 0.084 0.080 0.116 0.077 0.087 0.082 0.111 0.089 0.115 0.109 0.118 0.127 0.113 0.121 0.113 0.117 0.118 0.115 0.113 0.087 0.124 0.116 0.117 0.122 0.119 0.126 0.089 0.115 0.122 0.112 0.120 0.116 0.120 0.129 0.117 0.104 0.123 0.122 0.120 0.115 0.090 0.112 0.119 0.117 0.119 0.137 0.114 0.119 0.120 0.112 0.090 0.120 0.120 0.125 
0.118 0.122 0.120 0.122 0.118 0.115 0.120 0.118 0.115 0.112 0.118 0.120 0.081 0.122 0.133 0.117 0.126 0.120 0.122 0.124 0.124 0.126 0.118 0.119 0.124 0.084 0.131 0.144 0.123 0.121 0.086 0.126 0.124 0.133 0.103 0.120 0.134 0.123 0.131 0.143 0.122 0.130 0.114 0.124 0.126 0.098 0.124 0.113 0.121 0.126 0.125 0.102 0.124 0.132 0.140 0.123 0.131 0.093 0.123 0.124 
0.125 0.128 0.122 0.129 0.128 0.126 0.132 0.122 0.107 0.142 0.149 0.130 0.108 0.137 0.145 0.097 0.130 0.138 0.138 0.118 0.125 0.128 0.138 0.147 0.102 0.127 0.127 0.133 0.125 0.121 0.136 0.159 0.151 0.103 0.122 0.131 0.138 0.122 0.127 0.140 0.137 0.136 0.110 0.132 0.153 0.145 0.138 0.133 0.124 0.133 0.134 0.090 0.127 0.124 0.107 0.140 0.130 0.094 0.123 0.126 
0.132 0.126 0.146 0.145 0.123 0.138 0.139 0.133 0.132 0.141 0.129 0.127 0.102 0.138 0.130 0.141 0.138 0.129 0.138 0.127 0.097 0.138 0.121 0.139 0.129 0.120 0.131 0.125 0.128 0.120 0.128 0.133 0.106 0.131 0.133 0.102 0.137 0.094 0.139 0.137 0.134 0.130 0.121 0.131 0.093 0.134 0.141 0.126 0.162 0.122 0.141 0.140 0.144 0.140 0.113 0.138 0.136 0.130 0.148 0.131 
0.139 0.112 0.152 0.137 0.137 0.155 0.112 0.153 0.141 0.156 0.111 0.153 0.136 0.118 0.154 0.143 0.110 0.139 0.129 0.144 0.131 0.113 0.139 0.151 0.139 0.135 0.115 0.135 0.146 0.131 0.132 0.145 0.141 0.109 0.129 0.133 0.145 0.133 0.139 0.116 0.130 0.139 0.129 0.159 0.118 0.137 0.135 0.125 0.131 0.130 0.134 0.103 0.119 0.150 0.123 0.129 0.103 0.123 0.126 0.121 
0.134 0.127 0.142 0.134 0.113 0.140 0.130 0.144 0.134 0.134 0.137 0.093 0.104 0.144 0.147 0.136 0.103 0.128 0.135 0.124 0.136 0.138 0.103 0.157 0.138 0.136 0.134 0.137 0.097 0.141 0.133 0.117 0.110 0.131 0.136 0.107 0.139 0.144 0.135 0.136 0.095 0.130 0.138 0.151 0.141 0.143 0.111 0.127 0.135 0.145 0.134 0.139 0.111 0.137 0.105 0.127 0.139 0.125 0.129 0.131 
0.123 0.140 0.110 0.150 0.135 0.138 0.146 0.132 0.130 0.139 0.141 0.113 0.131 0.098 0.112 0.139 0.101 0.140 0.135 0.141 0.140 0.100 0.135 0.133 0.142 0.126 0.145 0.132 0.130 0.102 0.096 0.136 0.135 0.137 0.150 0.159 0.139 0.107 0.142 0.141 0.136 0.132 0.127 0.144 0.116 0.135 0.141 0.095 0.124 0.120 0.123 0.135 0.131 0.140 0.118 0.127 0.131 0.117 0.129 0.098 
0.123 0.131 0.143 0.133 0.150 0.099 0.137 0.137 0.130 0.137 0.137 0.132 0.137 0.110 0.143 0.144 0.138 0.125 0.127 0.102 0.134 0.136 0.132 0.101 0.127 0.125 0.130 0.130 0.111 0.113 0.131 0.127 0.113 0.141 0.117 0.145 0.137 0.142 0.130 0.115 0.140 0.132 0.127 0.136 0.154 0.109 0.141 0.098 0.134 0.138 0.137 0.132 0.128 0.114 0.130 0.136 0.129 0.124 0.132 0.120 
0.134 0.096 0.143 0.137 0.134 0.136 0.141 0.110 0.117 0.163 0.134 0.108 0.137 0.145 0.151 0.142 0.102 0.144 0.127 0.143 0.145 0.134 0.101 0.139 0.138 0.131 0.126 0.111 0.128 0.129 0.142 0.101 0.140 0.132 0.116 0.136 0.138 0.145 0.147 0.144 0.138 0.118 0.141 0.133 0.168 0.134 0.117 0.114 0.101 0.133 0.129 0.144 0.138 0.129 0.132 0.131 0.102 0.127 0.130 0.127 
0.126 0.103 0.141 0.131 0.137 0.130 0.119 0.114 0.145 0.104 0.135 0.133 0.149 0.108 0.159 0.168 0.116 0.128 0.153 0.122 0.103 0.143 0.124 0.140 0.127 0.098 0.144 0.129 0.132 0.095 0.137 0.131 0.129 0.136 0.152 0.143 0.142 0.111 0.128 0.142 0.149 0.103 0.108 0.108 0.163 0.155 0.110 0.143 0.130 0.131 0.128 0.107 0.129 0.137 0.139 0.134 0.139 0.133 0.128 0.104 
0.129 0.142 0.110 0.133 0.147 0.136 0.112 0.148 0.128 0.154 0.117 0.148 0.141 0.147 0.116 0.150 0.154 0.136 0.139 0.139 0.136 0.111 0.103 0.147 0.137 0.137 0.154 0.132 0.172 0.138 0.118 0.097 0.144 0.106 0.137 0.164 0.139 0.138 0.135 0.132 0.134 0.131 0.136 0.148 0.146 0.141 0.105 0.125 0.139 0.132 0.137 0.104 0.133 0.142 0.133 0.125 0.136 0.137 0.130 0.129 
0.130 0.152 0.140 0.147 0.135 0.136 0.132 0.149 0.107 0.145 0.135 0.140 0.101 0.137 0.152 0.147 0.110 0.116 0.124 0.135 0.131 0.110 0.132 0.141 0.131 0.134 0.139 0.100 0.134 0.133 0.135 0.136 0.130 0.155 0.123 0.134 0.146 0.126 0.128 0.109 0.136 0.133 0.183 0.164 0.104 0.143 0.144 0.137 0.147 0.103 0.138 0.134 0.133 0.127 0.131 0.111 0.109 0.140 0.130 0.135 
0.131 0.096 0.138 0.134 0.147 0.136 0.099 0.140 0.141 0.150 0.143 0.129 0.106 0.135 0.148 0.147 0.124 0.111 0.139 0.131 0.138 0.114 0.141 0.147 0.141 0.104 0.149 0.151 0.151 0.146 0.134 0.103 0.141 0.148 0.120 0.141 0.148 0.093 0.148 0.136 0.142 0.145 0.126 0.135 0.112 0.146 0.149 0.144 0.154 0.105 0.139 0.128 0.135 0.118 0.096 0.130 0.130 0.134 0.135 0.120 
0.106 0.130 0.147 0.122 0.175 0.139 0.138 0.137 0.106 0.138 0.131 0.125 0.132 0.100 0.144 0.116 0.134 0.137 0.132 0.138 0.107 0.137 0.134 0.126 0.143 0.104 0.311 0.189 0.191 0.195 0.170 0.177 0.205 0.192 0.177 0.196 0.196 0.186 0.205 0.165 0.201 0.169 0.198 0.219 0.204 0.211 0.232 0.179 0.216 0.181 0.190 0.216 0.235 0.206 0.177 0.186 0.186 0.186 0.176 0.206 
0.152 0.197 0.196 0.182 0.194 0.189 0.173 0.182 0.212 0.202 0.194 0.168 0.202 0.206 0.196 0.209 0.213 0.188 0.190 0.197 0.172 0.179 0.161 0.196 0.239 0.198 0.230 0.148 0.179 0.189 0.174 0.195 0.189 0.226 0.252 0.182 0.216 0.237 0.192 0.175 0.202 0.201 0.198 0.191 0.234 0.196 0.235 0.202 0.204 0.178 0.197 0.215 0.182 0.208 0.206 0.196 0.182 0.181 0.215 0.206 
0.201 0.208 0.190 0.190 0.202 0.231 0.212 0.213 0.203 0.185 0.193 0.219 0.209 0.194 0.221 0.236 0.241 0.211 0.164 0.198 0.193 0.217 0.189 0.227 0.157 0.195 0.198 0.177 0.181 0.182 0.200 0.365 0.175 0.193 0.230 0.198 0.228 0.172 0.200 0.211 0.195 0.192 0.186 0.185 0.212 0.203 0.182 0.203 0.195 0.196 0.197 0.155 0.199 0.184 0.200 0.182 0.199 0.189 0.187 0.169 
0.180 0.158 0.217 0.188 0.199 0.197 0.196 0.177 0.174 0.218 0.188 0.172 0.193 0.178 0.205 0.209 0.194 0.206 0.180 0.205 0.154 0.178 0.191 0.213 0.188 0.188 0.175 0.193 0.185 0.149 0.186 0.195 0.217 0.201 0.200 0.194 0.203 0.172 0.207 0.192 0.193 0.202 0.188 0.192 0.161 0.192 0.186 0.208 0.202 0.216 0.192 0.225 0.164 0.245 0.186 0.216 0.199 0.199 0.158 0.179 
0.192 0.214 0.202 0.194 0.209 0.170 0.219 0.213 0.196 0.195 0.213 0.183 0.187 0.239 0.205 0.192 0.216 0.215 0.191 0.192 0.204 0.189 0.180 0.194 0.170 0.149 0.187 0.212 0.175 0.177 0.204 0.185 0.200 0.162 0.215 0.192 0.211 0.212 0.169 0.215 0.190 0.214 0.197 0.182 0.209 0.187 0.203 0.181 0.167 0.187 0.175 0.189 0.205 0.192 0.176 0.136 0.173 0.187 0.177 0.168 
