0.196 0.152 0.153 0.175 0.159 0.181 0.226 0.199 0.207 0.121 0.126 0.168 0.160 0.150 0.164 0.150 0.168 0.152 0.125 0.097 0.110 0.102 0.107 0.091 0.102 0.065 0.098 0.104 0.097 0.075 0.110 0.078 0.109 0.103 0.106 0.104 0.067 0.135 0.095 0.102 0.065 0.108 0.097 0.111 0.100 0.103 0.074 0.080 0.125 0.109 0.092 0.101 0.059 0.100 0.103 0.089 0.097 0.099 0.107 0.064 
0.105 0.099 0.099 0.106 0.103 0.078 0.099 0.083 0.103 0.103 0.104 0.106 0.067 0.105 0.090 0.104 0.093 0.103 0.116 0.085 0.098 0.101 0.100 0.090 0.081 0.107 0.094 0.076 0.099 0.105 0.102 0.113 0.066 0.132 0.114 0.100 0.113 0.110 0.068 0.103 0.094 0.095 0.097 0.105 0.088 0.105 0.088 0.082 0.096 0.105 0.095 0.096 0.092 0.057 0.099 0.102 0.101 0.098 0.106 0.100 
0.060 0.100 0.107 0.094 0.098 0.091 0.111 0.083 0.062 0.094 0.098 0.094 0.092 0.094 0.101 0.101 0.022 0.111 0.099 0.087 0.096 0.087 0.133 0.103 0.060 0.091 0.078 0.094 0.091 0.105 0.104 0.099 0.097 0.056 0.096 0.096 0.092 0.101 0.101 0.098 0.086 0.096 0.095 0.099 0.103 0.059 0.106 0.075 0.089 0.099 0.085 0.093 0.088 0.088 0.090 0.087 0.090 0.059 0.097 0.096 
0.086 0.090 0.086 0.095 0.090 0.095 0.087 0.083 0.091 0.077 0.069 0.090 0.058 0.092 0.086 0.094 0.090 0.101 0.097 0.085 0.095 0.090 0.086 0.098 0.057 0.094 0.094 0.084 0.097 0.087 0.098 0.054 0.100 0.090 0.092 0.085 0.090 0.055 0.086 0.091 0.092 0.081 0.087 0.085 0.090 0.090 0.085 0.090 0.085 0.091 0.091 0.092 0.098 0.056 0.061 0.098 0.084 0.089 0.082 0.094 
0.081 0.088 0.090 0.090 0.091 0.085 0.089 0.088 0.085 0.093 0.102 0.084 0.058 0.087 0.092 0.063 0.086 0.636 0.365 0.382 0.366 0.367 0.382 0.358 0.384 0.534 0.715 0.665 0.650 0.657 0.608 0.588 0.622 0.586 0.635 0.753 0.764 0.566 0.519 0.450 0.394 0.368 0.351 0.368 0.692 0.568 0.649 0.601 0.610 0.606 0.583 0.572 0.611 0.761 0.574 0.088 0.050 0.055 0.081 0.089 
0.090 0.081 0.091 0.056 0.092 0.089 0.084 0.088 0.081 0.089 0.085 0.050 0.088 0.082 0.090 0.082 0.059 0.095 0.081 0.054 0.084 0.085 0.086 0.081 0.088 0.085 0.089 0.083 0.090 0.091 0.085 0.089 0.084 0.090 0.093 0.052 0.055 0.064 0.056 0.087 0.123 0.592 0.496 0.346 0.089 0.100 0.114 0.085 0.086 0.054 0.089 0.090 0.083 0.088 0.082 0.088 0.063 0.054 0.100 0.089 
0.091 0.082 0.091 0.098 0.084 0.089 0.082 0.086 0.088 0.050 0.090 0.050 0.087 0.081 0.090 0.088 0.069 0.073 0.087 0.084 0.084 0.082 0.080 0.083 0.083 0.083 0.091 0.098 0.091 0.087 0.087 0.086 0.079 0.081 0.081 0.083 0.055 0.081 0.082 0.050 0.078 0.082 0.084 0.082 0.085 0.049 0.083 0.051 0.049 0.082 0.082 0.051 0.087 0.053 0.083 0.053 0.058 0.082 0.051 0.093 
0.051 0.054 0.062 0.091 0.060 0.084 0.089 0.052 0.056 0.079 0.056 0.091 0.082 0.089 0.057 0.062 0.090 0.062 0.049 0.056 0.083 0.087 0.083 0.091 0.053 0.091 0.049 0.092 0.058 0.067 0.084 0.096 0.052 0.064 0.093 0.054 0.063 0.055 0.094 0.086 0.088 0.059 0.058 0.060 0.103 0.056 0.096 0.058 0.062 0.091 0.063 0.055 0.092 0.063 0.066 0.078 0.052 0.095 0.056 0.114 
0.062 0.069 0.055 0.063 0.059 0.102 0.059 0.063 0.061 0.068 0.092 0.094 0.064 0.097 0.081 0.111 0.073 0.075 0.088 0.079 0.068 0.095 0.073 0.109 0.104 0.098 0.109 0.099 0.078 0.146 0.115 0.115 0.075 0.107 0.093 0.106 0.120 0.065 0.065 0.090 0.104 0.108 0.097 0.107 0.134 0.129 0.084 0.131 0.111 0.101 0.097 0.096 0.076 0.106 0.099 0.108 0.098 0.108 0.072 0.113 
0.122 0.096 0.102 0.100 0.071 0.109 0.112 0.110 0.108 0.108 0.069 0.114 0.109 0.103 0.162 0.085 0.108 0.085 0.129 0.124 0.114 0.084 0.106 0.120 0.118 0.074 0.129 0.129 0.088 0.108 0.115 0.106 0.123 0.077 0.087 0.142 0.111 0.086 0.116 0.105 0.115 0.069 0.118 0.113 0.132 0.096 0.113 0.109 0.102 0.078 0.107 0.122 0.094 0.098 0.125 0.087 0.119 0.119 0.074 0.115 
0.118 0.120 0.102 0.114 0.088 0.128 0.123 0.113 0.094 0.116 0.097 0.087 0.115 0.088 0.122 0.120 0.077 0.118 0.122 0.107 0.109 0.074 0.126 0.111 0.103 0.126 0.076 0.114 0.113 0.085 0.101 0.108 0.076 0.106 0.120 0.097 0.106 0.109 0.106 0.095 0.107 0.112 0.116 0.106 0.103 0.125 0.113 0.142 0.092 0.125 0.081 0.144 0.102 0.089 0.118 0.106 0.117 0.094 0.111 0.118 
0.121 0.121 0.080 0.108 0.100 0.113 0.106 0.105 0.090 0.116 0.122 0.081 0.113 0.115 0.128 0.106 0.109 0.127 0.110 0.079 0.116 0.116 0.118 0.082 0.124 0.106 0.110 0.113 0.081 0.124 0.128 0.080 0.104 0.114 0.122 0.114 0.094 0.105 0.108 0.115 0.074 0.115 0.083 0.121 0.124 0.091 0.133 0.081 0.131 0.116 0.124 0.100 0.116 0.111 0.106 0.108 0.111 0.119 0.125 0.132 
0.118 0.095 0.094 0.103 0.109 0.116 0.158 0.123 0.118 0.125 0.103 0.083 0.075 0.122 0.117 0.116 0.124 0.124 0.121 0.080 0.091 0.117 0.115 0.082 0.110 0.110 0.119 0.083 0.109 0.132 0.129 0.116 0.107 0.081 0.128 0.134 0.080 0.096 0.081 0.076 0.113 0.109 0.113 0.113 0.109 0.126 0.113 0.116 0.123 0.127 0.090 0.115 0.076 0.128 0.108 0.089 0.122 0.075 0.085 0.136 
0.132 0.077 0.119 0.110 0.128 0.096 0.115 0.093 0.100 0.113 0.109 0.109 0.087 0.077 0.125 0.081 0.102 0.119 0.078 0.085 0.152 0.104 0.115 0.123 0.106 0.070 0.111 0.117 0.094 0.134 0.129 0.126 0.124 0.113 0.087 0.121 0.124 0.122 0.118 0.112 0.079 0.116 0.073 0.117 0.126 0.130 0.110 0.116 0.091 0.118 0.081 0.126 0.108 0.078 0.077 0.112 0.109 0.123 0.118 0.119 
0.092 0.109 0.126 0.116 0.090 0.150 0.418 0.787 0.794 0.786 0.805 0.724 0.168 0.114 0.115 0.128 0.108 0.098 0.111 0.131 0.091 0.103 0.101 0.111 0.113 0.122 0.096 0.122 0.107 0.105 0.115 0.113 0.112 0.092 0.115 0.115 0.117 0.085 0.113 0.105 0.084 0.114 0.119 0.093 0.098 0.121 0.108 0.080 0.121 0.111 0.107 0.104 0.114 0.118 0.105 0.081 0.107 0.091 0.104 0.111 
0.122 0.112 0.119 0.118 0.119 0.084 0.127 0.111 0.071 0.111 0.081 0.114 0.146 0.104 0.131 0.168 0.145 0.122 0.120 0.113 0.146 0.137 0.146 0.115 0.150 0.112 0.108 0.140 0.148 0.135 0.090 0.110 0.072 0.081 0.122 0.097 0.111 0.106 0.109 0.105 0.107 0.115 0.116 0.085 0.115 0.109 0.107 0.088 0.115 0.108 0.122 0.087 0.109 0.087 0.119 0.120 0.105 0.129 0.075 0.100 
0.129 0.127 0.127 0.129 0.091 0.095 0.139 0.079 0.087 0.160 0.123 0.082 0.110 0.117 0.124 0.118 0.115 0.109 0.082 0.075 0.094 0.090 0.105 0.096 0.115 0.117 0.106 0.095 0.095 0.103 0.087 0.074 0.108 0.112 0.140 0.129 0.123 0.116 0.100 0.120 0.080 0.116 0.078 0.105 0.146 0.102 0.116 0.111 0.122 0.115 0.110 0.095 0.100 0.116 0.114 0.112 0.089 0.117 0.079 0.102 
0.117 0.083 0.130 0.110 0.121 0.103 0.145 0.124 0.120 0.116 0.119 0.078 0.114 0.103 0.123 0.099 0.081 0.123 0.117 0.113 0.099 0.112 0.110 0.085 0.096 0.110 0.126 0.088 0.117 0.130 0.128 0.116 0.110 0.092 0.087 0.144 0.125 0.106 0.112 0.074 0.112 0.114 0.129 0.123 0.127 0.100 0.118 0.117 0.104 0.109 0.122 0.099 0.112 0.111 0.114 0.082 0.110 0.114 0.133 0.102 
0.123 0.114 0.111 0.109 0.120 0.099 0.110 0.115 0.110 0.117 0.120 0.091 0.084 0.107 0.153 0.091 0.110 0.123 0.109 0.125 0.090 0.112 0.112 0.093 0.106 0.116 0.114 0.110 0.111 0.113 0.086 0.114 0.106 0.113 0.109 0.080 0.123 0.111 0.120 0.079 0.116 0.122 0.110 0.120 0.099 0.143 0.112 0.106 0.091 0.099 0.126 0.122 0.097 0.113 0.103 0.121 0.115 0.135 0.096 0.143 
0.129 0.076 0.114 0.113 0.126 0.101 0.091 0.126 0.110 0.109 0.125 0.076 0.124 0.116 0.102 0.114 0.126 0.133 0.082 0.116 0.117 0.128 0.146 0.088 0.084 0.106 0.131 0.121 0.086 0.123 0.111 0.128 0.119 0.102 0.122 0.126 0.125 0.090 0.126 0.115 0.102 0.097 0.093 0.110 0.127 0.124 0.125 0.096 0.117 0.118 0.115 0.086 0.137 0.102 0.111 0.117 0.125 0.091 0.124 0.087 
0.095 0.119 0.114 0.116 0.135 0.135 0.084 0.140 0.115 0.099 0.127 0.116 0.118 0.139 0.147 0.113 0.133 0.098 0.090 0.124 0.089 0.122 0.124 0.085 0.136 0.129 0.090 0.124 0.119 0.146 0.084 0.118 0.125 0.121 0.086 0.083 0.114 0.135 0.083 0.121 0.122 0.122 0.113 0.100 0.146 0.133 0.125 0.093 0.124 0.112 0.120 0.083 0.097 0.133 0.096 0.110 0.110 0.100 0.115 0.118 
0.127 0.100 0.117 0.112 0.126 0.117 0.088 0.135 0.098 0.079 0.073 0.111 0.111 0.095 0.145 0.128 0.083 0.117 0.123 0.084 0.118 0.129 0.091 0.124 0.121 0.094 0.125 0.080 0.095 0.120 0.119 0.097 0.119 0.121 0.110 0.087 0.117 0.140 0.092 0.121 0.122 0.121 0.117 0.116 0.083 0.104 0.088 0.120 0.115 0.086 0.123 0.125 0.092 0.115 0.121 0.122 0.112 0.108 0.090 0.123 
0.120 0.128 0.117 0.088 0.083 0.119 0.094 0.128 0.124 0.126 0.086 0.116 0.121 0.120 0.132 0.094 0.105 0.124 0.109 0.119 0.092 0.085 0.122 0.100 0.115 0.119 0.078 0.118 0.112 0.117 0.131 0.110 0.109 0.116 0.139 0.083 0.117 0.121 0.097 0.105 0.108 0.124 0.079 0.113 0.118 0.104 0.106 0.104 0.111 0.113 0.071 0.080 0.108 0.114 0.110 0.108 0.109 0.103 0.079 0.115 
0.083 0.109 0.073 0.112 0.108 0.123 0.121 0.086 0.134 0.112 0.111 0.069 0.109 0.115 0.117 0.114 0.082 0.087 0.104 0.117 0.108 0.089 0.269 0.119 0.113 0.117 0.116 0.093 0.107 0.110 0.129 0.205 0.121 0.111 0.170 0.174 0.200 0.191 0.116 0.086 0.102 0.111 0.102 0.300 0.159 0.175 0.163 0.169 0.176 0.173 0.136 0.170 0.189 0.166 0.165 0.135 0.183 0.168 0.192 0.176 
