-0.038 0.026 0.012 0.007 -0.003 -0.001 -0.001 -0.027 0.023 0.008 0.002 0.013 0.009 -0.032 0.012 0.004 0.024 0.007 0.006 -0.008 -0.021 -0.026 0.001 0.014 0.008 0.003 0.004 0.005 0.014 -0.026 0.014 0.004 0.010 0.001 0.006 0.002 0.010 -0.026 0.009 -0.018 -0.004 0.002 0.011 0.026 0.018 0.053 0.046 -0.023 -0.001 0.002 0.011 -0.010 0.003 0.007 -0.028 0.009 0.007 0.004 0.013 0.014 
-0.007 0.012 -0.023 0.014 0.014 0.002 0.007 0.012 -0.031 -0.000 -0.001 0.002 -0.028 0.002 0.013 -0.002 0.005 0.005 -0.003 -0.016 -0.032 0.003 0.026 0.015 -0.019 0.001 -0.007 0.002 0.007 0.006 0.007 0.015 -0.026 0.011 0.013 0.000 -0.025 0.003 0.002 -0.025 -0.003 -0.005 -0.033 -0.004 -0.004 -0.006 -0.002 -0.011 -0.031 -0.008 0.007 0.001 0.000 0.003 -0.005 -0.031 -0.020 -0.025 0.007 -0.019 
0.015 0.005 0.012 0.009 -0.032 0.012 0.001 0.006 0.014 -0.000 0.003 0.002 0.001 0.014 0.008 0.013 -0.032 -0.029 -0.008 0.007 0.007 -0.008 -0.036 -0.002 -0.034 0.008 -0.001 0.003 0.000 0.005 -0.019 0.008 0.004 -0.005 0.006 -0.005 -0.005 -0.013 0.017 0.004 -0.028 0.002 -0.001 -0.032 -0.031 -0.030 0.003 -0.008 -0.040 -0.002 -0.003 0.001 0.010 0.007 -0.018 0.001 0.005 -0.000 0.010 0.009 
-0.009 0.018 0.003 0.009 -0.011 0.006 0.016 -0.004 -0.012 -0.011 -0.001 0.005 0.024 0.010 -0.018 -0.020 -0.006 0.003 -0.004 -0.036 -0.005 -0.008 -0.002 0.003 0.168 0.008 -0.002 -0.001 0.007 -0.027 0.000 0.003 0.010 -0.028 -0.024 0.000 0.002 -0.003 -0.017 0.011 0.005 -0.024 0.000 0.002 -0.002 0.007 -0.028 -0.037 0.005 -0.008 -0.017 -0.033 -0.002 -0.002 -0.005 0.001 -0.001 -0.012 0.002 0.000 
0.011 -0.030 0.004 -0.005 0.005 0.001 -0.003 -0.001 0.002 -0.006 -0.036 -0.014 -0.027 -0.007 -0.005 -0.009 -0.003 -0.044 -0.025 0.003 -0.006 -0.011 -0.009 0.000 -0.005 -0.007 -0.000 -0.012 0.006 0.012 0.013 -0.019 -0.035 0.003 0.014 0.007 -0.029 -0.022 -0.018 0.027 -0.001 -0.001 -0.002 -0.004 -0.007 0.005 -0.014 -0.014 -0.009 -0.012 -0.010 -0.040 -0.011 -0.037 -0.045 0.001 -0.008 -0.006 0.014 0.000 
0.006 -0.005 0.012 -0.029 -0.010 0.009 -0.007 -0.030 -0.032 -0.035 0.001 -0.010 -0.005 -0.011 -0.005 -0.007 -0.015 -0.006 -0.012 0.016 -0.027 -0.002 -0.007 -0.007 -0.005 -0.001 0.007 0.007 -0.040 -0.005 -0.024 0.012 0.002 0.012 -0.001 -0.004 -0.033 -0.036 -0.012 -0.030 -0.006 -0.001 -0.005 -0.001 -0.041 -0.002 -0.012 -0.037 -0.002 -0.014 0.005 -0.008 -0.016 -0.008 -0.013 -0.033 -0.001 -0.015 0.012 -0.008 
-0.002 -0.005 0.002 0.003 -0.013 -0.004 0.001 -0.032 -0.023 -0.002 -0.027 0.007 0.001 0.004 -0.006 -0.005 -0.028 -0.080 -0.006 -0.038 -0.014 -0.007 -0.002 0.032 -0.006 0.001 -0.012 -0.025 -0.007 0.009 -0.003 -0.000 -0.013 -0.006 -0.005 -0.039 -0.004 -0.008 0.002 -0.004 -0.004 -0.013 -0.006 -0.035 -0.015 0.004 -0.007 -0.009 -0.033 -0.005 -0.005 -0.034 -0.001 -0.009 -0.011 -0.016 -0.013 -0.010 -0.004 -0.012 
-0.007 -0.048 -0.038 -0.003 -0.013 -0.012 -0.011 -0.012 -0.030 -0.023 0.001 -0.001 -0.009 -0.014 -0.021 -0.038 -0.016 -0.007 0.002 -0.013 -0.016 -0.016 -0.013 -0.008 -0.018 -0.008 -0.014 -0.010 -0.009 -0.016 -0.028 -0.030 -0.043 -0.042 -0.016 -0.007 -0.010 -0.008 -0.011 -0.018 -0.016 -0.052 -0.015 -0.012 -0.017 -0.007 -0.006 -0.004 -0.012 -0.008 -0.030 -0.031 -0.041 -0.013 -0.019 -0.015 -0.021 -0.014 -0.015 -0.014 
-0.015 -0.022 -0.014 -0.049 -0.022 -0.013 -0.020 -0.019 -0.016 -0.015 -0.013 -0.028 -0.040 -0.015 -0.024 -0.019 -0.024 -0.023 0.511 0.261 0.262 0.231 0.252 0.235 0.474 0.568 0.617 0.521 0.516 0.549 0.508 0.525 0.494 0.683 0.617 0.467 0.351 0.279 0.209 0.223 0.518 0.558 0.535 0.552 0.539 0.522 0.525 0.519 0.522 0.587 0.086 -0.020 -0.017 -0.047 -0.027 -0.016 -0.017 -0.018 -0.026 -0.017 
-0.023 -0.018 -0.018 -0.054 -0.019 -0.022 -0.021 -0.017 -0.024 -0.018 -0.026 -0.015 -0.018 -0.025 -0.015 -0.024 -0.042 -0.012 -0.019 -0.016 -0.056 -0.018 -0.015 -0.054 -0.013 -0.024 -0.019 -0.049 -0.053 -0.051 -0.020 -0.014 -0.050 -0.056 -0.047 -0.021 -0.005 -0.015 -0.011 0.033 0.533 0.370 0.164 -0.021 -0.019 -0.023 -0.009 -0.011 -0.013 -0.015 -0.024 -0.014 -0.019 -0.016 -0.049 -0.024 -0.017 -0.022 -0.017 -0.015 
-0.024 -0.017 -0.024 -0.016 -0.046 -0.022 -0.018 -0.055 -0.020 -0.018 -0.056 -0.018 -0.024 -0.021 -0.047 -0.021 -0.051 0.048 0.028 0.059 0.040 0.036 0.115 0.079 0.059 0.031 0.037 0.054 0.053 0.106 0.066 0.078 0.054 0.062 0.044 0.079 0.046 0.069 0.069 0.041 0.016 0.035 0.053 0.022 0.053 0.065 0.051 0.052 0.031 0.041 0.047 0.019 0.054 0.018 0.067 0.049 0.065 0.034 0.061 0.069 
0.061 0.103 0.062 0.041 0.026 0.057 0.055 0.052 0.075 0.060 0.047 0.056 0.040 0.056 0.037 0.050 0.073 0.042 0.068 0.054 0.033 0.006 0.047 0.069 0.053 0.048 0.042 0.089 0.072 0.053 0.058 0.042 0.068 0.063 0.055 0.071 0.046 0.086 0.049 0.029 0.072 0.057 0.058 0.016 0.057 0.048 0.040 0.056 0.041 0.031 0.036 0.015 0.028 0.031 0.019 0.035 0.067 0.059 0.068 0.056 
0.060 0.043 0.009 0.050 0.032 0.060 0.048 0.064 0.032 0.043 0.016 0.030 0.050 0.041 0.029 0.036 -0.082 0.095 0.036 0.011 0.015 0.040 0.066 0.050 0.043 0.025 0.026 0.053 0.032 0.039 0.032 0.041 0.010 0.038 0.043 0.035 0.037 0.039 0.047 0.028 0.013 0.028 0.026 0.024 0.040 0.037 0.019 0.025 0.040 0.013 -0.013 0.022 0.010 0.009 0.008 0.007 0.027 0.019 0.025 0.019 
0.009 0.006 0.017 0.028 0.016 0.008 0.013 -0.003 0.012 0.009 -0.002 0.019 -0.015 0.017 0.026 0.014 0.017 -0.010 0.012 0.008 0.001 0.008 0.002 0.011 -0.000 -0.006 0.009 0.001 0.005 0.005 0.006 0.021 0.010 0.003 -0.001 -0.021 0.001 -0.040 -0.002 -0.013 0.003 -0.007 0.002 -0.001 0.006 0.012 -0.002 0.000 -0.004 0.005 0.027 0.002 0.021 0.038 0.025 0.026 -0.010 -0.028 -0.012 -0.004 
-0.002 -0.004 -0.002 0.001 -0.011 -0.006 -0.001 -0.002 0.007 0.001 -0.000 0.008 0.021 0.009 0.016 0.028 0.036 0.516 0.295 0.279 0.303 0.317 0.385 0.500 0.522 0.562 0.536 0.541 0.522 0.535 0.546 0.484 0.542 0.632 0.662 0.569 0.468 0.324 0.270 0.438 0.584 0.509 0.564 0.583 0.507 0.524 0.525 0.559 0.482 0.580 0.659 0.422 -0.001 0.001 0.020 -0.028 -0.005 -0.027 -0.003 -0.002 
0.001 -0.009 -0.003 0.005 -0.001 0.003 -0.007 0.002 -0.002 -0.004 -0.010 -0.013 -0.001 -0.017 -0.007 -0.013 -0.017 -0.010 -0.015 -0.008 -0.017 -0.032 -0.007 -0.006 -0.001 -0.011 -0.009 -0.009 -0.011 -0.008 -0.004 -0.005 -0.008 -0.015 -0.005 -0.035 -0.005 0.004 -0.017 0.298 0.443 0.266 0.051 -0.039 -0.014 -0.014 -0.039 -0.001 0.011 -0.005 -0.009 -0.002 -0.009 -0.010 -0.011 -0.009 -0.007 -0.020 -0.005 -0.012 
-0.019 0.014 -0.009 -0.002 -0.024 -0.030 -0.003 -0.001 -0.005 -0.010 -0.006 -0.019 -0.010 -0.003 -0.004 -0.036 -0.012 -0.004 -0.012 -0.009 -0.014 -0.015 -0.009 -0.014 -0.046 -0.048 -0.011 -0.006 -0.008 0.001 -0.010 -0.012 -0.013 -0.010 -0.007 -0.013 -0.017 -0.043 -0.000 -0.043 -0.047 -0.012 -0.046 -0.044 -0.004 -0.038 -0.043 -0.010 -0.014 -0.016 -0.045 -0.014 -0.041 -0.044 -0.010 -0.031 -0.037 -0.035 -0.021 -0.026 
-0.019 -0.005 -0.006 -0.046 0.004 -0.045 -0.004 -0.038 -0.011 -0.017 -0.011 -0.013 -0.013 -0.017 -0.040 -0.049 -0.037 -0.035 -0.036 -0.001 0.005 0.007 -0.031 -0.032 -0.032 -0.034 -0.006 0.005 -0.012 -0.009 -0.011 -0.033 -0.044 -0.004 -0.011 -0.023 -0.012 -0.031 -0.036 -0.020 -0.004 -0.027 -0.018 -0.018 -0.011 0.004 -0.025 -0.002 -0.022 -0.038 0.009 -0.023 0.018 -0.017 0.020 -0.023 -0.021 -0.017 0.023 -0.014 
-0.009 0.028 -0.014 0.016 -0.006 0.013 0.066 -0.007 0.054 -0.019 -0.015 -0.012 -0.001 0.028 0.049 0.034 0.025 0.052 0.042 0.045 0.037 0.066 0.054 0.017 0.067 0.052 0.052 0.084 0.029 0.070 0.085 0.070 0.068 0.031 0.066 0.055 0.080 0.044 0.054 0.036 0.047 0.058 0.074 0.058 0.079 0.067 0.062 0.031 0.035 0.036 0.046 0.030 0.047 0.055 0.036 0.049 0.064 0.067 0.071 0.070 
0.078 0.058 0.062 0.071 0.085 0.093 0.070 0.027 0.033 0.050 0.053 0.077 0.046 0.072 0.087 0.062 0.061 0.083 0.057 0.095 0.070 0.094 0.081 0.063 0.046 0.057 0.043 0.075 0.067 0.096 0.063 0.071 0.060 0.064 0.091 0.102 0.056 0.060 0.072 0.092 0.069 0.063 0.070 0.075 0.077 0.079 0.057 0.034 0.069 0.070 0.092 0.043 0.079 0.079 0.052 0.069 0.023 0.084 0.049 0.085 
0.084 0.070 0.047 0.031 0.072 0.094 0.054 0.083 0.064 0.082 0.070 0.047 0.079 0.079 0.072 0.096 0.052 0.077 0.062 0.066 0.066 0.033 0.048 0.106 0.101 0.069 0.075 0.073 0.107 0.102 0.083 0.066 0.097 0.088 0.090 0.103 0.076 0.057 0.057 0.043 0.059 0.061 0.085 0.054 0.082 0.101 0.059 0.035 0.077 0.088 0.090 0.073 0.060 0.082 0.105 0.080 0.039 0.056 0.086 0.084 
0.088 0.061 0.044 0.076 0.076 0.101 0.072 0.036 0.074 0.072 0.086 0.058 0.100 0.079 0.068 0.083 0.090 0.083 0.108 0.086 0.044 0.052 0.067 0.097 0.089 0.074 0.098 0.086 0.080 0.085 0.083 0.101 0.056 0.059 0.054 0.123 0.088 0.114 0.100 0.064 0.065 0.052 0.104 0.070 0.097 0.065 0.078 0.058 0.057 0.077 0.098 0.118 0.052 0.083 0.058 0.060 0.084 0.066 0.097 0.086 
0.100 0.058 0.064 0.074 0.078 0.056 0.059 0.074 0.105 0.052 0.065 0.084 0.083 0.058 0.097 0.069 0.075 0.118 0.111 0.064 0.030 0.086 0.075 0.028 0.090 0.083 0.060 0.104 0.137 0.087 0.106 0.105 0.076 0.114 0.107 0.089 0.081 0.095 0.094 0.085 0.052 0.064 0.090 0.071 0.103 0.096 0.033 0.059 0.072 0.039 0.097 0.130 0.077 0.033 0.064 0.049 0.075 0.109 0.060 0.099 
0.062 0.074 0.079 0.059 0.079 0.119 0.085 0.089 0.107 0.054 0.057 0.077 0.047 0.071 0.088 0.047 0.064 0.082 0.061 0.089 0.112 0.059 0.085 0.045 0.074 0.069 0.086 0.076 0.053 0.074 0.095 0.064 0.086 0.084 0.046 0.089 0.064 0.093 0.039 0.060 0.071 0.097 0.044 0.110 0.107 0.059 0.087 0.049 0.072 0.082 0.067 0.066 0.065 0.045 0.092 0.055 0.070 0.061 0.071 0.071 
