0.165 0.195 0.137 0.221 0.158 0.147 0.196 0.176 0.167 0.157 0.196 0.168 0.137 0.177 0.181 0.185 0.164 0.178 0.209 0.179 0.172 0.180 0.148 0.144 0.223 0.132 0.173 0.183 0.146 0.175 0.185 0.158 0.197 0.175 0.171 0.133 0.189 0.181 0.180 0.195 0.166 0.170 0.195 0.178 0.158 0.189 0.173 0.149 0.192 0.189 0.122 0.159 0.166 0.206 0.184 0.211 0.135 0.151 0.159 0.153 
0.189 0.159 0.189 0.196 0.212 0.145 0.162 0.188 0.187 0.170 0.153 0.155 0.191 0.159 0.159 0.153 0.210 0.183 0.212 0.216 0.172 0.182 0.188 0.183 0.209 0.152 0.141 0.163 0.160 0.174 0.190 0.143 0.189 0.188 0.189 0.160 0.169 0.171 0.142 0.199 0.190 0.192 0.155 0.150 0.138 0.167 0.170 0.188 0.182 0.185 0.197 0.194 0.190 0.154 0.197 0.194 0.204 0.197 0.181 0.179 
0.159 0.161 0.149 0.196 0.193 0.153 0.149 0.148 0.163 0.183 0.168 0.214 0.149 0.150 0.161 0.162 0.167 0.190 0.162 0.190 0.191 0.171 0.156 0.160 0.183 0.169 0.182 0.172 0.167 0.163 0.180 0.175 0.128 0.193 0.195 0.155 0.165 0.159 0.163 0.156 0.163 0.141 0.167 0.151 0.177 0.165 0.156 0.195 0.179 0.159 0.163 0.197 0.181 0.171 0.150 0.217 0.182 0.135 0.161 0.186 
0.182 0.153 0.184 0.181 0.186 0.164 0.166 0.164 0.180 0.153 0.133 0.166 0.167 0.163 0.154 0.138 0.191 0.183 0.188 0.147 0.167 0.121 0.161 0.181 0.208 0.136 0.161 0.151 0.169 0.155 0.174 0.180 0.115 0.209 0.159 0.159 0.127 0.141 0.171 0.172 0.177 0.192 0.167 0.137 0.192 0.199 0.201 0.167 0.173 0.142 0.209 0.156 0.188 0.189 0.168 0.198 0.187 0.180 0.149 0.177 
0.166 0.209 0.170 0.177 0.171 0.173 0.187 0.171 0.191 0.131 0.222 0.141 0.150 0.197 0.176 0.181 0.175 0.179 0.163 0.161 0.175 0.181 0.148 0.180 0.171 0.195 0.138 0.162 0.153 0.165 0.157 0.155 0.124 0.197 0.205 0.184 0.186 0.191 0.159 0.172 0.188 0.201 0.143 0.183 0.173 0.133 0.193 0.210 0.170 0.188 0.165 0.122 0.174 0.166 0.164 0.197 0.178 0.167 0.152 0.164 
0.180 0.173 0.172 0.170 0.188 0.117 0.112 0.173 0.164 0.192 0.152 0.199 0.170 0.141 0.136 0.187 0.175 0.185 0.164 0.205 0.201 0.194 0.192 0.187 0.212 0.167 0.133 0.127 0.168 0.161 0.159 0.174 0.137 0.204 0.171 0.158 0.180 0.147 0.137 0.141 0.181 0.141 0.166 0.171 0.212 0.156 0.170 0.140 0.189 0.169 0.191 0.135 0.164 0.184 0.185 0.157 0.127 0.141 0.188 0.175 
0.194 0.177 0.147 0.161 0.218 0.188 0.158 0.191 0.170 0.180 0.189 0.182 0.125 0.152 0.193 0.156 0.141 0.159 0.183 0.195 0.169 0.149 0.176 0.163 0.155 0.209 0.184 0.173 0.148 0.164 0.232 0.212 0.182 0.187 0.141 0.189 0.173 0.208 0.147 0.173 0.195 0.165 0.163 0.150 0.190 0.205 0.187 0.167 0.198 0.177 0.196 0.183 0.150 0.196 0.195 0.179 0.138 0.151 0.164 0.171 
0.171 0.170 0.182 0.194 0.153 0.161 0.157 0.182 0.176 0.228 0.143 0.191 0.182 0.132 0.189 0.190 0.174 0.196 0.171 0.197 0.179 0.155 0.182 0.173 0.175 0.206 0.212 0.185 0.152 0.135 0.194 0.164 0.192 0.203 0.182 0.175 0.157 0.169 0.181 0.179 0.191 0.143 0.148 0.203 0.167 0.154 0.161 0.150 0.186 0.169 0.214 0.177 0.176 0.183 0.193 0.142 0.201 0.183 0.144 0.161 
0.167 0.145 0.194 0.200 0.219 0.223 0.172 0.151 0.176 0.171 0.181 0.151 0.166 0.166 0.210 0.205 0.175 0.160 0.182 0.191 0.162 0.191 0.177 0.146 0.142 0.167 0.190 0.166 0.185 0.189 0.177 0.186 0.174 0.176 0.200 0.194 0.204 0.181 0.170 0.167 0.209 0.145 0.185 0.215 0.183 0.187 0.169 0.194 0.178 0.169 0.181 0.162 0.208 0.188 0.166 0.212 0.168 0.195 0.174 0.153 
0.182 0.211 0.157 0.197 0.178 0.190 0.160 0.198 0.221 0.189 0.185 0.165 0.161 0.159 0.180 0.186 0.222 0.183 0.175 0.196 0.204 0.211 0.163 0.153 0.168 0.166 0.220 0.152 0.147 0.138 0.164 0.187 0.168 0.160 0.197 0.197 0.165 0.171 0.153 0.196 0.182 0.160 0.171 0.221 0.139 0.202 0.163 0.184 0.181 0.180 0.177 0.165 0.191 0.184 0.138 0.166 0.176 0.200 0.175 0.171 
0.159 0.172 0.170 0.197 0.227 0.170 0.170 0.159 0.175 0.183 0.174 0.164 0.209 0.195 0.195 0.177 0.158 0.168 0.181 0.277 0.244 0.184 0.163 0.206 0.175 0.187 0.166 0.161 0.146 0.170 0.189 0.205 0.217 0.204 0.214 0.182 0.212 0.248 0.178 0.165 0.204 0.196 0.163 0.168 0.172 0.168 0.206 0.154 0.195 0.200 0.199 0.202 0.138 0.161 0.194 0.164 0.177 0.148 0.170 0.182 
0.137 0.154 0.167 0.138 0.183 0.162 0.132 0.170 0.175 0.157 0.161 0.127 0.159 0.168 0.159 0.160 0.130 0.186 0.256 0.293 0.311 0.285 0.285 0.281 0.265 0.252 0.252 0.237 0.199 0.185 0.192 0.190 0.184 0.184 0.171 0.232 0.271 0.248 0.274 0.287 0.293 0.391 0.243 0.250 0.225 0.219 0.188 0.155 0.222 0.241 0.220 0.185 0.164 0.164 0.169 0.136 0.155 0.153 0.120 0.170 
0.159 0.164 0.130 0.167 0.128 0.128 0.136 0.159 0.154 0.147 0.116 0.145 0.157 0.160 0.151 0.195 0.167 0.179 0.154 0.151 0.160 0.177 0.175 0.165 0.164 0.135 0.171 0.165 0.137 0.153 0.151 0.132 0.149 0.161 0.145 0.152 0.151 0.135 0.152 0.112 0.154 0.153 0.144 0.151 0.154 0.166 0.130 0.183 0.151 0.188 0.166 0.158 0.122 0.145 0.153 0.178 0.171 0.194 0.160 0.172 
0.162 0.144 0.158 0.116 0.152 0.140 0.160 0.158 0.153 0.146 0.131 0.145 0.166 0.131 0.130 0.153 0.153 0.189 0.165 0.191 0.115 0.160 0.145 0.198 0.136 0.170 0.151 0.144 0.134 0.141 0.170 0.150 0.122 0.150 0.160 0.150 0.150 0.151 0.144 0.135 0.137 0.130 0.121 0.175 0.149 0.153 0.145 0.170 0.164 0.176 0.163 0.117 0.149 0.145 0.223 0.156 0.127 0.152 0.111 0.129 
0.167 0.116 0.141 0.150 0.169 0.139 0.137 0.140 0.149 0.132 0.135 0.156 0.158 0.159 0.135 0.147 0.115 0.163 0.120 0.182 0.161 0.161 0.182 0.165 0.168 0.147 0.185 0.143 0.141 0.139 0.133 0.131 0.130 0.148 0.019 0.151 0.127 0.119 0.118 0.127 0.181 0.192 0.145 0.158 0.121 0.169 0.175 0.122 0.166 0.175 0.154 0.151 0.156 0.170 0.176 0.193 0.133 0.137 0.133 0.175 
0.144 0.143 0.145 0.134 0.157 0.165 0.167 0.167 0.139 0.133 0.118 0.147 0.116 0.115 0.083 0.122 0.107 0.140 0.122 0.116 0.119 0.131 0.092 0.126 0.112 0.112 0.120 0.141 0.122 0.140 0.110 0.119 0.121 0.119 0.099 0.131 0.122 0.116 0.107 0.111 0.115 0.113 0.127 0.088 0.129 0.105 0.125 0.106 0.103 0.096 0.109 0.098 0.124 0.098 0.107 0.145 0.120 0.111 0.105 0.116 
0.108 0.118 0.091 0.116 0.116 0.120 0.112 0.101 0.105 0.110 0.131 0.111 0.116 0.103 0.106 0.067 0.107 0.113 0.115 0.087 0.098 0.103 0.120 0.104 0.179 0.147 0.093 0.140 0.099 0.110 0.101 0.092 0.120 0.089 0.060 0.665 0.404 0.384 0.397 0.389 0.391 0.396 0.415 0.689 0.665 0.609 0.692 0.625 0.569 0.609 0.625 0.606 0.689 0.741 0.718 0.703 0.576 0.478 0.414 0.380 
0.355 0.353 0.516 0.667 0.607 0.621 0.622 0.605 0.635 0.654 0.649 0.639 0.740 0.758 0.235 0.092 0.118 0.087 0.097 0.080 0.091 0.107 0.090 0.094 0.092 0.103 0.058 0.081 0.083 0.085 0.091 0.096 0.085 0.092 0.083 0.063 0.095 0.082 0.090 0.091 0.067 0.092 0.064 0.104 0.121 0.121 0.060 0.053 0.063 0.053 0.092 0.096 0.091 0.110 0.089 0.109 0.101 0.104 0.080 0.088 
0.149 0.617 0.476 0.318 0.087 0.088 0.092 0.123 0.106 0.056 0.103 0.062 0.089 0.055 0.053 0.061 0.051 0.057 0.089 0.087 0.095 0.070 0.066 0.067 0.086 0.091 0.054 0.090 0.084 0.086 0.057 0.052 0.089 0.059 0.083 0.092 0.085 0.090 0.082 0.143 0.198 0.225 0.200 0.217 0.200 0.167 0.159 0.145 0.173 0.162 0.121 0.094 0.132 0.136 0.095 0.123 0.059 0.143 0.214 0.191 
0.219 0.194 0.231 0.184 0.142 0.174 0.143 0.127 0.122 0.129 0.104 0.124 0.097 0.084 0.117 0.059 0.062 0.104 0.097 0.085 0.054 0.094 0.089 0.064 0.095 0.099 0.054 0.087 0.051 0.087 0.056 0.099 0.065 0.067 0.093 0.080 0.068 0.093 0.065 0.063 0.076 0.102 0.106 0.097 0.069 0.070 0.077 0.072 0.064 0.060 0.063 0.097 0.095 0.106 0.100 0.083 0.104 0.069 0.066 0.105 
0.094 0.076 0.072 0.102 0.065 0.070 0.087 0.104 0.073 0.079 0.068 0.069 0.099 0.102 0.072 0.108 0.085 0.089 0.072 0.070 0.076 0.100 0.129 0.069 0.098 0.062 0.067 0.059 0.075 0.108 0.098 0.123 0.111 0.118 0.092 0.112 0.113 0.109 0.108 0.100 0.096 0.068 0.099 0.116 0.104 0.122 0.116 0.121 0.095 0.100 0.112 0.108 0.122 0.141 0.121 0.090 0.155 0.110 0.115 0.119 
0.127 0.125 0.105 0.138 0.114 0.114 0.087 0.141 0.131 0.126 0.106 0.134 0.134 0.128 0.131 0.143 0.141 0.129 0.126 0.123 0.124 0.094 0.161 0.170 0.171 0.140 0.118 0.136 0.114 0.132 0.117 0.123 0.155 0.124 0.136 0.139 0.134 0.127 0.121 0.129 0.143 0.123 0.140 0.140 0.154 0.149 0.175 0.147 0.140 0.163 0.141 0.153 0.130 0.124 0.184 0.147 0.189 0.166 0.160 0.163 
0.141 0.151 0.142 0.149 0.111 0.125 0.128 0.145 0.146 0.155 0.158 0.182 0.145 0.140 0.147 0.142 0.146 0.160 0.172 0.150 0.146 0.135 0.140 0.171 0.159 0.152 0.121 0.166 0.160 0.144 0.156 0.167 0.152 0.151 0.124 0.135 0.126 0.152 0.149 0.155 0.146 0.156 0.160 0.156 0.160 0.150 0.146 0.115 0.164 0.149 0.157 0.167 0.154 0.173 0.167 0.128 0.142 0.115 0.138 0.152 
0.140 0.136 0.145 0.141 0.142 0.121 0.130 0.139 0.106 0.153 0.148 0.160 0.152 0.174 0.127 0.108 0.156 0.149 0.172 0.154 0.180 0.131 0.167 0.159 0.164 0.161 0.158 0.166 0.144 0.164 0.155 0.141 0.124 0.176 0.141 0.128 0.151 0.145 0.131 0.171 0.205 0.131 0.148 0.160 0.138 0.159 0.162 0.157 0.164 0.153 0.169 0.152 0.176 0.144 0.126 0.201 0.140 0.144 0.139 0.172 
