0.198 0.152 0.162 0.209 0.179 0.169 0.195 0.218 0.178 0.171 0.171 0.186 0.172 0.180 0.141 0.215 0.179 0.177 0.180 0.173 0.169 0.166 0.146 0.162 0.173 0.176 0.167 0.201 0.171 0.157 0.173 0.166 0.140 0.196 0.197 0.221 0.168 0.160 0.187 0.174 0.192 0.207 0.179 0.169 0.171 0.185 0.174 0.229 0.219 0.150 0.174 0.157 0.214 0.199 0.215 0.209 0.189 0.170 0.165 0.162 
0.141 0.182 0.191 0.184 0.245 0.174 0.149 0.225 0.232 0.180 0.187 0.164 0.158 0.162 0.161 0.177 0.176 0.161 0.166 0.173 0.253 0.207 0.196 0.216 0.200 0.181 0.175 0.154 0.174 0.199 0.179 0.203 0.182 0.213 0.174 0.162 0.167 0.179 0.180 0.174 0.129 0.172 0.172 0.197 0.204 0.184 0.214 0.199 0.160 0.200 0.178 0.186 0.183 0.193 0.163 0.169 0.179 0.141 0.166 0.201 
0.173 0.172 0.184 0.203 0.224 0.212 0.192 0.230 0.181 0.181 0.165 0.168 0.180 0.242 0.170 0.161 0.180 0.169 0.210 0.218 0.265 0.225 0.216 0.240 0.190 0.198 0.161 0.224 0.227 0.255 0.150 0.226 0.201 0.243 0.231 0.197 0.230 0.216 0.208 0.211 0.186 0.225 0.193 0.187 0.183 0.175 0.186 0.193 0.233 0.180 0.183 0.228 0.170 0.153 0.182 0.256 0.194 0.230 0.201 0.201 
0.177 0.156 0.188 0.236 0.185 0.181 0.194 0.196 0.200 0.261 0.211 0.189 0.256 0.229 0.175 0.183 0.202 0.179 0.255 0.197 0.193 0.212 0.170 0.190 0.193 0.192 0.208 0.170 0.232 0.179 0.188 0.204 0.216 0.210 0.182 0.225 0.228 0.199 0.183 0.207 0.192 0.183 0.181 0.217 0.167 0.175 0.213 0.171 0.186 0.197 0.193 0.157 0.169 0.184 0.170 0.191 0.258 0.205 0.180 0.222 
0.174 0.191 0.204 0.201 0.214 0.266 0.214 0.217 0.199 0.183 0.187 0.223 0.202 0.175 0.202 0.216 0.205 0.218 0.223 0.241 0.248 0.214 0.184 0.180 0.204 0.260 0.178 0.248 0.241 0.203 0.209 0.168 0.281 0.197 0.180 0.197 0.205 0.179 0.206 0.267 0.187 0.247 0.181 0.219 0.230 0.174 0.214 0.180 0.205 0.228 0.202 0.221 0.201 0.235 0.182 0.222 0.187 0.236 0.359 0.228 
0.220 0.176 0.217 0.208 0.196 0.190 0.205 0.252 0.198 0.201 0.225 0.192 0.217 0.259 0.187 0.232 0.186 0.214 0.199 0.221 0.216 0.198 0.183 0.195 0.180 0.188 0.171 0.156 0.183 0.195 0.177 0.193 0.171 0.165 0.179 0.180 0.193 0.167 0.260 0.228 0.193 0.224 0.193 0.194 0.202 0.267 0.198 0.178 0.211 0.190 0.215 0.207 0.194 0.279 0.158 0.185 0.198 0.179 0.173 0.208 
0.190 0.190 0.230 0.182 0.250 0.197 0.193 0.166 0.192 0.208 0.253 0.227 0.208 0.193 0.259 0.201 0.208 0.220 0.195 0.194 0.211 0.236 0.200 0.199 0.187 0.171 0.170 0.169 0.182 0.150 0.211 0.229 0.182 0.237 0.186 0.180 0.184 0.199 0.154 0.159 0.223 0.202 0.195 0.186 0.219 0.188 0.169 0.211 0.202 0.226 0.189 0.189 0.212 0.218 0.216 0.181 0.149 0.208 0.178 0.228 
0.242 0.228 0.206 0.191 0.238 0.198 0.186 0.214 0.193 0.199 0.142 0.237 0.214 0.183 0.244 0.202 0.171 0.216 0.227 0.222 0.256 0.176 0.176 0.172 0.206 0.168 0.193 0.241 0.172 0.184 0.227 0.177 0.173 0.176 0.184 0.185 0.185 0.211 0.183 0.184 0.189 0.189 0.214 0.211 0.225 0.147 0.262 0.225 0.216 0.263 0.204 0.074 0.209 0.240 0.188 0.189 0.210 0.217 0.187 0.200 
0.167 0.187 0.155 0.179 0.203 0.209 0.178 0.178 0.213 0.186 0.200 0.191 0.164 0.161 0.217 0.167 0.166 0.224 0.178 0.199 0.168 0.185 0.245 0.199 0.203 0.218 0.270 0.177 0.173 0.176 0.170 0.211 0.206 0.167 0.201 0.229 0.235 0.180 0.167 0.164 0.173 0.182 0.219 0.203 0.191 0.177 0.184 0.135 0.156 0.159 0.161 0.161 0.165 0.169 0.179 0.180 0.194 0.201 0.185 0.178 
0.172 0.220 0.121 0.154 0.153 0.180 0.194 0.162 0.168 0.161 0.179 0.171 0.155 0.157 0.155 0.149 0.167 0.152 0.132 0.168 0.137 0.176 0.169 0.178 0.178 0.219 0.191 0.179 0.212 0.195 0.188 0.168 0.176 0.207 0.193 0.172 0.213 0.200 0.156 0.156 0.153 0.147 0.186 0.203 0.178 0.170 0.164 0.181 0.192 0.151 0.153 0.167 0.725 0.462 0.444 0.467 0.456 0.467 0.471 0.460 
0.645 0.651 0.722 0.731 0.719 0.670 0.633 0.608 0.617 0.628 0.639 0.656 0.737 0.811 0.819 0.752 0.593 0.536 0.505 0.466 0.437 0.426 0.596 0.705 0.711 0.703 0.718 0.672 0.684 0.684 0.668 0.634 0.654 0.651 0.743 0.716 0.385 0.152 0.168 0.171 0.110 0.115 0.144 0.137 0.145 0.140 0.143 0.145 0.135 0.144 0.136 0.145 0.115 0.138 0.111 0.141 0.147 0.138 0.144 0.143 
0.139 0.135 0.124 0.155 0.161 0.189 0.152 0.146 0.151 0.158 0.150 0.180 0.165 0.150 0.206 0.689 0.512 0.292 0.127 0.131 0.122 0.124 0.151 0.143 0.180 0.147 0.151 0.148 0.147 0.123 0.149 0.150 0.141 0.159 0.121 0.174 0.153 0.142 0.190 0.117 0.112 0.119 0.108 0.144 0.109 0.144 0.144 0.139 0.147 0.144 0.115 0.145 0.153 0.108 0.145 0.114 0.110 0.107 0.109 0.145 
0.143 0.147 0.148 0.123 0.176 0.145 0.156 0.120 0.160 0.139 0.182 0.158 0.131 0.157 0.134 0.167 0.123 0.127 0.190 0.149 0.126 0.137 0.158 0.119 0.117 0.155 0.171 0.160 0.163 0.156 0.174 0.154 0.135 0.147 0.145 0.150 0.131 0.152 0.201 0.120 0.156 0.123 0.135 0.141 0.137 0.132 0.172 0.147 0.118 0.140 0.114 0.117 0.157 0.114 0.153 0.129 0.135 0.136 0.165 0.158 
0.131 0.151 0.148 0.160 0.132 0.164 0.197 0.132 0.151 0.133 0.124 0.163 0.159 0.135 0.156 0.136 0.162 0.165 0.128 0.137 0.175 0.124 0.171 0.186 0.124 0.123 0.157 0.154 0.152 0.123 0.148 0.137 0.178 0.179 0.152 0.192 0.152 0.166 0.186 0.125 0.150 0.149 0.170 0.176 0.166 0.170 0.158 0.169 0.158 0.168 0.190 0.160 0.182 0.246 0.210 0.169 0.164 0.171 0.179 0.174 
0.160 0.166 0.148 0.171 0.177 0.175 0.186 0.170 0.155 0.179 0.169 0.153 0.173 0.166 0.247 0.196 0.178 0.147 0.199 0.177 0.187 0.209 0.186 0.141 0.185 0.237 0.196 0.211 0.172 0.194 0.165 0.177 0.194 0.172 0.171 0.201 0.180 0.204 0.205 0.177 0.185 0.196 0.196 0.210 0.159 0.138 0.157 0.170 0.140 0.205 0.239 0.204 0.216 0.210 0.195 0.194 0.208 0.188 0.211 0.178 
0.187 0.205 0.155 0.150 0.230 0.174 0.184 0.200 0.178 0.187 0.134 0.186 0.224 0.180 0.212 0.206 0.200 0.175 0.172 0.232 0.224 0.186 0.191 0.196 0.171 0.195 0.197 0.151 0.200 0.191 0.237 0.245 0.186 0.270 0.215 0.229 0.214 0.180 0.217 0.194 0.220 0.256 0.205 0.223 0.183 0.274 0.239 0.240 0.253 0.194 0.227 0.191 0.215 0.211 0.177 0.198 0.198 0.208 0.245 0.200 
0.238 0.198 0.212 0.197 0.210 0.254 0.225 0.243 0.220 0.240 0.228 0.243 0.244 0.204 0.210 0.191 0.188 0.218 0.229 0.217 0.219 0.228 0.209 0.199 0.197 0.181 0.213 0.211 0.230 0.224 0.230 0.256 0.231 0.240 0.193 0.206 0.250 0.232 0.255 0.231 0.237 0.219 0.292 0.240 0.239 0.236 0.279 0.229 0.205 0.235 0.190 0.220 0.246 0.209 0.210 0.192 0.218 0.168 0.250 0.270 
0.205 0.265 0.227 0.247 0.210 0.240 0.238 0.224 0.184 0.247 0.244 0.243 0.213 0.238 0.215 0.246 0.223 0.242 0.226 0.210 0.200 0.211 0.208 0.266 0.219 0.256 0.201 0.258 0.224 0.244 0.216 0.240 0.254 0.240 0.219 0.241 0.255 0.260 0.209 0.230 0.309 0.275 0.219 0.200 0.237 0.242 0.248 0.268 0.245 0.175 0.202 0.202 0.220 0.247 0.176 0.207 0.268 0.238 0.284 0.249 
0.265 0.222 0.323 0.255 0.284 0.251 0.188 0.223 0.251 0.255 0.206 0.213 0.241 0.269 0.289 0.206 0.280 0.253 0.207 0.217 0.237 0.255 0.197 0.232 0.179 0.268 0.243 0.246 0.231 0.251 0.225 0.253 0.298 0.367 0.291 0.232 0.221 0.209 0.258 0.193 0.246 0.262 0.302 0.214 0.232 0.217 0.216 0.281 0.207 0.172 0.201 0.192 0.206 0.215 0.213 0.280 0.243 0.179 0.274 0.226 
0.274 0.202 0.252 0.270 0.221 0.224 0.217 0.233 0.219 0.280 0.285 0.238 0.194 0.220 0.177 0.217 0.274 0.246 0.213 0.267 0.239 0.238 0.209 0.237 0.192 0.217 0.225 0.209 0.257 0.226 0.224 0.268 0.285 0.256 0.258 0.228 0.257 0.240 0.195 0.233 0.238 0.230 0.255 0.293 0.239 0.235 0.285 0.250 0.282 0.272 0.229 0.215 0.210 0.234 0.201 0.242 0.246 0.247 0.236 0.220 
0.232 0.257 0.290 0.239 0.251 0.263 0.268 0.194 0.316 0.271 0.229 0.301 0.274 0.254 0.238 0.241 0.204 0.241 0.258 0.244 0.250 0.226 0.203 0.242 0.191 0.275 0.266 0.263 0.268 0.173 0.222 0.233 0.244 0.228 0.225 0.240 0.270 0.271 0.249 0.230 0.197 0.242 0.273 0.224 0.254 0.247 0.226 0.243 0.234 0.195 0.211 0.203 0.174 0.214 0.217 0.264 0.250 0.265 0.255 0.207 
0.225 0.239 0.283 0.267 0.270 0.203 0.233 0.266 0.221 0.239 0.279 0.254 0.263 0.237 0.197 0.211 0.224 0.207 0.264 0.254 0.198 0.209 0.234 0.234 0.226 0.253 0.231 0.284 0.227 0.182 0.236 0.341 0.249 0.220 0.200 0.279 0.266 0.229 0.240 0.234 0.295 0.280 0.229 0.198 0.224 0.324 0.202 0.270 0.262 0.221 0.258 0.190 0.219 0.237 0.205 0.281 0.246 0.224 0.259 0.255 
0.243 0.259 0.263 0.281 0.320 0.223 0.230 0.260 0.223 0.249 0.277 0.287 0.240 0.230 0.213 0.197 0.231 0.269 0.257 0.222 0.196 0.180 0.213 0.240 0.217 0.220 0.287 0.268 0.230 0.198 0.210 0.240 0.281 0.255 0.268 0.206 0.224 0.263 0.230 0.239 0.252 0.252 0.284 0.223 0.205 0.234 0.258 0.309 0.234 0.221 0.256 0.278 0.258 0.259 0.195 0.260 0.234 0.304 0.272 0.203 
0.218 0.227 0.293 0.253 0.245 0.243 0.246 0.210 0.217 0.217 0.266 0.306 0.266 0.257 0.243 0.246 0.196 0.237 0.233 0.253 0.204 0.216 0.229 0.244 0.211 0.213 0.247 0.227 0.206 0.244 0.259 0.295 0.229 0.283 0.206 0.227 0.211 0.277 0.234 0.253 0.265 0.259 0.277 0.273 0.210 0.242 0.287 0.198 0.222 0.227 0.244 0.203 0.165 0.132 0.160 0.162 0.165 0.162 0.169 0.174 
