0.593 0.601 0.605 0.572 0.568 0.539 0.594 0.743 0.715 0.726 0.698 0.743 0.713 0.713 0.683 0.703 0.703 0.648 0.759 0.747 0.674 0.700 0.607 0.552 0.529 0.523 0.529 0.508 0.571 0.630 0.640 0.338 0.200 0.223 0.219 0.235 0.265 0.239 0.231 0.203 0.221 0.262 0.239 0.244 0.229 0.700 0.770 0.224 0.812 0.606 0.714 0.767 0.927 0.899 0.887 0.999 1.025 1.091 1.081 1.083 
1.060 1.041 1.026 1.017 0.977 0.995 0.943 0.750 0.834 0.838 0.851 0.851 0.806 0.764 0.257 0.365 0.599 0.815 0.787 0.813 0.906 0.771 0.421 0.645 0.931 0.656 0.605 0.720 0.827 0.243 0.237 0.551 0.822 0.803 0.794 0.769 0.751 0.460 0.960 0.621 0.262 0.256 0.222 0.331 0.756 0.747 0.719 0.748 0.744 0.688 0.739 0.739 0.356 0.215 0.213 0.431 0.730 0.754 0.755 0.763 
0.772 0.764 0.760 0.761 0.754 0.762 0.219 0.236 0.218 0.624 0.773 0.772 0.755 0.768 0.778 0.767 0.770 0.760 0.758 0.771 0.749 0.762 0.767 0.244 0.240 0.226 0.253 0.730 0.778 0.765 0.779 0.746 0.760 0.752 0.772 0.760 0.776 0.776 0.798 0.792 0.782 0.768 0.774 0.767 0.780 0.768 0.779 0.777 0.777 0.784 0.775 0.770 0.776 0.792 0.772 0.783 0.766 0.784 0.767 0.800 
0.798 0.777 0.778 0.792 0.753 0.775 0.765 0.790 0.777 0.780 0.773 0.783 0.778 0.780 0.774 0.802 0.784 0.786 0.783 0.768 0.777 0.784 0.770 0.782 0.780 0.796 0.796 0.786 0.796 0.823 0.807 0.834 0.792 0.788 0.784 0.801 0.787 0.352 0.276 0.311 0.312 0.305 0.300 0.280 0.306 0.310 0.326 0.342 0.323 0.305 0.314 0.339 0.364 0.285 0.316 0.335 0.370 0.290 0.326 0.356 
0.357 0.330 0.294 0.349 0.314 0.332 0.353 0.314 0.335 0.296 0.368 0.325 0.358 0.363 0.319 0.321 0.311 0.331 0.334 0.330 0.343 0.319 0.335 0.351 0.335 0.347 0.326 0.329 0.337 0.371 0.371 0.382 0.367 0.349 0.304 0.311 0.344 0.374 0.350 0.388 0.349 0.349 0.339 0.363 0.352 0.357 0.410 0.337 0.411 0.322 0.361 0.374 0.359 0.404 0.358 0.395 0.330 0.357 0.346 0.383 
0.379 0.365 0.408 0.370 0.359 0.360 0.291 0.383 0.342 0.372 0.362 0.335 0.362 0.335 0.358 0.332 0.378 0.357 0.330 0.322 0.328 0.371 0.343 0.360 0.329 0.370 0.333 0.384 0.356 0.366 0.302 0.385 0.298 0.397 0.366 0.328 0.311 0.359 0.337 0.330 0.420 0.349 0.301 0.369 0.334 0.349 0.386 0.348 0.368 0.339 0.356 0.322 0.399 0.383 0.384 0.398 0.326 0.333 0.411 0.332 
0.441 0.337 0.367 0.343 0.323 0.327 0.365 0.338 0.326 0.349 0.375 0.323 0.347 0.373 0.381 0.390 0.299 0.392 0.340 0.335 0.333 0.371 0.387 0.355 0.326 0.360 0.374 0.354 0.348 0.369 0.341 0.324 0.352 0.315 0.336 0.327 0.352 0.369 0.376 0.348 0.378 0.347 0.366 0.380 0.327 0.355 0.410 0.341 0.333 0.300 0.353 0.331 0.428 0.359 0.323 0.333 0.332 0.389 0.363 0.354 
0.351 0.379 0.367 0.356 0.347 0.376 0.359 0.373 0.332 0.376 0.346 0.329 0.369 0.361 0.366 0.389 0.373 0.392 0.376 0.349 0.324 0.368 0.337 0.365 0.371 0.382 0.354 0.334 0.344 0.355 0.402 0.388 0.323 0.345 0.373 0.349 0.324 0.380 0.364 0.346 0.390 0.347 0.369 0.358 0.428 0.362 0.379 0.374 0.339 0.423 0.383 0.395 0.362 0.353 0.387 0.375 0.353 0.342 0.351 0.418 
0.377 0.440 0.391 0.335 0.378 0.398 0.367 0.418 0.429 0.374 0.427 0.362 0.399 0.388 0.389 0.431 0.387 0.391 0.390 0.347 0.371 0.390 0.369 0.392 0.386 0.370 0.374 0.396 0.361 0.382 0.385 0.389 0.371 0.367 0.351 0.344 0.346 0.377 0.361 0.343 0.321 0.396 0.328 0.390 0.360 0.365 0.394 0.319 0.345 0.328 0.359 0.383 0.352 0.371 0.322 0.375 0.361 0.376 0.360 0.360 
0.394 0.377 0.344 0.338 0.355 0.358 0.401 0.346 0.351 0.350 0.395 0.377 0.340 0.391 0.350 0.425 0.394 0.370 0.355 0.381 0.368 0.400 0.404 0.336 0.381 0.387 0.318 0.400 0.326 0.371 0.383 0.381 0.396 0.346 0.361 0.355 0.380 0.368 0.372 0.384 0.350 0.353 0.371 0.425 0.333 0.372 0.376 0.365 0.383 0.337 0.347 0.339 0.365 0.378 0.372 0.384 0.365 0.360 0.354 0.410 
0.410 0.357 0.343 0.348 0.316 0.356 0.383 0.333 0.378 0.358 0.373 0.308 0.388 0.377 0.348 0.400 0.350 0.382 0.362 0.313 0.360 0.331 0.353 0.401 0.368 0.390 0.339 0.379 0.346 0.407 0.390 0.311 0.374 0.331 0.344 0.377 0.374 0.390 0.353 0.346 0.355 0.342 0.373 0.383 0.364 0.370 0.377 0.397 0.319 0.354 0.351 0.371 0.364 0.379 0.393 0.371 0.357 0.355 0.333 0.341 
0.384 0.386 0.340 0.390 0.342 0.384 0.369 0.402 0.380 0.388 0.388 0.390 0.382 0.328 0.365 0.326 0.398 0.333 0.339 0.336 0.565 0.391 0.455 0.448 0.472 0.425 0.426 0.420 0.428 0.419 0.435 0.465 0.430 0.410 0.423 0.346 0.419 0.420 0.438 0.437 0.449 0.407 0.423 0.424 0.410 0.388 0.372 0.374 0.405 0.364 0.471 0.477 0.473 0.504 0.455 0.529 0.414 0.443 0.432 0.433 
0.450 0.405 0.376 0.371 0.377 0.390 0.371 0.365 0.363 0.368 0.361 0.351 0.331 0.370 0.350 0.396 0.355 0.326 0.348 0.330 0.328 0.397 0.356 0.379 0.332 0.412 0.360 0.308 0.368 0.358 0.404 0.416 0.340 0.356 0.310 0.380 0.389 0.347 0.396 0.399 0.466 0.375 0.406 0.393 0.350 0.377 0.372 0.324 0.334 0.324 0.392 0.365 0.365 0.395 0.344 0.354 0.368 0.354 0.389 0.367 
0.368 0.345 0.374 0.370 0.372 0.362 0.318 0.344 0.329 0.372 0.356 0.358 0.350 0.361 0.394 0.390 0.372 0.347 0.367 0.366 0.369 0.369 0.376 0.360 0.363 0.348 0.363 0.368 0.359 0.326 0.385 0.359 0.335 0.338 0.384 0.375 0.352 0.378 0.380 0.347 0.349 0.306 0.365 0.396 0.333 0.388 0.442 0.367 0.371 0.373 0.374 0.353 0.402 0.374 0.340 0.384 0.391 0.371 0.412 0.402 
0.371 0.396 0.352 0.323 0.424 0.390 0.383 0.365 0.343 0.368 0.382 0.395 0.417 0.344 0.369 0.376 0.429 0.382 0.319 0.351 0.347 0.413 0.387 0.408 0.444 0.370 0.355 0.398 0.358 0.381 0.403 0.401 0.362 0.354 0.339 0.342 0.353 0.335 0.395 0.385 0.400 0.372 0.390 0.374 0.337 0.359 0.391 0.345 0.328 0.362 0.327 0.372 0.395 0.360 0.378 0.349 0.384 0.340 0.344 0.361 
0.395 0.390 0.411 0.425 0.399 0.345 0.368 0.358 0.356 0.428 0.336 0.419 0.432 0.401 0.434 0.366 0.397 0.402 0.368 0.397 0.342 0.376 0.387 0.403 0.367 0.421 0.426 0.371 0.404 0.406 0.403 0.344 0.378 0.396 0.436 0.445 0.384 0.329 0.394 0.360 0.416 0.398 0.531 0.387 0.366 0.373 0.399 0.360 0.461 0.347 0.388 0.370 0.402 0.361 0.367 0.406 0.342 0.388 0.345 0.382 
0.384 0.404 0.438 0.386 0.363 0.393 0.345 0.437 0.380 0.391 0.410 0.369 0.354 0.382 0.379 0.402 0.403 0.386 0.424 0.340 0.387 0.375 0.415 0.417 0.363 0.379 0.353 0.356 0.348 0.375 0.390 0.375 0.412 0.377 0.393 0.410 0.340 0.393 0.353 0.368 0.367 0.406 0.370 0.385 0.387 0.422 0.404 0.363 0.360 0.355 0.355 0.370 0.410 0.395 0.351 0.394 0.354 0.338 0.392 0.350 
0.439 0.373 0.375 0.405 0.332 0.369 0.366 0.367 0.407 0.354 0.398 0.359 0.343 0.354 0.340 0.402 0.370 0.382 0.344 0.398 0.370 0.372 0.374 0.371 0.378 0.384 0.421 0.417 0.384 0.412 0.431 0.420 0.380 0.375 0.394 0.379 0.381 0.365 0.368 0.347 0.376 0.355 0.375 0.366 0.380 0.417 0.401 0.357 0.356 0.337 0.391 0.389 0.390 0.366 0.397 0.413 0.369 0.332 0.383 0.372 
0.419 0.417 0.366 0.345 0.366 0.350 0.361 0.342 0.362 0.353 0.349 0.334 0.352 0.392 0.449 0.373 0.373 0.394 0.345 0.390 0.400 0.422 0.377 0.441 0.384 0.392 0.410 0.328 0.350 0.391 0.418 0.415 0.381 0.411 0.325 0.398 0.331 0.325 0.379 0.340 0.371 0.361 0.361 0.380 0.374 0.419 0.477 0.361 0.365 0.388 0.344 0.378 0.365 0.374 0.369 0.410 0.343 0.337 0.358 0.366 
0.365 0.407 0.373 0.394 0.376 0.399 0.345 0.413 0.348 0.336 0.351 0.337 0.347 0.366 0.338 0.382 0.378 0.389 0.399 0.383 0.361 0.364 0.374 0.350 0.386 0.375 0.341 0.381 0.354 0.392 0.324 0.393 0.364 0.329 0.340 0.351 0.358 0.368 0.337 0.395 0.365 0.353 0.348 0.315 0.346 0.314 0.371 0.325 0.359 0.372 0.346 0.350 0.370 0.340 0.363 0.348 0.350 0.352 0.380 0.360 
0.383 0.366 0.346 0.412 0.344 0.393 0.382 0.315 0.324 0.386 0.353 0.376 0.354 0.355 0.360 0.328 0.365 0.357 0.361 0.337 0.331 0.396 0.347 0.358 0.365 0.353 0.343 0.300 0.320 0.395 0.363 0.388 0.359 0.373 0.337 0.347 0.393 0.311 0.312 0.314 0.355 0.360 0.352 0.362 0.346 0.355 0.365 0.345 0.364 0.352 0.398 0.351 0.376 0.387 0.355 0.366 0.343 0.368 0.360 0.363 
0.358 0.351 0.428 0.361 0.375 0.369 0.348 0.325 0.322 0.365 0.320 0.347 0.341 0.309 0.331 0.281 0.344 0.335 0.313 0.362 0.378 0.371 0.346 0.346 0.359 0.366 0.378 0.334 0.364 0.343 0.359 0.378 0.342 0.361 0.375 0.348 0.364 0.307 0.325 0.330 0.159 0.414 0.330 0.360 0.330 0.333 0.348 0.336 0.356 0.390 0.365 0.369 0.348 0.342 0.329 0.359 0.340 0.320 0.341 0.332 
0.359 0.379 0.353 0.355 0.329 0.348 0.345 0.310 0.344 0.345 0.326 0.332 0.337 0.346 0.354 0.348 0.345 0.337 0.367 0.340 0.343 0.316 0.302 0.326 0.314 0.314 0.306 0.315 0.342 0.330 0.302 0.335 0.281 0.289 0.308 0.320 0.306 0.291 0.300 0.320 0.313 0.326 0.278 0.309 0.319 0.303 0.359 0.297 0.345 0.304 0.278 0.340 0.296 0.367 0.348 0.282 0.352 0.313 0.336 0.278 
0.308 0.311 0.325 0.298 0.280 0.319 0.289 0.301 0.297 0.302 0.304 0.349 0.308 0.329 0.284 0.313 0.285 0.288 0.282 0.273 0.275 0.266 0.319 0.302 0.272 0.292 0.281 0.291 0.318 0.301 0.275 0.259 0.264 0.285 0.294 0.283 0.268 0.283 0.273 0.282 0.298 0.780 0.534 0.545 0.542 0.534 0.542 0.556 0.557 0.597 0.776 0.812 0.795 0.815 0.777 0.722 0.600 0.657 0.617 0.639 
