0.253 0.219 0.250 0.258 0.225 0.254 0.259 0.253 0.244 0.278 0.274 0.235 0.238 0.270 0.227 0.247 0.275 0.227 0.276 0.229 0.265 0.262 0.204 0.229 0.198 0.202 0.230 0.257 0.273 0.249 0.201 0.233 0.209 0.258 0.268 0.183 0.202 0.238 0.197 0.214 0.225 0.206 0.185 0.230 0.204 0.251 0.241 0.240 0.239 0.267 0.172 0.214 0.177 0.213 0.214 0.168 0.262 0.194 0.231 0.201 
0.236 0.253 0.249 0.213 0.281 0.213 0.238 0.268 0.210 0.208 0.241 0.228 0.264 0.197 0.213 0.240 0.241 0.235 0.248 0.238 0.241 0.152 0.205 0.238 0.247 0.203 0.225 0.206 0.235 0.244 0.208 0.195 0.226 0.196 0.229 0.210 0.215 0.212 0.214 0.246 0.232 0.253 0.231 0.248 0.222 0.191 0.268 0.213 0.263 0.235 0.230 0.277 0.255 0.225 0.241 0.220 0.235 0.225 0.244 0.256 
0.241 0.226 0.279 0.200 0.175 0.171 0.248 0.212 0.260 0.227 0.270 0.247 0.248 0.238 0.183 0.225 0.268 0.220 0.265 0.201 0.202 0.213 0.231 0.211 0.234 0.251 0.296 0.196 0.229 0.253 0.225 0.281 0.263 0.233 0.196 0.210 0.206 0.230 0.269 0.202 0.258 0.212 0.238 0.247 0.211 0.196 0.297 0.247 0.242 0.244 0.240 0.200 0.196 0.261 0.231 0.218 0.221 0.217 0.199 0.285 
0.202 0.222 0.208 0.220 0.199 0.193 0.281 0.230 0.209 0.235 0.244 0.199 0.188 0.187 0.213 0.246 0.203 0.198 0.260 0.207 0.199 0.190 0.202 0.279 0.192 0.220 0.198 0.200 0.236 0.246 0.200 0.248 0.211 0.251 0.240 0.260 0.215 0.229 0.214 0.162 0.291 0.220 0.253 0.217 0.216 0.235 0.254 0.218 0.192 0.232 0.218 0.241 0.221 0.172 0.200 0.239 0.223 0.216 0.235 0.217 
0.187 0.232 0.198 0.263 0.253 0.188 0.222 0.157 0.182 0.220 0.230 0.238 0.226 0.198 0.183 0.198 0.226 0.214 0.238 0.211 0.215 0.194 0.144 0.202 0.164 0.236 0.215 0.253 0.266 0.203 0.240 0.218 0.245 0.203 0.202 0.198 0.221 0.215 0.196 0.284 0.236 0.194 0.249 0.195 0.224 0.245 0.287 0.244 0.168 0.218 0.202 0.240 0.263 0.196 0.210 0.252 0.229 0.248 0.255 0.274 
0.199 0.249 0.220 0.204 0.243 0.186 0.222 0.200 0.222 0.217 0.245 0.232 0.208 0.201 0.205 0.206 0.246 0.183 0.192 0.177 0.286 0.216 0.236 0.233 0.168 0.210 0.233 0.206 0.225 0.236 0.204 0.235 0.205 0.209 0.219 0.185 0.155 0.255 0.149 0.244 0.238 0.228 0.195 0.154 0.219 0.231 0.281 0.225 0.182 0.204 0.216 0.210 0.205 0.183 0.198 0.196 0.161 0.195 0.249 0.201 
0.192 0.232 0.167 0.200 0.232 0.205 0.200 0.174 0.235 0.200 0.226 0.211 0.183 0.182 0.235 0.203 0.244 0.203 0.209 0.257 0.238 0.213 0.207 0.231 0.172 0.211 0.217 0.206 0.218 0.192 0.192 0.205 0.234 0.209 0.242 0.163 0.196 0.240 0.213 0.240 0.239 0.233 0.223 0.172 0.256 0.212 0.249 0.224 0.164 0.184 0.215 0.207 0.220 0.230 0.190 0.208 0.193 0.196 0.191 0.205 
0.239 0.264 0.235 0.179 0.180 0.228 0.187 0.249 0.255 0.221 0.248 0.198 0.240 0.218 0.213 0.219 0.204 0.224 0.163 0.154 0.256 0.214 0.165 0.189 0.225 0.258 0.183 0.213 0.227 0.182 0.192 0.261 0.212 0.225 0.197 0.147 0.199 0.214 0.220 0.212 0.206 0.237 0.189 0.240 0.192 0.251 0.239 0.201 0.174 0.165 0.239 0.183 0.238 0.195 0.246 0.244 0.220 0.183 0.229 0.232 
0.224 0.309 0.183 0.198 0.224 0.226 0.229 0.205 0.232 0.265 0.224 0.263 0.228 0.262 0.210 0.248 0.248 0.230 0.240 0.214 0.237 0.218 0.233 0.249 0.191 0.266 0.201 0.243 0.229 0.254 0.186 0.249 0.275 0.168 0.177 0.217 0.237 0.248 0.207 0.276 0.210 0.255 0.239 0.280 0.250 0.198 0.292 0.277 0.251 0.207 0.227 0.222 0.235 0.211 0.219 0.249 0.253 0.243 0.281 0.231 
0.227 0.270 0.247 0.229 0.256 0.244 0.204 0.249 0.235 0.243 0.279 0.269 0.241 0.212 0.245 0.283 0.260 0.310 0.280 0.228 0.213 0.205 0.241 0.196 0.178 0.252 0.233 0.213 0.243 0.255 0.226 0.259 0.238 0.257 0.216 0.177 0.195 0.233 0.280 0.282 0.240 0.227 0.202 0.214 0.203 0.216 0.238 0.283 0.236 0.247 0.215 0.221 0.245 0.232 0.191 0.225 0.204 0.199 0.179 0.198 
0.254 0.271 0.313 0.189 0.251 0.206 0.210 0.213 0.199 0.226 0.213 0.259 0.226 0.205 0.223 0.187 0.243 0.220 0.231 0.154 0.230 0.206 0.268 0.235 0.191 0.218 0.171 0.255 0.260 0.246 0.253 0.217 0.229 0.223 0.232 0.203 0.220 0.264 0.278 0.288 0.308 0.226 0.240 0.325 0.229 0.194 0.319 0.235 0.230 0.212 0.233 0.233 0.221 0.252 0.206 0.190 0.285 0.232 0.464 0.197 
0.180 0.252 0.284 0.270 0.199 0.189 0.195 0.256 0.243 0.188 0.247 0.244 0.205 0.224 0.223 0.219 0.283 0.207 0.230 0.234 0.231 0.175 0.230 0.198 0.204 0.200 0.210 0.202 0.202 0.247 0.189 0.252 0.258 0.210 0.243 0.216 0.233 0.152 0.188 0.203 0.189 0.260 0.190 0.184 0.176 0.214 0.249 0.216 0.195 0.220 0.194 0.232 0.196 0.169 0.181 0.232 0.248 0.250 0.311 0.214 
0.213 0.173 0.253 0.253 0.227 0.176 0.211 0.259 0.247 0.240 0.214 0.219 0.213 0.208 0.200 0.229 0.417 0.289 0.290 0.272 0.253 0.246 0.232 0.266 0.308 0.282 0.285 0.233 0.252 0.291 0.248 0.313 0.281 0.231 0.258 0.227 0.246 0.231 0.244 0.294 0.227 0.264 0.237 0.213 0.196 0.191 0.242 0.280 0.227 0.234 0.236 0.246 0.255 0.198 0.227 0.232 0.249 0.291 0.352 0.340 
0.286 0.321 0.332 0.266 0.293 0.254 0.296 0.228 0.264 0.246 0.238 0.327 0.325 0.337 0.323 0.307 0.329 0.326 0.331 0.273 0.238 0.236 0.222 0.229 0.229 0.237 0.221 0.200 0.239 0.197 0.253 0.229 0.264 0.188 0.260 0.226 0.201 0.242 0.227 0.268 0.200 0.175 0.226 0.146 0.212 0.445 0.497 0.221 0.172 0.170 0.181 0.182 0.174 0.189 0.172 0.173 0.199 0.179 0.205 0.222 
0.206 0.258 0.310 0.203 0.209 0.154 0.187 0.212 0.189 0.171 0.187 0.221 0.206 0.228 0.267 0.213 0.218 0.192 0.247 0.202 0.192 0.153 0.211 0.195 0.202 0.215 0.172 0.188 0.169 0.181 0.239 0.198 0.201 0.164 0.171 0.195 0.213 0.182 0.191 0.185 0.212 0.217 0.225 0.192 0.189 0.187 0.257 0.186 0.218 0.211 0.200 0.198 0.164 0.150 0.191 0.182 0.200 0.165 0.158 0.159 
0.197 0.160 0.157 0.161 0.184 0.161 0.166 0.166 0.164 0.191 0.190 0.215 0.157 0.151 0.176 0.166 0.193 0.230 0.191 0.174 0.161 0.144 0.155 0.160 0.158 0.154 0.154 0.157 0.181 0.227 0.186 0.132 0.166 0.151 0.193 0.148 0.164 0.182 0.180 0.184 0.205 0.245 0.187 0.179 0.205 0.185 0.227 0.177 0.177 0.201 0.204 0.177 0.218 0.206 0.176 0.205 0.205 0.181 0.236 0.137 
0.161 0.155 0.149 0.179 0.161 0.215 0.221 0.181 0.215 0.169 0.198 0.192 0.214 0.203 0.205 0.191 0.155 0.204 0.181 0.182 0.210 0.133 0.184 0.144 0.195 0.171 0.160 0.234 0.239 0.197 0.131 0.164 0.168 0.170 0.152 0.146 0.181 0.187 0.202 0.184 0.128 0.207 0.176 0.218 0.194 0.165 0.212 0.168 0.193 0.196 0.216 0.179 0.209 0.160 0.099 0.181 -0.033 0.263 0.149 0.145 
0.121 0.153 0.211 0.190 0.141 0.110 0.129 0.162 0.164 0.158 0.166 0.202 0.135 0.145 0.139 0.159 0.151 0.128 0.120 0.117 0.130 0.140 0.172 0.155 0.174 0.131 0.153 0.164 0.136 0.157 0.134 0.174 0.141 0.141 0.146 0.109 0.135 0.116 0.117 0.156 0.116 0.149 0.137 0.125 0.133 0.119 0.126 0.115 0.133 0.115 0.082 0.108 0.120 0.117 0.110 0.113 0.162 0.122 0.109 0.097 
0.087 0.112 0.157 0.166 0.136 0.097 0.149 0.134 0.228 0.136 0.142 0.128 0.080 0.125 0.117 0.110 0.118 0.120 0.111 0.132 0.137 0.098 0.144 0.114 0.101 0.163 0.119 0.117 0.119 0.135 0.114 0.102 0.099 0.119 0.166 0.143 0.106 0.100 0.098 0.100 0.116 0.104 0.081 0.135 0.084 0.103 0.134 0.138 0.112 0.105 0.125 0.095 0.083 0.112 0.079 0.102 0.091 0.584 0.401 0.394 
0.387 0.381 0.410 0.380 0.346 0.409 0.625 0.574 0.576 0.600 0.594 0.575 0.596 0.579 0.539 0.565 0.599 0.618 0.578 0.460 0.311 0.333 0.312 0.282 0.332 0.380 0.375 0.504 0.607 0.609 0.546 0.570 0.579 0.555 0.571 0.519 0.582 0.535 0.562 0.629 0.585 0.196 0.114 0.274 0.377 0.316 0.394 0.418 0.428 0.480 0.432 0.554 0.513 0.520 0.503 0.273 0.108 0.119 0.106 0.561 
0.586 0.724 0.365 0.321 0.584 0.667 0.506 0.564 0.858 0.777 0.870 0.895 0.791 0.944 0.938 0.936 0.907 0.870 0.895 0.866 0.773 0.781 0.736 0.714 0.714 0.709 0.497 0.452 0.105 0.186 0.420 0.575 0.604 0.748 0.742 0.581 0.383 0.653 0.791 0.677 0.469 0.688 0.214 0.731 0.641 0.670 0.664 0.652 0.529 0.267 0.749 0.529 0.117 0.235 0.105 0.186 0.097 0.113 0.080 0.084 
0.318 0.611 0.451 0.090 0.344 0.614 0.565 0.479 0.581 0.612 0.447 0.554 0.541 0.561 0.103 0.092 0.386 0.540 0.604 0.609 0.608 0.606 0.607 0.617 0.614 0.604 0.601 0.604 0.614 0.609 0.619 0.591 0.608 0.610 0.613 0.610 0.600 0.612 0.624 0.531 0.611 0.587 0.619 0.168 0.148 0.568 0.604 0.601 0.608 0.626 0.610 0.622 0.604 0.616 0.609 0.614 0.614 0.614 0.598 0.619 
0.618 0.630 0.637 0.653 0.648 0.658 0.643 0.634 0.615 0.628 0.632 0.657 0.629 0.624 0.651 0.650 0.635 0.629 0.655 0.636 0.649 0.621 0.631 0.634 0.640 0.633 0.628 0.623 0.629 0.632 0.654 0.635 0.637 0.642 0.633 0.639 0.640 0.653 0.651 0.677 0.644 0.660 0.654 0.651 0.696 0.689 0.668 0.679 0.655 0.638 0.641 0.692 0.655 0.581 0.184 0.166 0.125 0.183 0.162 0.172 
0.178 0.184 0.184 0.214 0.154 0.194 0.184 0.228 0.220 0.229 0.168 0.165 0.187 0.176 0.223 0.190 0.224 0.174 0.135 0.185 0.178 0.196 0.189 0.179 0.248 0.192 0.220 0.190 0.196 0.194 0.240 0.230 0.158 0.192 0.169 0.170 0.188 0.195 0.170 0.194 0.220 0.229 0.175 0.227 0.172 0.219 0.220 0.186 0.173 0.180 0.212 0.226 0.195 0.230 0.222 0.251 0.199 0.241 0.208 0.189 
