0.215 0.235 0.197 0.227 0.228 0.240 0.235 0.204 0.193 0.200 0.225 0.231 0.225 0.263 0.227 0.210 0.205 0.206 0.180 0.217 0.227 0.201 0.205 0.154 0.208 0.229 0.245 0.231 0.243 0.251 0.207 0.245 0.257 0.279 0.294 0.250 0.238 0.222 0.227 0.209 0.231 0.265 0.247 0.245 0.277 0.237 0.291 0.243 0.266 0.305 0.290 0.271 0.254 0.236 0.234 0.228 0.267 0.285 0.258 0.216 
0.214 0.226 0.235 0.266 0.298 0.238 0.239 0.226 0.276 0.290 0.205 0.247 0.245 0.257 0.288 0.207 0.246 0.229 0.219 0.267 0.223 0.230 0.223 0.196 0.204 0.180 0.254 0.203 0.254 0.264 0.232 0.227 0.242 0.204 0.291 0.260 0.236 0.238 0.252 0.249 0.209 0.259 0.257 0.233 0.292 0.257 0.276 0.215 0.241 0.229 0.231 0.266 0.296 0.267 0.205 0.226 0.278 0.260 0.270 0.249 
0.282 0.273 0.269 0.238 0.307 0.236 0.186 0.217 0.196 0.243 0.195 0.246 0.252 0.250 0.258 0.200 0.254 0.233 0.281 0.252 0.203 0.257 0.253 0.286 0.258 0.244 0.239 0.264 0.220 0.262 0.242 0.227 0.220 0.240 0.303 0.266 0.205 0.247 0.239 0.233 0.225 0.235 0.233 0.233 0.257 0.305 0.255 0.257 0.268 0.239 0.201 0.239 0.269 0.245 0.261 0.247 0.259 0.258 0.262 0.232 
0.304 0.233 0.232 0.238 0.294 0.306 0.286 0.248 0.206 0.203 0.220 0.297 0.210 0.266 0.256 0.225 0.222 0.221 0.292 0.261 0.310 0.230 0.264 0.194 0.242 0.300 0.230 0.285 0.264 0.295 0.229 0.188 0.258 0.257 0.284 0.231 0.238 0.258 0.271 0.230 0.254 0.223 0.221 0.242 0.254 0.249 0.286 0.259 0.202 0.232 0.229 0.253 0.205 0.272 0.227 0.232 0.237 0.323 0.270 0.246 
0.247 0.262 0.272 0.257 0.257 0.291 0.238 0.228 0.265 0.229 0.247 0.256 0.224 0.231 0.255 0.196 0.240 0.220 0.206 0.271 0.331 0.271 0.197 0.191 0.198 0.249 0.286 0.237 0.286 0.208 0.227 0.244 0.240 0.238 0.343 0.232 0.296 0.293 0.262 0.270 0.276 0.230 0.264 0.278 0.245 0.254 0.269 0.216 0.261 0.329 0.257 0.243 0.234 0.254 0.215 0.240 0.251 0.275 0.249 0.266 
0.230 0.252 0.289 0.273 0.277 0.196 0.249 0.246 0.205 0.250 0.248 0.262 0.326 0.273 0.280 0.257 0.249 0.238 0.332 0.283 0.236 0.208 0.163 0.286 0.215 0.240 0.234 0.225 0.208 0.202 0.194 0.228 0.209 0.227 0.259 0.313 0.223 0.240 0.234 0.222 0.278 0.227 0.213 0.282 0.246 0.297 0.218 0.295 0.247 0.297 0.256 0.205 0.258 0.170 0.245 0.230 0.233 0.207 0.208 0.275 
0.214 0.280 0.242 0.244 0.244 0.224 0.253 0.221 0.233 0.216 0.227 0.268 0.256 0.230 0.253 0.243 0.234 0.251 0.245 0.299 0.231 0.226 0.247 0.221 0.226 0.285 0.230 0.255 0.280 0.196 0.248 0.213 0.251 0.267 0.256 0.309 0.245 0.211 0.250 0.229 0.251 0.238 0.252 0.272 0.266 0.230 0.221 0.249 0.239 0.289 0.228 0.449 0.288 0.275 0.272 0.306 0.272 0.274 0.335 0.340 
0.317 0.340 0.296 0.364 0.322 0.327 0.342 0.299 0.279 0.240 0.301 0.286 0.268 0.230 0.303 0.277 0.241 0.271 0.259 0.285 0.286 0.215 0.253 0.212 0.288 0.291 0.288 0.247 0.284 0.275 0.272 0.211 0.262 0.213 0.305 0.307 0.247 0.340 0.322 0.348 0.367 0.367 0.400 0.318 0.309 0.355 0.309 0.372 0.295 0.321 0.261 0.251 0.298 0.286 0.324 0.369 0.371 0.329 0.332 0.301 
0.381 0.291 0.342 0.307 0.327 0.349 0.232 0.292 0.293 0.244 0.286 0.252 0.207 0.245 0.218 0.225 0.235 0.223 0.213 0.221 0.197 0.255 0.178 0.232 0.255 0.221 0.244 0.266 0.229 0.233 0.242 0.264 0.278 0.215 0.280 0.242 0.205 0.195 0.243 0.229 0.253 0.220 0.221 0.229 0.255 0.229 0.261 0.232 0.193 0.255 0.213 0.214 0.227 0.188 0.198 0.219 0.208 0.242 0.252 0.233 
0.242 0.233 0.288 0.259 0.281 0.234 0.224 0.199 0.233 0.244 0.212 0.199 0.233 0.251 0.221 0.206 0.238 0.186 0.262 0.273 0.200 0.241 0.208 0.228 0.257 0.241 0.266 0.225 0.251 0.197 0.207 0.246 0.232 0.258 0.257 0.271 0.210 0.242 0.216 0.206 0.232 0.247 0.281 0.294 0.225 0.251 0.227 0.232 0.251 0.255 0.204 0.187 0.256 0.205 0.206 0.272 0.240 0.197 0.210 0.252 
0.242 0.288 0.195 0.271 0.261 0.255 0.280 0.211 0.223 0.252 0.266 0.239 0.253 0.271 0.191 0.201 0.303 0.232 0.210 0.262 0.295 0.229 0.212 0.234 0.266 0.299 0.260 0.267 0.238 0.274 0.242 0.226 0.244 0.248 0.283 0.287 0.288 0.245 0.210 0.224 0.240 0.267 0.185 0.317 0.301 0.231 0.292 0.269 0.256 0.254 0.269 0.252 0.250 0.258 0.230 0.353 0.245 0.288 0.295 0.247 
0.229 0.228 0.255 0.246 0.377 0.310 0.284 0.280 0.281 0.271 0.269 0.287 0.256 0.284 0.307 0.320 0.265 0.281 0.275 0.239 0.256 0.271 0.247 0.247 0.244 0.277 0.262 0.235 0.271 0.320 0.308 0.266 0.242 0.261 0.279 0.309 0.256 0.243 0.243 0.250 0.277 0.217 0.259 0.295 0.250 0.228 0.374 0.297 0.230 0.337 0.298 0.268 0.235 0.306 0.244 0.254 0.214 0.256 0.250 0.227 
0.249 0.285 0.221 0.261 0.258 0.294 0.258 0.286 0.259 0.220 0.229 0.217 0.221 0.277 0.304 0.272 0.228 0.227 0.234 0.289 0.304 0.262 0.290 0.216 0.271 0.271 0.286 0.243 0.276 0.271 0.224 0.269 0.207 0.288 0.280 0.332 0.263 0.212 0.289 0.264 0.247 0.236 0.232 0.280 0.230 0.274 0.246 0.298 0.248 0.260 0.262 0.269 0.265 0.236 0.265 0.269 0.227 0.241 0.244 0.232 
0.233 0.209 0.229 0.229 0.250 0.257 0.211 0.236 0.246 0.225 0.222 0.283 0.257 0.254 0.221 0.217 0.241 0.210 0.236 0.214 0.258 0.272 0.298 0.237 0.258 0.291 0.219 0.230 0.319 0.273 0.236 0.258 0.380 0.272 0.321 0.245 0.267 0.308 0.352 0.288 0.270 0.261 0.247 0.243 0.280 0.233 0.229 0.242 0.219 0.271 0.236 0.257 0.263 0.228 0.229 0.262 0.308 0.270 0.235 0.233 
0.254 0.259 0.246 0.246 0.305 0.258 0.230 0.199 0.219 0.244 0.223 0.197 0.196 0.196 0.222 0.243 0.238 0.181 0.332 0.612 0.633 0.307 0.295 0.221 0.250 0.209 0.651 0.622 0.491 0.278 0.256 0.284 0.388 0.614 0.670 0.387 0.233 0.245 0.271 0.364 0.588 0.600 0.255 0.275 0.248 0.261 0.483 0.617 0.497 0.283 0.387 0.232 0.455 0.529 0.597 0.219 0.233 0.234 0.229 0.257 
0.231 0.236 0.217 0.244 0.294 0.226 0.196 0.197 0.209 0.226 0.239 0.229 0.251 0.183 0.209 0.210 0.275 0.175 0.220 0.210 0.211 0.256 0.148 0.201 0.207 0.227 0.261 0.278 0.231 0.174 0.199 0.218 0.221 0.241 0.217 0.241 0.236 0.216 0.215 0.199 0.174 0.193 0.234 0.184 0.207 0.174 0.182 0.158 0.245 0.251 0.242 0.203 0.237 0.217 0.205 0.224 0.207 0.223 0.237 0.256 
0.185 0.207 0.237 0.234 0.188 0.292 0.205 0.240 0.197 0.197 0.169 0.254 0.205 0.227 0.206 0.181 0.230 0.243 0.175 0.202 0.178 0.182 0.201 0.194 0.220 0.209 0.234 0.208 0.189 0.240 0.206 0.223 0.194 0.238 0.170 0.209 0.247 0.234 0.229 0.223 0.217 0.219 0.175 0.237 0.197 0.195 0.218 0.242 0.171 0.201 0.226 0.189 0.267 0.212 0.172 0.222 0.228 0.230 0.217 0.255 
0.216 0.197 0.225 0.213 0.249 0.238 0.249 0.190 0.187 0.194 0.214 0.225 0.238 0.198 0.188 0.198 0.180 0.216 0.208 0.202 0.172 0.180 0.181 0.247 0.222 0.207 0.277 0.214 0.181 0.164 0.237 0.179 0.182 0.189 0.213 0.257 0.218 0.214 0.221 0.184 0.200 0.198 0.226 0.216 0.001 0.306 0.194 0.164 0.202 0.166 0.248 0.211 0.206 0.175 0.187 0.223 0.185 0.213 0.195 0.191 
0.168 0.168 0.195 0.205 0.185 0.172 0.215 0.181 0.136 0.190 0.161 0.213 0.220 0.180 0.213 0.209 0.202 0.184 0.147 0.172 0.149 0.148 0.131 0.156 0.151 0.138 0.161 0.172 0.144 0.190 0.131 0.162 0.158 0.164 0.152 0.116 0.148 0.145 0.150 0.151 0.154 0.151 0.153 0.169 0.149 0.161 0.155 0.133 0.173 0.148 0.141 0.185 0.166 0.190 0.149 0.161 0.174 0.148 0.183 0.146 
0.193 0.160 0.138 0.115 0.135 0.134 0.138 0.143 0.144 0.134 0.132 0.120 0.128 0.142 0.128 0.135 0.148 0.138 0.148 0.126 0.168 0.150 0.161 0.178 0.126 0.143 0.128 0.147 0.118 0.140 0.141 0.141 0.145 0.115 0.142 0.125 0.115 0.128 0.135 0.135 0.131 0.099 0.141 0.152 0.137 0.628 0.388 0.410 0.417 0.408 0.412 0.371 0.412 0.391 0.645 0.611 0.623 0.612 0.590 0.592 
0.599 0.575 0.581 0.596 0.586 0.657 0.673 0.439 0.330 0.344 0.346 0.359 0.380 0.393 0.425 0.483 0.594 0.604 0.611 0.600 0.644 0.623 0.620 0.637 0.613 0.595 0.598 0.655 0.664 0.588 0.175 0.168 0.275 0.412 0.335 0.402 0.408 0.451 0.482 0.570 0.595 0.522 0.543 0.527 0.119 0.154 0.210 0.628 0.486 0.843 0.574 0.635 0.693 0.602 0.524 0.859 0.951 0.950 0.942 0.907 
0.917 0.839 0.949 0.973 0.966 0.932 0.922 0.925 0.905 0.877 0.870 0.812 0.697 0.647 0.229 0.127 0.177 0.472 0.661 0.698 0.542 0.736 0.734 0.582 0.392 0.826 0.834 0.219 0.669 0.643 0.493 0.135 0.542 0.664 0.677 0.693 0.661 0.450 0.470 0.823 0.331 0.136 0.120 0.260 0.096 0.150 0.106 0.112 0.118 0.101 0.106 0.089 0.114 0.098 0.122 0.156 0.131 0.366 0.652 0.558 
0.520 0.585 0.628 0.484 0.591 0.615 0.472 0.102 0.120 0.513 0.626 0.639 0.639 0.638 0.635 0.643 0.642 0.637 0.650 0.642 0.653 0.649 0.644 0.653 0.642 0.638 0.638 0.651 0.641 0.650 0.650 0.655 0.655 0.649 0.648 0.343 0.128 0.178 0.593 0.646 0.605 0.646 0.655 0.660 0.686 0.656 0.613 0.646 0.650 0.658 0.652 0.662 0.646 0.659 0.640 0.650 0.656 0.679 0.646 0.671 
0.658 0.674 0.656 0.678 0.664 0.659 0.663 0.665 0.681 0.648 0.663 0.679 0.670 0.654 0.673 0.663 0.674 0.672 0.685 0.663 0.674 0.666 0.672 0.663 0.659 0.664 0.671 0.674 0.674 0.683 0.653 0.673 0.679 0.705 0.691 0.690 0.682 0.697 0.671 0.686 0.691 0.688 0.706 0.725 0.705 0.681 0.599 0.203 0.189 0.219 0.179 0.198 0.177 0.145 0.202 0.192 0.229 0.243 0.199 0.218 
