0.199 0.168 0.189 0.180 0.188 0.223 0.223 0.220 0.192 0.175 0.206 0.208 0.229 0.234 0.205 0.217 0.169 0.261 0.190 0.195 0.224 0.213 0.183 0.185 0.204 0.178 0.171 0.209 0.233 0.220 0.130 0.206 0.207 0.203 0.197 0.224 0.180 0.208 0.227 0.171 0.168 0.262 0.190 0.180 0.199 0.226 0.209 0.169 0.246 0.209 0.238 0.215 0.159 0.207 0.174 0.253 0.204 0.205 0.208 0.149 
0.200 0.187 0.182 0.175 0.199 0.231 0.214 0.232 0.247 0.216 0.199 0.217 0.206 0.210 0.268 0.210 0.235 0.200 0.195 0.229 0.244 0.232 0.180 0.211 0.212 0.219 0.167 0.198 0.178 0.195 0.191 0.199 0.202 0.181 0.177 0.206 0.233 0.221 0.177 0.202 0.158 0.225 0.227 0.224 0.229 0.229 0.228 0.250 0.217 0.231 0.219 0.233 0.208 0.241 0.151 0.220 0.228 0.248 0.271 0.197 
0.216 0.214 0.233 0.192 0.206 0.250 0.225 0.247 0.221 0.190 0.179 0.202 0.288 0.229 0.208 0.211 0.230 0.209 0.198 0.210 0.244 0.242 0.225 0.224 0.199 0.208 0.193 0.235 0.204 0.253 0.201 0.191 0.226 0.226 0.206 0.213 0.214 0.198 0.216 0.193 0.211 0.239 0.215 0.249 0.236 0.205 0.188 0.265 0.182 0.216 0.228 0.279 0.236 0.233 0.217 0.209 0.241 0.230 0.180 0.219 
0.220 0.193 0.228 0.194 0.192 0.244 0.225 0.225 0.259 0.256 0.220 0.285 0.240 0.238 0.254 0.258 0.240 0.235 0.259 0.231 0.233 0.265 0.258 0.241 0.206 0.228 0.282 0.244 0.234 0.206 0.212 0.210 0.207 0.258 0.239 0.284 0.252 0.251 0.229 0.241 0.249 0.250 0.238 0.265 0.227 0.247 0.224 0.217 0.219 0.231 0.250 0.259 0.295 0.248 0.215 0.234 0.209 0.200 0.234 0.231 
0.212 0.172 0.235 0.172 0.198 0.228 0.236 0.245 0.234 0.247 0.231 0.254 0.276 0.220 0.265 0.288 0.225 0.247 0.206 0.259 0.228 0.248 0.266 0.229 0.235 0.248 0.265 0.238 0.224 0.230 0.209 0.227 0.237 0.191 0.213 0.248 0.235 0.260 0.287 0.236 0.219 0.299 0.258 0.265 0.286 0.267 0.253 0.220 0.216 0.235 0.236 0.304 0.224 0.247 0.268 0.269 0.259 0.304 0.258 0.251 
0.251 0.236 0.288 0.223 0.212 0.257 0.267 0.267 0.243 0.257 0.243 0.280 0.242 0.266 0.240 0.269 0.223 0.253 0.238 0.248 0.258 0.256 0.242 0.253 0.208 0.229 0.282 0.274 0.287 0.277 0.229 0.208 0.232 0.260 0.200 0.228 0.264 0.252 0.268 0.258 0.242 0.274 0.276 0.281 0.262 0.262 0.250 0.262 0.259 0.247 0.255 0.264 0.247 0.192 0.236 0.234 0.248 0.260 0.240 0.232 
0.232 0.192 0.299 0.218 0.227 0.303 0.277 0.253 0.233 0.211 0.217 0.251 0.251 0.254 0.278 0.282 0.278 0.269 0.268 0.277 0.269 0.274 0.213 0.223 0.205 0.227 0.219 0.229 0.228 0.223 0.195 0.238 0.238 0.258 0.241 0.242 0.258 0.231 0.247 0.270 0.260 0.271 0.307 0.286 0.237 0.276 0.265 0.206 0.283 0.253 0.250 0.287 0.244 0.262 0.263 0.256 0.281 0.241 0.271 0.254 
0.264 0.203 0.283 0.240 0.185 0.230 0.252 0.235 0.281 0.224 0.272 0.280 0.266 0.290 0.280 0.261 0.248 0.282 0.246 0.258 0.242 0.301 0.260 0.298 0.244 0.227 0.282 0.269 0.238 0.258 0.212 0.235 0.271 0.245 0.238 0.384 0.266 0.356 0.258 0.278 0.330 0.337 0.242 0.451 0.322 0.291 0.331 0.321 0.376 0.337 0.265 0.322 0.243 0.260 0.257 0.283 0.286 0.252 0.299 0.247 
0.268 0.220 0.253 0.221 0.259 0.303 0.381 0.250 0.253 0.263 0.244 0.258 0.290 0.248 0.254 0.287 0.279 0.245 0.235 0.216 0.234 0.310 0.265 0.273 0.264 0.227 0.256 0.248 0.279 0.266 0.262 0.222 0.235 0.221 0.207 0.247 0.218 0.240 0.263 0.234 0.221 0.232 0.242 0.300 0.268 0.259 0.237 0.268 0.254 0.259 0.277 0.264 0.233 0.256 0.211 0.199 0.221 0.239 0.197 0.220 
0.207 0.268 0.250 0.221 0.229 0.215 0.245 0.242 0.233 0.240 0.217 0.281 0.290 0.290 0.266 0.233 0.248 0.262 0.250 0.268 0.296 0.261 0.298 0.241 0.222 0.234 0.233 0.234 0.265 0.237 0.195 0.223 0.189 0.209 0.194 0.203 0.247 0.211 0.302 0.241 0.241 0.302 0.227 0.303 0.250 0.250 0.273 0.226 0.287 0.238 0.273 0.279 0.260 0.251 0.186 0.243 0.192 0.230 0.229 0.227 
0.232 0.208 0.278 0.225 0.233 0.234 0.233 0.235 0.270 0.252 0.247 0.255 0.269 0.224 0.279 0.262 0.286 0.219 0.234 0.264 0.266 0.331 0.286 0.241 0.260 0.238 0.261 0.253 0.284 0.256 0.244 0.266 0.245 0.257 0.236 0.190 0.242 0.245 0.247 0.258 0.229 0.311 0.257 0.268 0.276 0.279 0.282 0.243 0.266 0.241 0.256 0.299 0.258 0.246 0.257 0.280 0.275 0.268 0.260 0.224 
0.072 0.317 0.234 0.229 0.251 0.228 0.318 0.235 0.227 0.274 0.255 0.244 0.278 0.254 0.263 0.229 0.243 0.222 0.244 0.234 0.251 0.268 0.268 0.249 0.234 0.252 0.250 0.231 0.266 0.265 0.245 0.224 0.219 0.268 0.268 0.247 0.241 0.240 0.237 0.217 0.255 0.260 0.240 0.254 0.216 0.254 0.264 0.241 0.205 0.222 0.229 0.244 0.206 0.232 0.245 0.224 0.176 0.155 0.242 0.219 
0.220 0.239 0.204 0.218 0.210 0.208 0.230 0.211 0.298 0.226 0.241 0.290 0.224 0.279 0.200 0.216 0.290 0.209 0.234 0.236 0.270 0.227 0.223 0.208 0.191 0.189 0.222 0.196 0.211 0.211 0.217 0.221 0.217 0.216 0.192 0.250 0.202 0.181 0.224 0.188 0.210 0.204 0.233 0.206 0.205 0.204 0.194 0.177 0.198 0.187 0.183 0.197 0.199 0.200 0.175 0.209 0.204 0.184 0.176 0.154 
0.186 0.605 0.466 0.464 0.470 0.486 0.495 0.586 0.706 0.660 0.683 0.671 0.663 0.668 0.666 0.669 0.634 0.709 0.743 0.572 0.434 0.479 0.498 0.484 0.517 0.573 0.650 0.705 0.652 0.645 0.690 0.666 0.660 0.657 0.662 0.702 0.732 0.524 0.255 0.252 0.576 0.533 0.608 0.622 0.602 0.649 0.481 0.206 0.185 0.200 0.214 0.179 0.215 0.191 0.211 0.203 0.194 0.208 0.192 0.215 
0.186 0.201 0.195 0.379 0.757 0.688 0.886 0.202 0.575 0.717 0.757 0.802 0.944 0.974 0.859 0.885 1.019 1.061 1.054 1.034 1.005 1.003 1.002 0.948 0.979 0.814 0.768 0.811 0.798 0.818 0.808 0.691 0.546 0.196 0.234 0.541 0.586 0.640 0.734 0.884 0.792 0.525 0.491 0.906 0.888 0.747 0.664 0.620 0.719 0.773 0.757 0.778 0.752 0.497 0.769 0.848 0.234 0.234 0.356 0.204 
0.260 0.322 0.295 0.282 0.284 0.286 0.338 0.314 0.325 0.301 0.275 0.331 0.383 0.292 0.363 0.305 0.297 0.286 0.377 0.334 0.309 0.303 0.257 0.294 0.241 0.279 0.309 0.306 0.326 0.287 0.316 0.274 0.290 0.290 0.302 0.297 0.270 0.318 0.295 0.293 0.341 0.323 0.321 0.324 0.398 0.306 0.312 0.315 0.308 0.311 0.311 0.330 0.293 0.307 0.299 0.288 0.302 0.329 0.305 0.324 
0.295 0.350 0.298 0.291 0.281 0.320 0.314 0.317 0.303 0.301 0.400 0.461 0.311 0.331 0.307 0.334 0.370 0.318 0.329 0.295 0.366 0.300 0.322 0.322 0.293 0.302 0.299 0.282 0.316 0.293 0.346 0.303 0.284 0.322 0.275 0.314 0.278 0.277 0.293 0.308 0.332 0.334 0.311 0.320 0.265 0.288 0.299 0.268 0.319 0.311 0.307 0.335 0.310 0.291 0.257 0.280 0.290 0.266 0.261 0.105 
0.452 0.271 0.214 0.323 0.275 0.302 0.274 0.297 0.268 0.266 0.314 0.256 0.271 0.306 0.287 0.300 0.253 0.289 0.282 0.283 0.312 0.297 0.283 0.309 0.249 0.287 0.268 0.298 0.284 0.263 0.292 0.306 0.287 0.253 0.246 0.269 0.261 0.248 0.268 0.292 0.277 0.267 0.274 0.246 0.316 0.217 0.296 0.264 0.246 0.250 0.227 0.259 0.244 0.197 0.260 0.258 0.270 0.266 0.253 0.247 
0.273 0.248 0.249 0.227 0.256 0.226 0.248 0.257 0.646 0.629 0.657 0.342 0.252 0.275 0.270 0.605 0.637 0.649 0.410 0.221 0.255 0.243 0.418 0.672 0.604 0.660 0.265 0.243 0.272 0.229 0.564 0.669 0.649 0.457 0.247 0.286 0.275 0.275 0.273 0.246 0.236 0.275 0.237 0.226 0.230 0.226 0.264 0.212 0.237 0.233 0.236 0.249 0.235 0.244 0.221 0.251 0.263 0.253 0.276 0.281 
0.702 0.532 0.524 0.539 0.533 0.545 0.705 0.733 0.739 0.713 0.742 0.702 0.733 0.690 0.679 0.730 0.712 0.733 0.765 0.803 0.565 0.550 0.488 0.520 0.535 0.608 0.725 0.745 0.719 0.777 0.721 0.738 0.718 0.734 0.712 0.721 0.726 0.747 0.740 0.738 0.769 0.365 0.329 0.485 0.564 0.584 0.606 0.644 0.658 0.700 0.673 0.646 0.644 0.447 0.211 0.242 0.212 0.253 0.236 0.208 
0.256 0.211 0.398 0.764 0.686 0.975 0.269 0.511 0.770 0.820 0.868 0.945 1.002 1.088 1.038 0.933 1.083 1.098 1.102 1.054 1.027 1.035 1.014 0.991 0.937 0.817 0.841 0.867 0.853 0.679 0.723 0.343 0.572 0.732 0.677 0.713 0.911 0.822 0.595 0.608 0.937 0.932 0.688 0.453 0.852 0.258 0.674 0.816 0.812 0.807 0.805 0.637 0.503 0.962 0.435 0.260 0.272 0.242 0.246 0.695 
0.755 0.598 0.689 0.726 0.714 0.642 0.687 0.737 0.479 0.234 0.270 0.236 0.520 0.691 0.764 0.760 0.781 0.788 0.759 0.767 0.769 0.768 0.777 0.769 0.768 0.775 0.769 0.781 0.767 0.767 0.748 0.764 0.753 0.774 0.775 0.777 0.776 0.769 0.767 0.268 0.244 0.274 0.403 0.731 0.761 0.752 0.781 0.791 0.784 0.782 0.770 0.782 0.771 0.776 0.772 0.777 0.769 0.762 0.763 0.788 
0.767 0.752 0.779 0.801 0.804 0.790 0.786 0.790 0.780 0.795 0.792 0.801 0.799 0.768 0.798 0.785 0.794 0.782 0.812 0.782 0.819 0.789 0.808 0.791 0.808 0.811 0.808 0.792 0.810 0.796 0.803 0.792 0.797 0.803 0.811 0.803 0.807 0.811 0.806 0.808 0.795 0.814 0.791 0.811 0.833 0.813 0.815 0.827 0.849 0.874 0.822 0.753 0.290 0.285 0.287 0.280 0.332 0.314 0.324 0.292 
0.361 0.305 0.330 0.328 0.368 0.350 0.341 0.376 0.349 0.360 0.375 0.348 0.382 0.385 0.346 0.360 0.329 0.362 0.368 0.376 0.370 0.338 0.327 0.335 0.361 0.368 0.361 0.399 0.363 0.346 0.341 0.343 0.317 0.354 0.363 0.337 0.341 0.291 0.345 0.366 0.382 0.368 0.381 0.388 0.345 0.382 0.395 0.417 0.432 0.388 0.376 0.360 0.365 0.347 0.369 0.404 0.385 0.384 0.416 0.377 
