0.102 0.096 0.103 0.089 0.091 0.086 0.122 0.094 0.113 0.099 0.098 0.069 0.100 0.110 0.027 0.116 0.098 0.072 0.098 0.096 0.132 0.115 0.068 0.073 0.108 0.061 0.073 0.116 0.100 0.097 0.113 0.106 0.101 0.114 0.111 0.125 0.065 0.111 0.098 0.091 0.106 0.069 0.096 0.103 0.111 0.087 0.094 0.104 0.090 0.102 0.101 0.105 0.098 0.101 0.095 0.074 0.089 0.097 0.091 0.098 
0.093 0.094 0.074 0.088 0.110 0.105 0.062 0.102 0.093 0.096 0.094 0.088 0.095 0.060 0.113 0.111 0.107 0.098 0.101 0.110 0.093 0.113 0.104 0.088 0.090 0.096 0.073 0.112 0.096 0.096 0.091 0.097 0.105 0.103 0.091 0.098 0.055 0.093 0.095 0.090 0.093 0.090 0.093 0.098 0.081 0.079 0.097 0.092 0.097 0.093 0.095 0.093 0.076 0.105 0.090 0.117 0.104 0.090 0.099 0.091 
0.090 0.094 0.086 0.103 0.099 0.065 0.060 0.059 0.096 0.087 0.091 0.086 0.088 0.063 0.087 0.679 0.429 0.416 0.408 0.414 0.417 0.404 0.410 0.664 0.582 0.573 0.664 0.630 0.644 0.643 0.758 0.786 0.269 0.095 0.085 0.086 0.084 0.092 0.093 0.088 0.089 0.052 0.090 0.091 0.083 0.091 0.085 0.061 0.059 0.084 0.090 0.082 0.088 0.092 0.085 0.092 0.082 0.090 0.089 0.085 
0.088 0.090 0.091 0.088 0.084 0.090 0.090 0.093 0.060 0.054 0.091 0.085 0.087 0.093 0.083 0.097 0.084 0.093 0.092 0.054 0.089 0.085 0.091 0.059 0.085 0.059 0.055 0.073 0.091 0.056 0.092 0.088 0.085 0.094 0.084 0.104 0.084 0.094 0.091 0.085 0.088 0.086 0.090 0.138 0.655 0.482 0.239 0.093 0.106 0.070 0.076 0.087 0.094 0.094 0.085 0.064 0.087 0.098 0.080 0.105 
0.068 0.097 0.071 0.097 0.091 0.091 0.083 0.059 0.060 0.085 0.089 0.054 0.059 0.063 0.084 0.095 0.089 0.092 0.054 0.056 0.052 0.084 0.084 0.055 0.083 0.084 0.084 0.055 0.098 0.086 0.087 0.086 0.053 0.089 0.054 0.060 0.085 0.054 0.087 0.053 0.051 0.054 0.052 0.087 0.086 0.087 0.083 0.054 0.086 0.060 0.053 0.087 0.086 0.083 0.091 0.053 0.052 0.054 0.093 0.086 
0.061 0.086 0.061 0.057 0.059 0.053 0.092 0.064 0.092 0.089 0.074 0.069 0.090 0.053 0.090 0.060 0.091 0.053 0.059 0.054 0.059 0.054 0.092 0.088 0.093 0.065 0.084 0.057 0.101 0.056 0.058 0.060 0.089 0.066 0.087 0.091 0.055 0.061 0.054 0.063 0.087 0.062 0.089 0.094 0.054 0.090 0.085 0.060 0.088 0.063 0.086 0.093 0.056 0.091 0.086 0.060 0.056 0.092 0.053 0.063 
0.058 0.087 0.064 0.090 0.084 0.094 0.102 0.089 0.096 0.089 0.093 0.094 0.090 0.089 0.063 0.099 0.092 0.092 0.098 0.094 0.102 0.065 0.091 0.097 0.087 0.096 0.092 0.096 0.105 0.092 0.080 0.099 0.098 0.095 0.091 0.066 0.087 0.095 0.093 0.094 0.112 0.089 0.095 0.095 0.088 0.066 0.095 0.095 0.100 0.093 0.098 0.095 0.097 0.094 0.090 0.096 0.094 0.091 0.088 0.094 
0.095 0.057 0.097 0.109 0.092 0.101 0.096 0.097 0.099 0.099 0.101 0.094 0.094 0.099 0.059 0.107 0.119 0.099 0.097 0.062 0.101 0.099 0.108 0.078 0.096 0.109 0.099 0.106 0.118 0.097 0.105 0.090 0.099 0.101 0.073 0.099 0.088 0.096 0.102 0.101 0.077 0.099 0.107 0.115 0.098 0.107 0.068 0.098 0.099 0.100 0.103 0.097 0.104 0.103 0.102 0.107 0.098 0.082 0.117 0.124 
0.105 0.083 0.112 0.121 0.072 0.105 0.114 0.113 0.094 0.100 0.104 0.113 0.123 0.078 0.102 0.103 0.108 0.100 0.096 0.112 0.134 0.126 0.078 0.097 0.107 0.113 0.097 0.103 0.115 0.112 0.111 0.085 0.107 0.128 0.120 0.113 0.109 0.099 0.108 0.109 0.065 0.103 0.099 0.082 0.115 0.105 0.070 0.098 0.101 0.107 0.101 0.121 0.120 0.099 0.114 0.114 0.108 0.107 0.116 0.104 
0.103 0.077 0.113 0.105 0.116 0.113 0.104 0.113 0.102 0.072 0.113 0.096 0.114 0.104 0.095 0.106 0.100 0.104 0.095 0.103 0.108 0.081 0.106 0.108 0.077 0.112 0.069 0.114 0.112 0.109 0.105 0.096 0.106 0.068 0.109 0.117 0.101 0.137 0.097 0.117 0.115 0.119 0.115 0.089 0.113 0.111 0.105 0.124 0.106 0.114 0.087 0.128 0.112 0.112 0.130 0.087 0.128 0.116 0.131 0.086 
0.128 0.111 0.093 0.129 0.118 0.085 0.114 0.104 0.119 0.106 0.088 0.114 0.126 0.114 0.110 0.090 0.110 0.121 0.106 0.107 0.120 0.116 0.084 0.104 0.108 0.120 0.108 0.114 0.091 0.105 0.114 0.104 0.134 0.093 0.112 0.110 0.100 0.106 0.105 0.109 0.078 0.094 0.125 0.098 0.104 0.078 0.098 0.101 0.096 0.109 0.102 0.117 0.109 0.088 0.115 0.105 0.119 0.109 0.109 0.112 
0.068 0.079 0.119 0.122 0.111 0.078 0.103 0.110 0.099 0.110 0.113 0.078 0.132 0.113 0.110 0.109 0.112 0.072 0.116 0.108 0.092 0.085 0.106 0.111 0.082 0.114 0.119 0.110 0.110 0.070 0.105 0.113 0.126 0.116 0.118 0.085 0.102 0.110 0.120 0.109 0.114 0.086 0.112 0.080 0.102 0.114 0.100 0.104 0.106 0.098 0.115 0.085 0.125 0.110 0.113 0.121 0.107 0.105 0.113 0.116 
0.088 0.106 0.073 0.087 0.114 0.076 0.115 0.110 0.116 0.115 0.075 0.110 0.107 0.117 0.100 0.119 0.107 0.105 0.077 0.071 0.110 0.110 0.112 0.124 0.133 0.114 0.082 0.117 0.116 0.111 0.106 0.102 0.118 0.091 0.109 0.116 0.070 0.098 0.095 0.098 0.110 0.106 0.115 0.092 0.101 0.106 0.092 0.104 0.073 0.098 0.106 0.118 0.108 0.125 0.074 0.112 0.112 0.105 0.112 0.111 
0.107 0.111 0.084 0.118 0.118 0.112 0.100 0.102 0.076 0.108 0.111 0.107 0.076 0.102 0.099 0.104 0.105 0.086 0.088 0.106 0.102 0.088 0.115 0.092 0.119 0.111 0.116 0.104 0.090 0.115 0.107 0.101 0.110 0.129 0.083 0.115 0.073 0.109 0.113 0.112 0.107 0.102 0.088 0.105 0.111 0.104 0.098 0.107 0.095 0.109 0.070 0.117 0.112 0.109 0.110 0.115 0.084 0.092 0.138 0.109 
0.083 0.111 0.119 0.126 0.116 0.077 0.119 0.101 0.117 0.119 0.108 0.075 0.113 0.112 0.106 0.100 0.085 0.102 0.104 0.116 0.076 0.115 0.106 0.090 0.110 0.112 0.119 0.121 0.119 0.112 0.092 0.116 0.107 0.142 0.109 0.092 0.088 0.075 0.108 0.104 0.119 0.112 0.103 0.107 0.105 0.077 0.102 0.104 0.102 0.101 0.078 0.115 0.105 0.111 0.104 0.093 0.088 0.119 0.079 0.109 
0.107 0.123 0.082 0.133 0.142 0.090 0.103 0.127 0.097 0.077 0.117 0.098 0.114 0.101 0.072 0.118 0.103 0.106 0.069 0.112 0.105 0.103 0.110 0.127 0.117 0.116 0.086 0.102 0.117 0.123 0.078 0.083 0.083 0.137 0.129 0.084 0.117 0.104 0.105 0.102 0.081 0.103 0.111 0.113 0.108 0.113 0.107 0.102 0.078 0.104 0.116 0.084 0.107 0.121 0.110 0.087 0.122 0.103 0.128 0.091 
0.122 0.116 0.121 0.090 0.124 0.128 0.110 0.113 0.113 0.110 0.085 0.077 0.121 0.111 0.111 0.128 0.106 0.146 0.113 0.092 0.071 0.118 0.080 0.111 0.138 0.113 0.113 0.109 0.106 0.108 0.105 0.110 0.122 0.120 0.115 0.079 0.100 0.113 0.106 0.111 0.079 0.107 0.117 0.107 0.099 0.110 0.111 0.105 0.103 0.104 0.126 0.114 0.121 0.109 0.110 0.106 0.123 0.081 0.119 0.109 
0.114 0.075 0.111 0.126 0.121 0.084 0.090 0.098 0.109 0.105 0.084 0.106 0.115 0.105 0.108 0.113 0.074 0.108 0.107 0.109 0.110 0.104 0.129 0.097 0.108 0.120 0.100 0.102 0.083 0.110 0.107 0.157 0.138 0.078 0.117 0.118 0.111 0.121 0.077 0.112 0.108 0.107 0.101 0.105 0.085 0.083 0.114 0.104 0.109 0.105 0.070 0.112 0.108 0.121 0.110 0.073 0.114 0.115 0.124 0.117 
0.103 0.080 0.109 0.122 0.121 0.098 0.085 0.113 0.105 0.112 0.087 0.115 0.121 0.114 0.078 0.123 0.125 0.125 0.120 0.108 0.077 0.115 0.121 0.094 0.115 0.122 0.067 0.122 0.110 0.116 0.119 0.100 0.109 0.086 0.120 0.123 0.118 0.128 0.079 0.113 0.102 0.109 0.092 0.070 0.104 0.103 0.108 0.109 0.094 0.079 0.104 0.121 0.096 0.148 0.113 0.112 0.111 0.080 0.112 0.105 
0.099 0.105 0.073 0.118 0.090 0.108 0.111 0.106 0.112 0.081 0.111 0.107 0.100 0.117 0.078 0.285 0.163 0.165 0.169 0.144 0.151 0.179 0.166 0.151 0.169 0.170 0.160 0.179 0.138 0.175 0.142 0.171 0.193 0.177 0.185 0.205 0.153 0.189 0.155 0.164 0.190 0.209 0.179 0.151 0.160 0.160 0.160 0.150 0.180 0.126 0.171 0.170 0.156 0.168 0.163 0.146 0.156 0.185 0.176 0.167 
0.142 0.175 0.180 0.170 0.183 0.187 0.161 0.164 0.171 0.145 0.152 0.134 0.170 0.212 0.172 0.203 0.122 0.152 0.162 0.147 0.168 0.163 0.199 0.226 0.155 0.190 0.211 0.166 0.148 0.176 0.175 0.172 0.165 0.208 0.170 0.209 0.176 0.177 0.151 0.170 0.189 0.155 0.181 0.180 0.169 0.156 0.154 0.188 0.180 0.174 0.181 0.164 0.164 0.175 0.205 0.186 0.187 0.176 0.158 0.167 
0.192 0.182 0.167 0.195 0.210 0.215 0.185 0.138 0.171 0.166 0.191 0.162 0.201 0.131 0.169 0.171 0.151 0.154 0.156 0.174 0.338 0.148 0.167 0.203 0.171 0.201 0.145 0.173 0.185 0.169 0.165 0.159 0.159 0.185 0.176 0.156 0.177 0.169 0.169 0.170 0.128 0.172 0.157 0.174 0.156 0.172 0.163 0.161 0.142 0.154 0.131 0.191 0.162 0.172 0.170 0.169 0.150 0.147 0.191 0.161 
0.145 0.167 0.151 0.178 0.183 0.168 0.179 0.153 0.178 0.128 0.152 0.164 0.186 0.161 0.162 0.149 0.166 0.158 0.122 0.159 0.168 0.191 0.175 0.173 0.168 0.176 0.146 0.181 0.165 0.166 0.175 0.161 0.166 0.134 0.165 0.159 0.182 0.175 0.189 0.165 0.199 0.138 0.218 0.160 0.189 0.172 0.172 0.131 0.152 0.165 0.187 0.175 0.167 0.183 0.143 0.192 0.186 0.169 0.169 0.186 
0.156 0.160 0.212 0.178 0.165 0.189 0.189 0.164 0.165 0.177 0.162 0.153 0.167 0.143 0.122 0.160 0.186 0.148 0.150 0.177 0.158 0.173 0.135 0.188 0.165 0.184 0.185 0.142 0.188 0.163 0.187 0.170 0.155 0.182 0.161 0.176 0.154 0.141 0.160 0.148 0.162 0.178 0.166 0.149 0.109 0.147 0.160 0.150 0.141 0.144 0.147 0.143 0.158 0.131 0.163 0.201 0.173 0.196 0.147 0.170 
