-0.352 -0.377 -0.403 -0.353 -0.367 -0.367 -0.402 -0.393 -0.367 -0.376 -0.405 -0.441 -0.396 -0.419 -0.385 -0.378 -0.409 -0.394 -0.417 -0.384 -0.395 -0.379 -0.422 -0.384 -0.395 -0.424 -0.416 -0.398 -0.435 -0.395 -0.387 -0.365 -0.427 -0.419 -0.383 -0.403 -0.400 -0.392 -0.405 -0.350 -0.392 -0.397 -0.420 -0.391 -0.417 -0.400 -0.434 -0.417 -0.346 -0.409 -0.427 -0.415 -0.412 -0.383 -0.405 -0.366 -0.410 -0.408 -0.398 -0.385 
-0.411 -0.381 -0.435 -0.419 -0.422 -0.409 -0.413 -0.415 -0.391 -0.331 -0.327 -0.382 -0.397 -0.415 -0.411 -0.392 -0.402 -0.445 -0.385 -0.392 -0.394 -0.373 -0.410 -0.390 -0.420 -0.394 -0.385 -0.395 -0.409 -0.438 -0.401 -0.389 -0.417 -0.402 -0.380 -0.406 -0.414 -0.410 -0.430 -0.396 -0.408 -0.460 -0.401 -0.459 -0.417 -0.421 -0.395 -0.438 -0.392 -0.395 -0.403 -0.411 -0.409 -0.406 -0.376 -0.394 -0.424 -0.420 -0.429 -0.449 
-0.407 -0.440 -0.415 -0.394 -0.419 -0.402 -0.416 -0.386 -0.434 -0.391 -0.417 -0.460 -0.379 -0.403 -0.311 -0.283 -0.305 -0.294 -0.254 -0.323 -0.308 -0.317 -0.334 -0.327 -0.354 -0.359 -0.380 -0.362 -0.366 -0.382 -0.358 -0.393 -0.328 -0.294 -0.282 -0.281 -0.275 -0.315 -0.337 -0.331 -0.331 -0.344 -0.421 -0.388 -0.399 -0.383 -0.348 -0.359 -0.431 -0.427 -0.402 -0.375 -0.385 -0.445 -0.391 -0.393 -0.424 -0.452 -0.414 -0.413 
-0.446 -0.428 -0.435 -0.384 -0.398 -0.424 -0.438 -0.441 -0.424 -0.405 -0.427 -0.416 -0.408 -0.436 -0.449 -0.414 -0.420 -0.436 -0.368 -0.398 -0.453 -0.412 -0.450 -0.278 -0.365 -0.385 -0.375 -0.427 -0.436 -0.413 -0.393 -0.416 -0.449 -0.385 -0.398 -0.464 -0.406 -0.414 -0.403 -0.325 -0.412 -0.441 -0.401 -0.427 -0.362 -0.373 -0.378 -0.365 -0.421 -0.394 -0.420 -0.417 -0.387 -0.415 -0.365 -0.357 -0.374 -0.428 -0.400 -0.460 
-0.374 -0.362 -0.328 -0.361 -0.418 -0.377 -0.391 -0.394 -0.385 -0.357 -0.421 -0.435 -0.406 -0.452 -0.409 -0.349 -0.420 -0.449 -0.403 -0.396 -0.371 -0.345 -0.427 -0.420 -0.417 -0.353 -0.356 -0.437 -0.400 -0.393 -0.380 -0.382 -0.374 -0.334 -0.441 -0.428 -0.365 -0.377 -0.402 -0.388 -0.381 -0.353 -0.417 -0.346 -0.346 -0.324 -0.384 -0.357 -0.407 -0.355 -0.451 -0.439 -0.406 -0.389 -0.353 -0.307 -0.336 -0.380 -0.425 -0.397 
-0.437 -0.358 -0.435 -0.349 -0.399 -0.389 -0.359 -0.403 -0.404 -0.368 -0.352 -0.374 -0.379 -0.382 -0.385 -0.332 -0.411 -0.422 -0.352 -0.375 -0.411 -0.458 -0.419 -0.386 -0.318 -0.371 -0.386 -0.425 -0.380 -0.361 -0.380 -0.341 -0.438 -0.401 -0.402 -0.339 -0.411 -0.384 -0.419 -0.460 -0.445 -0.413 -0.399 -0.398 -0.399 -0.335 -0.428 -0.389 -0.358 -0.358 -0.403 -0.401 -0.448 -0.409 -0.426 -0.356 -0.421 -0.402 -0.421 -0.385 
-0.405 -0.411 -0.400 -0.355 -0.425 -0.403 -0.391 -0.380 -0.471 -0.327 -0.352 -0.417 -0.426 -0.390 -0.413 -0.391 -0.425 -0.392 -0.393 -0.405 -0.408 -0.386 -0.441 -0.410 -0.389 -0.349 -0.415 -0.379 -0.435 -0.469 -0.439 -0.412 -0.429 -0.340 -0.368 -0.390 -0.447 -0.424 -0.410 -0.413 -0.402 -0.421 -0.390 -0.454 -0.429 -0.429 -0.410 -0.434 -0.409 -0.416 -0.433 -0.391 -0.453 -0.397 -0.386 -0.312 -0.414 -0.428 -0.372 -0.406 
-0.418 -0.408 -0.448 -0.392 -0.436 -0.420 -0.435 -0.416 -0.417 -0.447 -0.418 -0.422 -0.326 -0.352 -0.394 -0.396 -0.392 -0.440 -0.381 -0.443 -0.428 -0.423 -0.461 -0.428 -0.437 -0.403 -0.432 -0.447 -0.421 -0.424 -0.449 -0.401 -0.354 -0.398 -0.428 -0.450 -0.376 -0.435 -0.450 -0.429 -0.429 -0.413 -0.373 -0.391 -0.427 -0.378 -0.461 -0.425 -0.375 -0.401 -0.444 -0.428 -0.308 -0.419 -0.357 -0.389 -0.404 -0.378 -0.359 -0.402 
-0.424 -0.381 -0.408 -0.410 -0.358 -0.433 -0.428 -0.436 -0.477 -0.445 -0.441 -0.442 -0.429 -0.493 -0.467 -0.458 -0.430 -0.431 -0.423 -0.415 -0.460 -0.496 -0.456 -0.439 -0.407 -0.440 -0.482 -0.459 -0.470 -0.435 -0.452 -0.500 -0.464 -0.458 -0.457 -0.428 -0.494 -0.476 -0.447 -0.445 -0.474 -0.463 -0.399 -0.477 -0.478 -0.470 -0.404 -0.443 -0.431 -0.452 -0.448 -0.462 -0.398 -0.422 -0.445 -0.398 -0.478 -0.448 -0.404 -0.494 
-0.428 -0.460 -0.493 -0.426 -0.480 -0.469 -0.451 -0.467 -0.494 -0.495 -0.419 -0.317 -0.465 -0.456 -0.435 -0.462 -0.463 -0.454 -0.476 -0.449 -0.511 -0.449 -0.495 -0.451 -0.400 -0.474 -0.478 -0.487 -0.495 -0.463 -0.456 -0.470 -0.479 -0.462 -0.483 -0.474 -0.436 -0.517 -0.489 -0.436 -0.483 -0.469 -0.497 -0.458 -0.475 -0.465 -0.450 -0.444 -0.452 -0.495 -0.491 -0.470 -0.485 -0.465 -0.420 -0.447 -0.439 -0.525 -0.520 -0.478 
-0.487 -0.496 -0.483 -0.497 -0.479 -0.496 -0.523 -0.550 -0.537 -0.545 -0.540 -0.557 -0.546 -0.583 -0.550 -0.544 -0.551 -0.574 -0.539 -0.571 -0.540 -0.546 -0.543 -0.546 -0.583 -0.515 -0.555 -0.548 -0.585 -0.542 -0.553 -0.539 -0.550 -0.548 -0.577 -0.571 -0.526 -0.543 -0.560 -0.551 -0.593 -0.551 -0.549 -0.563 -0.555 -0.553 -0.545 -0.588 -0.547 -0.554 -0.554 -0.547 -0.550 -0.576 -0.554 -0.571 -0.550 -0.551 -0.550 -0.548 
-0.587 -0.550 -0.564 -0.550 -0.562 -0.552 -0.539 -0.570 -0.557 -0.554 -0.555 -0.565 -0.575 -0.549 -0.562 -0.580 -0.557 -0.552 -0.554 -0.543 -0.590 -0.525 -0.543 -0.557 -0.545 -0.547 -0.589 -0.555 -0.564 -0.562 -0.561 -0.553 -0.570 -0.553 -0.570 -0.577 -0.563 -0.554 -0.563 -0.563 -0.567 -0.602 -0.560 -0.558 -0.559 -0.562 -0.553 -0.559 -0.600 -0.560 -0.553 -0.566 -0.563 -0.569 -0.550 -0.578 -0.599 -0.568 -0.563 -0.567 
-0.569 -0.567 -0.561 -0.561 -0.640 -0.551 -0.564 -0.576 -0.566 -0.576 -0.530 -0.560 -0.603 -0.573 -0.585 -0.569 -0.572 -0.559 -0.560 -0.565 -0.567 -0.608 -0.568 -0.568 -0.572 -0.564 -0.564 -0.566 -0.579 -0.570 -0.570 -0.566 -0.563 -0.606 -0.560 -0.590 -0.577 -0.568 -0.581 -0.574 -0.579 -0.579 -0.576 -0.580 -0.577 -0.609 -0.570 -0.571 -0.581 -0.577 -0.582 -0.573 -0.578 -0.574 -0.581 -0.585 -0.578 -0.591 -0.600 -0.578 
-0.611 -0.578 -0.583 -0.576 -0.580 -0.569 -0.573 -0.585 -0.575 -0.580 -0.584 -0.572 -0.613 -0.577 -0.577 -0.586 -0.574 -0.584 -0.574 -0.617 -0.571 -0.581 -0.580 -0.587 -0.582 -0.617 -0.586 -0.581 -0.581 -0.592 -0.586 -0.588 -0.583 -0.583 -0.589 -0.583 -0.589 -0.583 -0.583 -0.582 -0.576 -0.618 -0.613 -0.576 -0.591 -0.586 -0.592 -0.581 -0.594 -0.587 -0.585 -0.586 -0.585 -0.591 -0.587 -0.588 -0.591 -0.583 -0.574 -0.592 
-0.618 -0.590 -0.585 -0.614 -0.591 -0.042 -0.313 -0.295 -0.311 -0.311 -0.295 -0.320 -0.294 -0.144 0.037 -0.013 -0.028 -0.021 -0.070 -0.091 -0.057 -0.093 -0.044 0.074 0.084 -0.114 -0.161 -0.230 -0.286 -0.312 -0.329 -0.312 0.011 -0.112 -0.032 -0.080 -0.071 -0.075 -0.098 -0.109 -0.071 0.079 -0.108 -0.594 -0.632 -0.627 -0.601 -0.594 -0.592 -0.602 -0.592 -0.627 -0.591 -0.594 -0.599 -0.595 -0.602 -0.594 -0.599 -0.634 
-0.596 -0.602 -0.594 -0.602 -0.626 -0.590 -0.604 -0.631 -0.601 -0.600 -0.599 -0.604 -0.598 -0.600 -0.597 -0.603 -0.596 -0.596 -0.601 -0.598 -0.602 -0.596 -0.594 -0.635 -0.632 -0.624 -0.631 -0.601 -0.564 -0.096 -0.191 -0.342 -0.599 -0.589 -0.574 -0.603 -0.602 -0.634 -0.599 -0.599 -0.606 -0.601 -0.608 -0.601 -0.627 -0.635 -0.590 -0.601 -0.599 -0.608 -0.599 -0.593 -0.607 -0.602 -0.608 -0.604 -0.603 -0.641 -0.602 -0.641 
-0.604 -0.611 -0.602 -0.604 -0.623 -0.619 -0.606 -0.608 -0.609 -0.611 -0.613 -0.610 -0.610 -0.610 -0.603 -0.595 -0.603 -0.607 -0.607 -0.608 -0.615 -0.613 -0.614 -0.611 -0.639 -0.613 -0.612 -0.645 -0.617 -0.613 -0.611 -0.613 -0.610 -0.646 -0.613 -0.645 -0.647 -0.614 -0.615 -0.646 -0.610 -0.643 -0.613 -0.644 -0.639 -0.615 -0.646 -0.604 -0.646 -0.643 -0.635 -0.607 -0.638 -0.614 -0.610 -0.646 -0.643 -0.619 -0.642 -0.608 
-0.617 -0.611 -0.642 -0.638 -0.609 -0.637 -0.651 -0.643 -0.617 -0.613 -0.618 -0.609 -0.648 -0.610 -0.652 -0.609 -0.643 -0.634 -0.617 -0.605 -0.650 -0.638 -0.609 -0.648 -0.639 -0.648 -0.609 -0.616 -0.615 -0.644 -0.644 -0.643 -0.600 -0.647 -0.607 -0.645 -0.642 -0.613 -0.640 -0.649 -0.612 -0.641 -0.638 -0.626 -0.653 -0.610 -0.648 -0.591 -0.643 -0.636 -0.650 -0.643 -0.647 -0.604 -0.646 -0.643 -0.645 -0.638 -0.615 -0.613 
-0.643 -0.610 -0.625 -0.596 -0.634 -0.632 -0.619 -0.628 -0.639 -0.613 -0.634 -0.598 -0.604 -0.610 -0.599 -0.609 -0.631 -0.563 -0.594 -0.594 -0.634 -0.602 -0.616 -0.603 -0.590 -0.645 -0.645 -0.620 -0.606 -0.602 -0.613 -0.603 -0.577 -0.582 -0.627 -0.580 -0.600 -0.611 -0.615 -0.615 -0.636 -0.606 -0.613 -0.604 -0.614 -0.604 -0.641 -0.599 -0.591 -0.617 -0.611 -0.613 -0.642 -0.604 -0.601 -0.604 -0.605 -0.606 -0.645 -0.600 
-0.605 -0.611 -0.552 -0.629 -0.607 -0.630 -0.586 -0.591 -0.601 -0.631 -0.609 -0.595 -0.597 -0.641 -0.587 -0.586 -0.628 -0.609 -0.601 -0.611 -0.594 -0.639 -0.630 -0.575 -0.606 -0.631 -0.601 -0.612 -0.603 -0.648 -0.600 -0.604 -0.586 -0.622 -0.605 -0.609 -0.617 -0.641 -0.611 -0.596 -0.625 -0.621 -0.594 -0.632 -0.600 -0.601 -0.646 -0.605 -0.602 -0.600 -0.619 -0.607 -0.632 -0.592 -0.598 -0.608 -0.627 -0.605 -0.624 -0.634 
-0.606 -0.634 -0.600 -0.602 -0.645 -0.604 -0.600 -0.615 -0.614 -0.648 -0.597 -0.611 -0.620 -0.597 -0.647 -0.609 -0.610 -0.638 -0.623 -0.615 -0.648 -0.619 -0.605 -0.627 -0.619 -0.615 -0.618 -0.629 -0.618 -0.613 -0.610 -0.619 -0.623 -0.600 -0.613 -0.584 -0.634 -0.601 -0.646 -0.582 -0.625 -0.637 -0.608 -0.621 -0.610 -0.633 -0.616 -0.610 -0.606 -0.606 -0.647 -0.620 -0.628 -0.616 -0.622 -0.623 -0.639 -0.613 -0.607 -0.648 
-0.616 -0.614 -0.601 -0.623 -0.620 -0.603 -0.619 -0.651 -0.614 -0.615 -0.612 -0.648 -0.606 -0.625 -0.621 -0.617 -0.650 -0.607 -0.603 -0.652 -0.627 -0.618 -0.609 -0.617 -0.638 -0.627 -0.624 -0.617 -0.659 -0.617 -0.650 -0.612 -0.608 -0.642 -0.601 -0.652 -0.603 -0.618 -0.609 -0.634 -0.618 -0.623 -0.628 -0.626 -0.623 -0.616 -0.610 -0.603 -0.617 -0.640 -0.641 -0.633 -0.626 -0.620 -0.578 -0.613 -0.618 -0.611 -0.633 -0.653 
-0.661 -0.615 -0.620 -0.621 -0.612 -0.613 -0.616 -0.657 -0.647 -0.621 -0.623 -0.656 -0.628 -0.628 -0.619 -0.655 -0.629 -0.606 -0.610 -0.623 -0.631 -0.658 -0.611 -0.606 -0.659 -0.644 -0.659 -0.664 -0.627 -0.631 -0.628 -0.628 -0.631 -0.614 -0.627 -0.625 -0.618 -0.614 -0.652 -0.626 -0.665 -0.613 -0.634 -0.653 -0.620 -0.667 -0.657 -0.606 -0.610 -0.665 -0.624 -0.633 -0.614 -0.647 -0.628 -0.650 -0.643 -0.630 -0.635 -0.635 
-0.657 -0.668 -0.619 -0.663 -0.642 -0.625 -0.667 -0.660 -0.593 -0.641 -0.630 -0.622 -0.639 -0.676 -0.634 -0.628 -0.651 -0.612 -0.617 -0.620 -0.622 -0.634 -0.659 -0.626 -0.623 -0.626 -0.629 -0.635 -0.668 -0.632 -0.675 -0.631 -0.621 -0.618 -0.638 -0.632 -0.658 -0.631 -0.668 -0.623 -0.640 -0.671 -0.672 -0.637 -0.640 -0.626 -0.631 -0.630 -0.658 -0.641 -0.624 -0.634 -0.661 -0.601 -0.333 0.037 0.043 0.035 0.054 -0.028 
