0.365 0.546 0.822 0.766 0.505 0.591 0.835 0.581 0.369 0.715 0.729 0.362 0.301 0.233 0.209 0.247 0.205 0.204 0.174 0.217 0.181 0.176 0.247 0.186 0.217 0.243 0.221 0.198 0.195 0.204 0.190 0.214 0.225 0.220 0.224 0.207 0.214 0.232 0.237 0.223 0.198 0.204 0.177 0.227 0.283 0.216 0.243 0.243 0.211 0.290 0.240 0.225 0.238 0.246 0.219 0.245 0.230 0.221 0.221 0.254 
0.210 0.278 0.212 0.223 0.292 0.253 0.234 0.208 0.236 0.266 0.259 0.300 0.232 0.277 0.246 0.241 0.235 0.208 0.251 0.247 0.238 0.214 0.241 0.230 0.210 0.241 0.218 0.224 0.211 0.219 0.235 0.240 0.243 0.273 0.265 0.280 0.231 0.242 0.264 0.245 0.270 0.272 0.280 0.277 0.268 0.233 0.254 0.265 0.271 0.289 0.235 0.252 0.267 0.232 0.245 0.255 0.241 0.230 0.252 0.254 
0.291 0.265 0.250 0.206 0.277 0.251 0.253 0.286 0.273 0.327 0.303 0.266 0.302 0.281 0.271 0.257 0.242 0.256 0.265 0.274 0.233 0.253 0.236 0.238 0.247 0.236 0.239 0.251 0.227 0.264 0.244 0.297 0.223 0.265 0.293 0.261 0.334 0.298 0.347 0.242 0.238 0.306 0.276 0.290 0.275 0.270 0.280 0.262 0.241 0.267 0.222 0.256 0.240 0.276 0.230 0.301 0.268 0.243 0.267 0.258 
0.252 0.285 0.236 0.258 0.262 0.238 0.229 0.242 0.262 0.252 0.264 0.280 0.257 0.301 0.301 0.251 0.259 0.276 0.294 0.260 0.274 0.251 0.284 0.249 0.278 0.239 0.226 0.264 0.255 0.271 0.263 0.232 0.251 0.265 0.304 0.307 0.284 0.288 0.287 0.282 0.278 0.259 0.264 0.245 0.317 0.272 0.248 0.237 0.247 0.286 0.236 0.230 0.257 0.259 0.252 0.250 0.246 0.229 0.284 0.290 
0.242 0.265 0.266 0.306 0.291 0.265 0.268 0.248 0.272 0.255 0.282 0.272 0.271 0.333 0.251 0.279 0.258 0.239 0.245 0.285 0.296 0.236 0.261 0.232 0.219 0.270 0.227 0.268 0.275 0.292 0.255 0.285 0.275 0.276 0.306 0.282 0.265 0.294 0.302 0.273 0.277 0.223 0.238 0.309 0.296 0.272 0.214 0.258 0.271 0.300 0.254 0.268 0.281 0.235 0.311 0.280 0.247 0.239 0.267 0.260 
0.235 0.277 0.275 0.266 0.334 0.246 0.272 0.283 0.239 0.265 0.273 0.240 0.269 0.267 0.282 0.303 0.266 0.269 0.211 0.261 0.265 0.288 0.272 0.243 0.277 0.235 0.236 0.233 0.275 0.292 0.261 0.268 0.266 0.261 0.283 0.251 0.302 0.258 0.257 0.266 0.277 0.278 0.271 0.261 0.288 0.264 0.263 0.234 0.275 0.230 0.251 0.270 0.233 0.260 0.251 0.246 0.252 0.253 0.260 0.291 
0.250 0.245 0.255 0.267 0.293 0.247 0.252 0.267 0.262 0.275 0.311 0.278 0.264 0.286 0.236 0.291 0.251 0.289 0.216 0.290 0.226 0.238 0.297 0.244 0.252 0.250 0.244 0.231 0.245 0.297 0.242 0.256 0.227 0.260 0.251 0.239 0.338 0.279 0.300 0.316 0.273 0.274 0.275 0.264 0.286 0.288 0.299 0.263 0.325 0.286 0.266 0.259 0.266 0.247 0.263 0.261 0.233 0.256 0.301 0.249 
0.299 0.260 0.245 0.257 0.339 0.350 0.305 0.269 0.260 0.267 0.288 0.263 0.280 0.298 0.276 0.300 0.240 0.277 0.256 0.256 0.230 0.238 0.258 0.228 0.257 0.259 0.269 0.267 0.236 0.245 0.263 0.255 0.246 0.235 0.293 0.280 0.274 0.254 0.248 0.265 0.261 0.308 0.240 0.293 0.298 0.302 0.261 0.249 0.290 0.255 0.247 0.249 0.292 0.270 0.250 0.293 0.219 0.236 0.244 0.258 
0.239 0.280 0.266 0.288 0.266 0.307 0.268 0.279 0.243 0.263 0.320 0.293 0.254 0.303 0.333 0.262 0.269 0.274 0.242 0.310 0.276 0.271 0.239 0.255 0.260 0.293 0.485 0.454 0.320 0.253 0.282 0.227 0.243 0.272 0.278 0.284 0.276 0.273 0.259 0.253 0.293 0.251 0.258 0.281 0.291 0.271 0.247 0.222 0.241 0.256 0.248 0.256 0.227 0.225 0.238 0.295 0.255 0.262 0.236 0.263 
0.276 0.260 0.291 0.288 0.260 0.250 0.241 0.258 0.267 0.239 0.283 0.253 0.284 0.258 0.305 0.227 0.236 0.263 0.223 0.286 0.231 0.222 0.300 0.196 0.236 0.232 0.246 0.241 0.272 0.234 0.278 0.267 0.276 0.239 0.296 0.243 0.274 0.261 0.303 0.241 0.248 0.260 0.270 0.275 0.275 0.255 0.243 0.257 0.271 0.266 0.263 0.252 0.250 0.241 0.216 0.279 0.242 0.233 0.285 0.248 
0.263 0.206 0.245 0.285 0.256 0.279 0.247 0.294 0.267 0.291 0.313 0.291 0.267 0.336 0.265 0.304 0.261 0.295 0.245 0.248 0.262 0.261 0.273 0.269 0.271 0.273 0.295 0.252 0.272 0.300 0.249 0.270 0.297 0.268 0.293 0.276 0.285 0.279 0.277 0.240 0.256 0.293 0.266 0.311 0.353 0.255 0.290 0.300 0.331 0.282 0.267 0.294 0.217 0.284 0.241 0.367 0.294 0.282 0.291 0.277 
0.307 0.248 0.255 0.280 0.274 0.312 0.300 0.313 0.335 0.283 0.271 0.259 0.276 0.288 0.302 0.312 0.232 0.246 0.244 0.278 0.220 0.269 0.269 0.252 0.238 0.250 0.268 0.244 0.239 0.231 0.264 0.277 0.220 0.266 0.270 0.257 0.292 0.247 0.287 0.285 0.263 0.289 0.280 0.269 0.282 0.270 0.242 0.249 0.269 0.256 0.250 0.282 0.316 0.269 0.277 0.371 0.279 0.287 0.232 0.285 
0.285 0.264 0.286 0.295 0.306 0.346 0.275 0.269 0.307 0.278 0.316 0.273 0.278 0.284 0.315 0.300 0.247 0.283 0.251 0.292 0.239 0.290 0.294 0.232 0.284 0.285 0.281 0.282 0.273 0.267 0.270 0.309 0.250 0.258 0.264 0.301 0.280 0.275 0.322 0.256 0.276 0.313 0.254 0.342 0.298 0.324 0.271 0.262 0.289 0.269 0.244 0.241 0.284 0.276 0.256 0.309 0.256 0.269 0.277 0.240 
0.280 0.262 0.295 0.303 0.297 0.303 0.284 0.278 0.238 0.262 0.341 0.269 0.297 0.314 0.292 0.350 0.254 0.297 0.301 0.298 0.291 0.255 0.290 0.287 0.263 0.280 0.292 0.290 0.332 0.270 0.314 0.360 0.265 0.254 0.309 0.355 0.318 0.312 0.259 0.346 0.263 0.321 0.293 0.341 0.307 0.296 0.350 0.305 0.296 0.234 0.291 0.276 0.336 0.265 0.238 0.275 0.285 0.258 0.323 0.385 
0.283 0.300 0.263 0.303 0.281 0.274 0.296 0.262 0.275 0.289 0.255 0.313 0.284 0.259 0.266 0.298 0.267 0.295 0.275 0.267 0.255 0.273 0.284 0.262 0.234 0.245 0.259 0.257 0.260 0.231 0.268 0.235 0.243 0.285 0.237 0.302 0.252 0.260 0.278 0.221 0.287 0.257 0.288 0.276 0.268 0.264 0.263 0.245 0.272 0.266 0.272 0.257 0.275 0.249 0.233 0.285 0.255 0.275 0.243 0.260 
0.271 0.254 0.256 0.253 0.257 0.302 0.238 0.272 0.265 0.296 0.279 0.261 0.271 0.239 0.290 0.279 0.268 0.207 0.274 0.253 0.245 0.279 0.242 0.275 0.227 0.251 0.265 0.229 0.270 0.259 0.251 0.294 0.253 0.272 0.257 0.265 0.252 0.246 0.305 0.224 0.277 0.276 0.256 0.246 0.259 0.293 0.248 0.295 0.249 0.251 0.258 0.245 0.302 0.245 0.252 0.267 0.272 0.255 0.245 0.266 
0.271 0.324 0.278 0.242 0.276 0.256 0.288 0.271 0.258 0.217 0.249 0.270 0.199 0.298 0.283 0.288 0.308 0.258 0.225 0.244 0.265 0.254 0.271 0.249 0.230 0.268 0.279 0.212 0.269 0.256 0.267 0.271 0.222 0.269 0.254 0.291 0.266 0.258 0.261 0.263 0.237 0.265 0.292 0.272 0.272 0.281 0.253 0.240 0.237 0.260 0.257 0.241 0.271 0.073 0.345 0.261 0.228 0.249 0.246 0.295 
0.259 0.239 0.220 0.254 0.287 0.267 0.281 0.227 0.242 0.226 0.249 0.227 0.231 0.257 0.234 0.271 0.240 0.222 0.260 0.202 0.241 0.236 0.244 0.231 0.241 0.239 0.232 0.217 0.243 0.234 0.261 0.224 0.237 0.198 0.222 0.270 0.220 0.188 0.199 0.216 0.223 0.220 0.210 0.199 0.189 0.227 0.219 0.190 0.213 0.178 0.206 0.212 0.192 0.254 0.199 0.231 0.221 0.195 0.206 0.181 
0.187 0.262 0.194 0.210 0.279 0.243 0.225 0.195 0.253 0.192 0.208 0.248 0.197 0.185 0.192 0.194 0.179 0.210 0.200 0.188 0.234 0.162 0.199 0.185 0.201 0.231 0.231 0.209 0.179 0.206 0.206 0.179 0.186 0.191 0.203 0.208 0.176 0.181 0.184 0.195 0.231 0.193 0.211 0.203 0.159 0.216 0.219 0.221 0.185 0.190 0.200 0.178 0.190 0.182 0.604 0.485 0.465 0.467 0.476 0.456 
0.520 0.493 0.674 0.705 0.684 0.730 0.695 0.714 0.708 0.707 0.719 0.727 0.767 0.569 0.541 0.478 0.480 0.462 0.454 0.464 0.498 0.575 0.726 0.713 0.677 0.705 0.660 0.684 0.706 0.671 0.672 0.740 0.734 0.390 0.229 0.338 0.458 0.442 0.455 0.517 0.540 0.690 0.620 0.619 0.629 0.327 0.193 0.175 0.196 0.188 0.201 0.201 0.166 0.180 0.198 0.199 0.277 0.756 0.615 0.908 
0.349 0.721 0.732 0.734 0.717 0.964 1.055 0.988 1.015 0.937 0.965 1.045 1.046 1.021 1.006 1.002 0.993 0.952 0.936 0.811 0.832 0.798 0.680 0.712 0.182 0.614 0.730 0.650 0.567 0.728 0.903 0.785 0.632 0.866 0.208 0.545 0.807 0.671 0.735 0.725 0.764 0.448 0.887 0.540 0.187 0.202 0.204 0.172 0.300 0.217 0.186 0.204 0.167 0.214 0.249 0.273 0.230 0.289 0.239 0.257 
0.294 0.268 0.245 0.238 0.309 0.293 0.279 0.288 0.247 0.281 0.246 0.295 0.253 0.267 0.280 0.252 0.255 0.262 0.241 0.277 0.224 0.273 0.276 0.237 0.274 0.246 0.276 0.259 0.247 0.247 0.254 0.256 0.225 0.284 0.260 0.279 0.263 0.261 0.258 0.236 0.267 0.297 0.261 0.285 0.291 0.275 0.288 0.252 0.282 0.258 0.240 0.264 0.275 0.276 0.303 0.296 0.272 0.279 0.412 0.278 
0.435 0.271 0.301 0.272 0.282 0.329 0.326 0.302 0.264 0.265 0.255 0.264 0.295 0.339 0.239 0.288 0.281 0.243 0.289 0.237 0.278 0.259 0.268 0.269 0.247 0.290 0.244 0.249 0.262 0.267 0.295 0.230 0.239 0.273 0.282 0.271 0.279 0.270 0.254 0.267 0.276 0.211 0.258 0.253 0.267 0.277 0.227 0.256 0.290 0.255 0.262 0.234 0.319 0.234 0.285 0.254 0.266 0.286 0.282 0.331 
0.325 0.290 0.320 0.354 0.365 0.296 0.408 0.303 0.298 0.289 0.276 0.289 0.274 0.318 0.321 0.289 0.311 0.325 0.292 0.296 0.303 0.303 0.278 0.313 0.301 0.274 0.291 0.324 0.295 0.289 0.339 0.282 0.303 0.325 0.323 0.300 0.256 0.287 0.316 0.347 0.305 0.317 0.305 0.312 0.266 0.292 0.348 0.323 0.356 0.283 0.350 0.522 0.368 0.326 0.285 0.291 0.289 0.299 0.271 0.307 
