0.131 0.132 0.148 0.192 0.180 0.157 0.195 0.166 0.122 0.172 0.124 0.160 0.133 0.191 0.158 0.170 0.153 0.161 0.166 0.167 0.154 0.154 0.174 0.159 0.125 0.159 0.150 0.160 0.172 0.168 0.175 0.148 0.238 0.181 0.151 0.156 0.129 0.218 0.185 0.167 0.172 0.172 0.191 0.213 0.138 0.130 0.158 0.197 0.176 0.180 0.184 0.135 0.147 0.139 0.158 0.191 0.154 0.170 0.209 0.121 
0.166 0.164 0.143 0.192 0.171 0.180 0.148 0.141 0.151 0.167 0.137 0.152 0.166 0.190 0.158 0.167 0.130 0.174 0.146 0.163 0.158 0.127 0.140 0.134 0.155 0.120 0.155 0.131 0.136 0.160 0.136 0.153 0.152 0.153 0.170 0.142 0.153 0.101 0.141 0.186 0.127 0.184 0.155 0.179 0.128 0.131 0.140 0.148 0.158 0.161 0.143 0.158 0.156 0.119 0.194 0.151 0.167 0.146 0.164 0.171 
0.148 0.176 0.129 0.160 0.176 0.164 0.166 0.128 0.173 0.176 0.165 0.125 0.188 0.200 0.121 0.179 0.154 0.169 0.172 0.134 0.184 0.147 0.176 0.128 0.169 0.165 0.130 0.162 0.198 0.148 0.163 0.182 0.152 0.153 0.161 0.121 0.166 0.137 0.132 0.141 0.119 0.175 0.173 0.176 0.120 0.148 0.163 0.174 0.170 0.138 0.150 0.136 0.133 0.144 0.143 0.131 0.139 0.146 0.180 0.141 
0.121 0.162 0.135 0.141 0.139 0.157 0.172 0.100 0.166 0.152 0.115 0.184 0.154 0.191 0.114 0.136 0.147 0.183 0.130 0.145 0.155 0.133 0.118 0.158 0.156 0.152 0.113 0.157 0.167 0.137 0.157 0.158 0.121 0.117 0.145 0.171 0.137 0.147 0.120 0.155 0.154 0.172 0.142 0.180 0.144 0.136 0.150 0.149 0.138 0.127 0.168 0.183 0.155 0.149 0.156 0.168 0.155 0.171 0.157 0.167 
0.155 0.161 0.118 0.148 0.171 0.152 0.168 0.143 0.115 0.143 0.134 0.165 0.181 0.173 0.124 0.156 0.170 0.146 0.137 0.167 0.148 0.133 0.157 0.136 0.130 0.142 0.149 0.168 0.163 0.147 0.145 0.156 0.170 0.169 0.168 0.142 0.158 0.132 0.121 0.138 0.148 0.171 0.121 0.171 0.147 0.172 0.163 0.144 0.156 0.165 0.155 0.132 0.132 0.259 0.278 0.276 0.257 0.282 0.269 0.233 
0.230 0.207 0.157 0.203 0.202 0.177 0.151 0.125 0.149 0.155 0.145 0.155 0.123 0.156 0.159 0.140 0.147 0.120 0.166 0.175 0.129 0.136 0.105 0.159 0.150 0.136 0.124 0.184 0.232 0.161 0.135 0.173 0.134 0.130 0.173 0.112 0.118 0.150 0.136 0.163 0.117 0.153 0.147 0.166 0.119 0.146 0.127 0.159 0.158 0.153 0.121 0.118 0.156 0.151 0.133 0.142 0.140 0.120 0.157 0.161 
0.112 0.139 0.180 0.156 0.157 0.141 0.166 0.155 0.111 0.157 0.146 0.163 0.174 0.152 0.151 0.109 0.145 0.147 0.176 0.163 0.118 0.104 0.155 0.153 0.134 0.150 0.166 0.128 0.164 0.133 0.156 0.185 0.112 0.166 0.165 0.160 0.119 0.138 0.126 0.150 0.168 0.167 0.142 0.140 0.129 0.123 0.144 0.160 0.179 0.175 0.148 0.136 0.164 0.170 0.170 0.148 0.148 0.109 0.178 0.160 
0.157 0.134 0.149 0.149 0.142 0.165 0.137 0.160 0.147 0.134 0.120 0.169 0.218 0.175 0.141 0.181 0.152 0.134 0.172 0.154 0.152 0.162 0.149 0.150 0.130 0.141 0.125 0.161 0.170 0.167 0.125 0.142 0.136 0.156 0.180 0.107 0.121 0.139 0.135 0.115 0.169 0.169 0.177 0.160 0.124 0.134 0.149 0.162 0.137 0.183 0.168 0.196 0.178 0.124 0.130 0.162 0.149 0.142 0.150 0.193 
0.131 0.198 0.194 0.115 0.175 0.181 0.155 0.192 0.141 0.142 0.130 0.151 0.161 0.189 0.171 0.162 0.174 0.185 0.188 0.150 0.138 0.156 0.168 0.192 0.153 0.114 0.160 0.127 0.185 0.197 0.126 0.144 0.117 0.145 0.181 0.160 0.238 0.126 0.161 0.136 0.183 0.161 0.131 0.158 0.155 0.175 0.156 0.171 0.172 0.188 0.137 0.165 0.159 0.139 0.147 0.143 0.157 0.187 0.147 0.163 
0.137 0.148 0.162 0.112 0.157 0.157 0.206 0.148 0.138 0.163 0.191 0.164 0.159 0.185 0.128 0.106 0.152 0.122 0.181 0.154 0.190 0.166 0.125 0.122 0.144 0.148 0.134 0.139 0.175 0.136 0.149 0.165 0.184 0.176 0.152 0.122 0.143 0.147 0.132 0.167 0.179 0.150 0.158 0.156 0.143 0.145 0.118 0.149 0.191 0.178 0.128 0.135 0.108 0.134 0.149 0.145 0.123 0.151 0.191 0.136 
0.145 0.106 0.145 0.149 0.164 0.118 0.145 0.157 0.161 0.136 0.161 0.165 0.122 0.178 0.182 0.144 0.124 0.143 0.170 0.185 0.167 0.159 0.140 0.144 0.159 0.125 0.151 0.148 0.151 0.099 0.141 0.122 0.146 0.164 0.164 0.106 0.128 0.118 0.175 0.155 0.153 0.139 0.163 0.166 0.119 0.116 0.188 0.146 0.166 0.161 0.161 0.157 0.145 0.097 0.133 0.136 0.139 0.128 0.151 0.098 
0.121 0.125 0.179 0.134 0.149 0.134 0.124 0.138 0.125 0.163 0.118 0.158 0.170 0.168 0.139 0.127 0.098 0.139 0.159 0.159 0.111 0.133 0.136 0.186 0.137 0.126 0.135 0.102 0.107 0.128 0.123 0.153 0.152 0.125 0.128 0.289 0.126 0.138 0.116 0.098 0.126 0.124 0.139 0.167 0.130 0.094 0.145 0.138 0.155 0.144 0.143 0.134 0.103 0.142 0.128 0.133 0.091 0.106 0.123 0.131 
0.132 0.149 0.130 0.136 0.121 0.124 0.147 0.129 0.130 0.137 0.101 0.124 0.137 0.160 0.119 0.116 0.100 0.161 0.131 0.154 0.104 0.118 0.128 0.133 0.117 0.149 0.116 0.118 0.158 0.114 0.114 0.103 0.121 0.118 0.125 0.116 0.108 0.100 0.131 0.124 0.165 0.138 0.142 0.117 0.143 0.168 0.141 0.092 0.147 0.159 0.149 0.157 0.095 0.138 0.114 0.085 0.117 0.164 0.125 0.131 
0.118 0.121 0.133 0.122 0.126 0.128 0.106 0.136 0.115 0.127 0.144 0.136 0.155 0.120 0.132 0.129 0.134 0.146 0.115 0.143 0.092 0.118 0.126 0.119 0.146 0.073 0.101 0.096 0.118 0.125 0.125 0.161 0.107 0.100 0.123 0.120 0.120 0.084 0.144 0.132 0.137 0.157 0.127 0.139 0.119 0.110 0.127 0.135 0.145 0.121 0.164 0.137 0.119 0.116 0.121 0.116 0.114 0.153 0.114 0.087 
0.113 0.103 0.114 0.100 0.117 0.120 0.104 0.147 0.136 0.097 0.125 0.123 0.108 0.144 0.146 0.137 0.128 0.080 0.131 0.135 0.122 0.148 0.131 0.121 0.122 0.097 0.111 0.107 -0.007 0.116 0.108 0.110 0.086 0.078 0.138 0.112 0.122 0.144 0.115 0.138 0.116 0.089 0.118 0.131 0.114 0.112 0.112 0.132 0.115 0.109 0.120 0.122 0.092 0.090 0.124 0.105 0.113 0.110 0.097 0.097 
0.115 0.132 0.130 0.080 0.140 0.131 0.123 0.102 0.114 0.057 0.085 0.086 0.081 0.091 0.087 0.114 0.101 0.109 0.088 0.107 0.081 0.087 0.065 0.092 0.090 0.095 0.093 0.097 0.062 0.103 0.087 0.088 0.082 0.071 0.112 0.079 0.089 0.091 0.080 0.080 0.073 0.080 0.048 0.079 0.082 0.099 0.105 0.072 0.094 0.055 0.090 0.082 0.076 0.089 0.068 0.090 0.083 0.103 0.097 0.114 
0.083 0.102 0.082 0.101 0.044 0.049 0.077 0.077 0.074 0.071 0.095 0.059 0.074 0.075 0.057 0.083 0.098 0.084 0.075 0.076 0.080 0.076 0.097 0.081 0.078 0.078 0.073 0.069 0.085 0.646 0.450 0.387 0.369 0.345 0.373 0.363 0.351 0.624 0.732 0.644 0.798 0.664 0.609 0.570 0.441 0.497 0.488 0.705 0.668 0.623 0.609 0.613 0.589 0.640 0.557 0.608 0.727 0.526 0.070 0.065 
0.069 0.061 0.062 0.057 0.066 0.037 0.061 0.064 0.062 0.062 0.071 0.064 0.075 0.067 0.046 0.059 0.034 0.069 0.082 0.081 0.081 0.066 0.073 0.068 0.068 0.077 0.063 0.072 0.035 0.078 0.074 0.065 0.076 0.068 0.044 0.076 0.073 0.058 0.050 0.101 0.078 0.079 0.049 0.047 0.081 0.064 0.070 0.079 0.042 0.101 0.071 0.076 0.077 0.062 0.035 0.029 0.071 0.065 0.069 0.069 
0.162 0.195 0.194 0.207 0.197 0.161 0.160 0.197 0.548 0.414 0.316 0.181 0.071 0.177 0.183 0.197 0.214 0.141 0.156 0.174 0.133 0.107 0.113 0.109 0.102 0.081 0.039 0.063 0.066 0.063 0.064 0.139 0.539 0.486 0.203 0.037 0.066 0.045 0.044 0.063 0.069 0.068 0.077 0.068 0.069 0.075 0.072 0.094 0.069 0.062 0.084 0.080 0.074 0.058 0.036 0.076 0.072 0.080 0.056 0.057 
0.065 0.064 0.031 0.064 0.063 0.061 0.066 0.039 0.076 0.040 0.053 0.060 0.064 0.031 0.071 0.049 0.049 0.072 0.049 0.070 0.069 0.039 0.039 0.062 0.033 0.070 0.035 0.074 0.036 0.040 0.042 0.043 0.099 0.091 0.081 0.089 0.075 0.079 0.077 0.073 0.038 0.080 0.063 0.103 0.047 0.045 0.069 0.090 0.037 0.077 0.084 0.061 0.092 0.051 0.078 0.057 0.078 0.056 0.048 0.095 
0.048 0.053 0.087 0.065 0.059 0.058 0.050 0.054 0.096 0.070 0.114 0.100 0.084 0.090 0.075 0.090 0.090 0.110 0.069 0.124 0.092 0.073 0.091 0.116 0.087 0.109 0.095 0.087 0.100 0.094 0.122 0.084 0.088 0.115 0.117 0.115 0.092 0.097 0.103 0.109 0.151 0.140 0.165 0.097 0.122 0.135 0.133 0.138 0.153 0.142 0.136 0.130 0.128 0.130 0.103 0.128 0.131 0.229 0.141 0.129 
0.156 0.100 0.129 0.137 0.123 0.133 0.123 0.127 0.132 0.162 0.162 0.151 0.167 0.108 0.159 0.130 0.141 0.163 0.169 0.112 0.162 0.152 0.152 0.144 0.147 0.142 0.173 0.176 0.140 0.120 0.147 0.151 0.150 0.161 0.141 0.154 0.147 0.111 0.150 0.139 0.171 0.172 0.169 0.160 0.138 0.115 0.281 0.242 0.194 0.119 0.117 0.143 0.145 0.143 0.184 0.147 0.133 0.201 0.142 0.168 
0.142 0.131 0.180 0.141 0.152 0.131 0.171 0.159 0.160 0.131 0.173 0.132 0.149 0.160 0.151 0.147 0.207 0.159 0.186 0.143 0.159 0.144 0.104 0.162 0.157 0.178 0.180 0.200 0.124 0.107 0.152 0.157 0.170 0.144 0.145 0.163 0.137 0.145 0.181 0.121 0.182 0.144 0.166 0.150 0.168 0.144 0.151 0.205 0.143 0.175 0.148 0.160 0.169 0.143 0.142 0.172 0.156 0.162 0.119 0.152 
0.125 0.144 0.164 0.155 0.122 0.157 0.125 0.128 0.186 0.176 0.168 0.121 0.161 0.153 0.173 0.180 0.158 0.160 0.173 0.160 0.154 0.152 0.157 0.141 0.123 0.139 0.152 0.183 0.128 0.198 0.161 0.137 0.101 0.150 0.137 0.105 0.164 0.166 0.160 0.165 0.153 0.143 0.132 0.147 0.120 0.150 0.156 0.193 0.161 0.145 0.156 0.144 0.154 0.157 0.097 0.150 0.123 0.152 0.118 0.132 
