0.080 0.059 0.064 0.050 0.064 0.065 0.067 0.061 0.030 0.043 0.055 0.083 0.067 0.054 0.065 0.030 0.080 0.066 0.070 0.071 0.060 0.055 0.066 0.065 0.069 0.063 0.069 0.031 0.060 0.046 0.068 0.069 0.033 0.068 0.065 0.053 0.071 0.063 0.031 0.081 0.054 0.071 0.061 0.065 0.025 0.065 0.074 0.060 0.062 0.049 0.057 0.074 0.032 0.072 0.077 0.036 0.070 0.061 0.062 0.037 
0.067 0.079 0.026 0.066 0.053 0.066 0.066 0.026 0.056 0.067 0.031 0.066 0.058 0.062 0.062 0.070 0.042 0.057 0.070 0.058 0.067 0.075 0.041 0.065 0.071 0.076 0.052 0.037 0.069 0.080 0.039 0.063 0.067 0.068 0.069 0.057 0.040 0.065 0.049 0.086 0.063 0.066 0.032 0.057 0.063 0.035 0.061 0.027 0.053 0.064 0.053 0.038 0.067 0.077 0.081 0.036 0.087 0.057 0.071 0.067 
0.067 0.070 0.037 0.066 0.030 0.072 0.068 0.034 0.063 0.083 0.063 0.076 0.065 0.032 0.056 0.071 0.060 0.068 0.059 0.057 0.033 0.091 0.083 0.038 0.045 0.071 0.069 0.037 0.065 0.071 0.074 0.075 0.061 0.027 0.068 0.058 0.066 0.061 0.053 0.037 0.052 0.065 0.034 0.052 0.059 0.057 0.031 0.060 0.062 0.064 0.063 0.077 0.032 0.072 0.059 0.069 0.069 0.058 0.040 0.059 
0.075 0.073 0.039 0.053 0.024 0.062 0.067 0.062 0.054 0.037 0.066 0.067 0.069 0.051 0.031 0.063 0.071 0.062 0.032 0.039 0.030 0.072 0.076 0.071 0.082 0.043 0.073 0.085 0.079 0.038 0.086 0.083 0.036 0.064 0.061 0.063 0.301 0.116 0.114 0.104 0.083 0.118 0.133 0.142 0.144 0.110 0.128 0.128 0.119 0.112 0.129 0.095 0.136 0.138 0.137 0.136 0.125 0.131 0.090 0.115 
0.133 0.151 0.137 0.114 0.081 0.118 0.116 0.124 0.116 0.121 0.097 0.098 0.127 0.123 0.094 0.126 0.119 0.104 0.128 0.105 0.125 0.141 0.126 0.129 0.155 0.092 0.082 0.137 0.135 0.137 0.150 0.128 0.126 0.102 0.123 0.075 0.133 0.096 0.105 0.158 0.097 0.112 0.079 0.112 0.110 0.126 0.094 0.134 0.120 0.130 0.128 0.118 0.131 0.133 0.113 0.130 0.114 0.135 0.106 0.143 
0.149 0.116 0.085 0.101 0.121 0.127 0.096 0.116 0.109 0.118 0.100 0.108 0.087 0.110 0.110 0.138 0.120 0.119 0.118 0.131 0.133 0.118 0.126 0.131 0.120 0.148 0.126 0.137 0.129 0.098 0.150 0.139 0.103 0.087 0.136 0.113 0.136 0.084 0.118 0.132 0.113 0.122 0.115 0.115 0.088 0.118 0.126 0.114 0.116 0.099 0.120 0.135 0.114 0.126 0.136 0.132 0.096 0.115 0.126 0.113 
0.134 0.093 0.128 0.120 0.146 0.122 0.136 0.120 0.120 0.108 0.108 0.082 0.101 0.119 0.117 0.133 0.121 0.101 0.122 0.113 0.115 0.123 0.129 0.120 0.153 0.166 0.153 0.138 0.108 0.114 0.137 0.138 0.149 0.119 0.099 0.108 0.137 0.102 0.116 0.134 0.107 0.107 0.102 0.129 0.076 0.126 0.115 0.134 0.089 0.116 0.125 0.131 0.099 0.145 0.139 0.146 0.132 0.133 0.107 0.152 
0.154 0.149 0.148 0.078 0.113 0.127 0.117 0.102 0.125 0.111 0.153 0.189 0.133 0.131 0.136 0.105 0.129 0.140 0.086 0.150 0.144 0.134 0.161 0.122 0.100 0.121 0.126 0.130 0.128 0.132 0.116 0.159 0.137 0.128 0.099 0.112 0.129 0.122 0.111 0.139 0.103 0.109 0.120 0.122 0.124 0.112 0.090 0.114 0.130 0.115 0.121 0.119 0.099 0.146 0.132 0.142 0.120 0.127 0.151 0.107 
0.136 0.125 0.136 0.109 0.117 0.118 0.117 0.108 0.103 0.096 0.102 0.102 0.126 0.118 0.123 0.114 0.113 0.130 0.076 0.097 0.128 0.144 0.104 0.130 0.088 0.127 0.106 0.138 0.134 0.130 0.171 0.119 0.149 0.087 0.126 0.128 0.121 0.126 0.106 0.124 0.105 0.071 0.122 0.084 0.118 0.101 0.113 0.137 0.108 0.115 0.110 0.134 0.144 0.111 0.138 0.140 0.142 0.128 0.137 0.129 
0.120 0.115 0.086 0.123 0.132 0.101 0.121 0.120 0.108 0.142 0.108 0.110 0.090 0.124 0.111 0.082 0.130 0.313 0.101 0.124 0.128 0.126 0.114 0.154 0.129 0.111 0.130 0.119 0.147 0.136 0.128 0.132 0.133 0.123 0.107 0.105 0.081 0.104 0.107 0.122 0.076 0.076 0.118 0.114 0.111 0.108 0.107 0.127 0.113 0.101 0.123 0.115 0.136 0.131 0.113 0.098 0.083 0.136 0.112 0.127 
0.099 0.123 0.133 0.114 0.125 0.095 0.119 0.123 0.109 0.134 0.112 0.102 0.131 0.111 0.098 0.089 0.114 0.140 0.129 0.087 0.080 0.126 0.140 0.120 0.114 0.103 0.140 0.147 0.129 0.121 0.114 0.128 0.121 0.109 0.073 0.119 0.123 0.078 0.126 0.094 0.115 0.114 0.085 0.107 0.095 0.109 0.107 0.110 0.121 0.134 0.078 0.122 0.119 0.092 0.110 0.111 0.117 0.140 0.123 0.137 
0.097 0.131 0.136 0.098 0.132 0.105 0.089 0.078 0.110 0.133 0.106 0.109 0.123 0.117 0.076 0.103 0.132 0.130 0.144 0.095 0.115 0.127 0.131 0.101 0.118 0.114 0.117 0.118 0.117 0.078 0.121 0.099 0.134 0.123 0.114 0.105 0.104 0.079 0.096 0.112 0.100 0.086 0.114 0.110 0.102 0.103 0.106 0.088 0.123 0.088 0.105 0.098 0.122 0.128 0.120 0.087 0.119 0.126 0.110 0.118 
0.133 0.112 0.125 0.106 0.099 0.096 0.120 0.112 0.088 0.077 -0.020 0.111 0.106 0.098 0.107 0.100 0.134 0.072 0.093 0.096 0.103 0.124 0.106 0.121 0.080 0.096 0.095 0.088 0.088 0.093 0.072 0.117 0.109 0.073 0.065 0.104 0.103 0.083 0.086 0.091 0.087 0.060 0.085 0.058 0.087 0.093 0.094 0.091 0.055 0.081 0.081 0.094 0.073 0.083 0.080 0.075 0.085 0.082 0.078 0.070 
0.068 0.039 0.072 0.071 0.064 0.075 0.062 0.065 0.075 0.043 0.091 0.078 0.071 0.082 0.068 0.075 0.068 0.066 0.072 0.076 0.049 0.063 0.055 0.052 0.016 0.048 0.046 0.048 0.045 0.048 0.042 0.043 0.025 0.010 0.051 0.041 0.053 0.050 0.044 0.056 0.044 0.053 0.052 0.025 0.048 0.040 0.056 0.045 0.040 0.048 0.045 0.055 0.046 0.012 0.044 0.045 0.051 0.056 0.044 0.052 
0.059 0.014 0.055 0.051 0.065 0.050 0.049 0.045 0.044 0.045 0.044 0.656 0.411 0.390 0.373 0.355 0.370 0.536 0.631 0.599 0.614 0.647 0.622 0.570 0.620 0.665 0.722 0.709 0.571 0.570 0.503 0.420 0.603 0.615 0.613 0.044 0.052 0.059 0.014 0.055 0.051 0.065 0.050 0.049 0.045 0.044 0.045 0.044 0.655 0.410 0.389 0.373 0.355 0.369 0.536 0.631 0.599 0.614 0.647 0.622 
0.570 0.620 0.665 0.721 0.709 0.571 0.570 0.503 0.420 0.602 0.615 0.613 0.617 0.613 0.597 0.597 0.611 0.735 0.753 0.063 0.046 0.046 0.007 0.014 0.045 0.045 0.048 0.038 0.044 0.044 0.045 0.043 0.020 0.031 0.048 0.015 0.043 0.045 0.045 0.045 0.045 0.007 0.046 0.046 0.054 0.041 0.039 0.011 0.016 0.050 0.046 0.012 0.044 0.044 0.042 0.042 0.005 0.043 0.044 0.042 
0.047 0.042 0.042 0.011 0.011 0.012 0.004 0.047 0.049 0.035 0.094 0.626 0.449 0.212 0.126 0.048 0.039 0.047 0.039 0.060 0.066 0.038 0.047 0.039 0.051 0.051 0.050 0.040 0.049 0.046 0.054 0.025 0.021 0.047 0.055 0.046 0.044 0.043 0.044 0.044 0.041 0.037 0.044 0.012 0.042 0.048 0.036 0.049 0.062 0.060 0.023 0.032 0.060 0.068 0.069 0.030 0.067 0.060 0.070 0.037 
0.066 0.081 0.021 0.069 0.056 0.040 0.068 0.031 0.043 0.031 0.069 0.035 0.054 0.024 0.049 0.063 0.067 0.047 0.038 0.031 0.079 0.064 0.052 0.062 0.033 0.040 0.034 0.066 0.069 0.079 0.070 0.070 0.062 0.026 0.023 0.044 0.060 0.037 0.065 0.055 0.065 0.043 0.037 0.029 0.020 0.027 0.031 0.029 0.044 0.054 0.061 0.073 0.027 0.063 0.071 0.025 0.062 0.061 0.034 0.071 
0.036 0.034 0.028 0.060 0.028 0.067 0.073 0.073 0.052 0.061 0.063 0.027 0.029 0.046 0.058 0.059 0.024 0.059 0.018 0.059 0.052 0.047 0.056 0.058 0.028 0.018 0.061 0.057 0.063 0.042 0.041 0.072 0.054 0.060 0.059 0.054 0.069 0.035 0.032 0.058 0.044 0.058 0.063 0.049 0.049 0.049 0.051 0.023 0.024 0.051 0.041 0.028 0.054 0.053 0.049 0.061 0.024 0.050 0.072 0.028 
0.050 0.024 0.066 0.022 0.031 0.048 0.020 0.025 0.020 0.058 0.050 0.053 0.027 0.038 0.071 0.056 0.058 0.024 0.060 0.051 0.050 0.011 0.026 0.019 0.043 0.058 0.084 0.042 0.046 0.058 0.035 0.075 0.036 0.059 0.023 0.064 0.026 0.062 0.027 0.024 0.026 0.065 0.059 0.041 0.023 0.028 0.051 0.077 0.047 0.028 0.068 0.073 0.021 0.039 0.029 0.076 0.057 0.031 0.040 0.040 
0.037 0.036 0.042 0.075 0.078 0.079 0.040 0.078 0.042 0.072 0.030 0.069 0.038 0.061 0.077 0.051 0.056 0.098 0.082 0.087 0.069 0.063 0.052 0.081 0.052 0.070 0.092 0.113 0.097 0.120 0.098 0.095 0.117 0.107 0.121 0.126 0.110 0.102 0.078 0.104 0.126 0.118 0.114 0.153 0.152 0.098 0.117 0.102 0.141 0.115 0.094 0.125 0.108 0.119 0.100 0.112 0.123 0.099 0.142 0.093 
0.150 0.132 0.137 0.084 0.116 0.118 0.127 0.118 0.125 0.120 0.119 0.106 0.124 0.155 0.110 0.129 0.127 0.123 0.128 0.117 0.130 0.127 0.116 0.120 0.101 0.150 0.141 0.122 0.153 0.134 0.119 0.118 0.131 0.134 0.161 0.113 0.162 0.085 0.129 0.148 0.144 0.160 0.123 0.177 0.137 0.133 0.149 0.122 0.134 0.148 0.166 0.147 0.116 0.112 0.111 0.138 0.127 0.174 0.135 0.134 
0.147 0.143 0.139 0.142 0.121 0.158 0.155 0.119 0.127 0.120 0.144 0.125 0.142 0.164 0.140 0.162 0.102 0.148 0.131 0.175 0.126 0.164 0.135 0.121 0.135 0.143 0.142 0.095 0.196 0.122 0.098 0.132 0.149 0.154 0.134 0.160 0.142 0.146 0.133 0.138 0.157 0.184 0.128 0.185 0.147 0.141 0.165 0.139 0.201 0.115 0.156 0.156 0.133 0.138 0.144 0.132 0.100 0.161 0.156 0.123 
0.140 0.110 0.134 0.155 0.113 0.165 0.164 0.086 0.098 0.172 0.149 0.169 0.138 0.166 0.130 0.139 0.134 0.159 0.136 0.133 0.141 0.103 0.145 0.123 0.140 0.130 0.142 0.128 0.188 0.121 0.162 0.146 0.134 0.138 0.174 0.111 0.119 0.123 0.132 0.139 0.178 0.108 0.123 0.138 0.143 0.147 0.152 0.135 0.160 0.136 0.165 0.156 0.130 0.129 0.162 0.138 0.098 0.168 0.158 0.122 
