0.070 0.065 0.048 0.093 0.060 0.055 0.062 0.057 0.060 0.083 0.035 0.005 0.010 0.066 0.056 0.045 0.045 0.045 0.040 0.051 0.024 0.055 0.048 0.036 0.030 0.025 0.064 0.050 0.039 0.062 0.056 0.032 0.046 0.031 0.137 0.179 0.201 0.167 0.165 0.184 0.133 0.127 0.128 0.127 0.134 0.050 0.069 0.111 0.070 0.058 0.081 0.053 0.150 0.144 0.187 0.190 0.202 0.155 0.145 0.143 
0.146 0.103 0.130 0.084 0.076 0.041 0.065 0.058 0.038 0.041 0.039 0.055 0.028 0.030 0.046 0.029 0.025 0.060 0.051 0.009 0.049 0.035 0.051 0.064 0.048 0.006 0.006 -0.017 -0.009 -0.005 -0.047 0.003 -0.004 -0.009 -0.006 -0.014 0.004 -0.026 -0.044 -0.024 -0.021 -0.010 -0.048 -0.046 -0.031 -0.015 -0.019 -0.059 0.002 -0.009 -0.018 -0.013 -0.017 -0.009 -0.028 -0.019 -0.049 -0.015 -0.011 -0.023 
-0.012 -0.048 -0.021 -0.042 -0.020 -0.014 -0.023 -0.050 -0.012 -0.025 -0.026 -0.024 -0.023 -0.025 -0.049 -0.095 -0.005 -0.019 -0.031 -0.025 -0.031 0.012 -0.053 -0.026 -0.031 -0.026 -0.019 -0.019 -0.012 -0.052 -0.015 -0.024 -0.025 -0.055 -0.027 -0.020 -0.032 -0.023 -0.019 -0.030 -0.015 -0.021 -0.050 -0.040 -0.022 -0.010 -0.016 -0.027 -0.055 -0.031 -0.018 -0.023 -0.034 -0.027 -0.031 -0.031 -0.051 -0.058 -0.025 -0.033 
-0.021 -0.027 -0.063 -0.029 -0.058 -0.029 -0.026 -0.032 -0.026 -0.029 -0.019 -0.030 -0.035 -0.022 -0.067 -0.028 -0.025 -0.040 -0.031 -0.035 -0.031 -0.063 -0.069 -0.029 -0.035 -0.028 -0.024 -0.035 -0.029 -0.026 -0.018 -0.029 -0.029 -0.025 -0.031 -0.024 -0.033 -0.029 -0.018 -0.038 -0.029 -0.070 -0.030 -0.031 -0.060 -0.030 -0.028 -0.032 -0.030 -0.035 -0.029 -0.042 -0.025 -0.031 -0.039 -0.035 -0.042 -0.032 -0.031 -0.030 
-0.031 -0.033 -0.038 -0.034 -0.040 -0.063 -0.041 -0.065 -0.034 -0.041 -0.029 -0.035 -0.039 -0.035 -0.040 -0.035 0.506 0.243 0.258 0.263 0.261 0.243 0.246 0.237 0.316 0.611 0.517 0.530 0.499 0.437 0.441 0.455 0.473 0.478 0.601 0.584 0.473 0.332 0.289 0.233 0.240 0.219 0.246 0.206 0.289 0.588 0.476 0.502 0.509 0.479 0.493 0.454 0.505 0.461 0.659 0.606 -0.044 -0.041 -0.043 -0.039 
-0.038 -0.041 -0.037 -0.077 -0.039 -0.038 -0.040 -0.044 -0.064 -0.037 -0.043 -0.034 -0.036 -0.045 -0.036 -0.036 -0.041 -0.029 -0.044 -0.037 -0.042 -0.039 -0.038 -0.039 -0.036 -0.074 -0.035 -0.039 -0.072 -0.066 -0.075 -0.071 -0.070 -0.045 -0.039 -0.045 -0.024 -0.036 -0.045 -0.038 -0.044 -0.041 -0.047 -0.041 -0.039 -0.042 -0.038 -0.058 -0.061 -0.040 0.250 0.440 0.299 0.071 -0.037 -0.041 -0.073 -0.047 -0.038 -0.038 
-0.044 -0.068 -0.071 -0.040 -0.039 -0.042 -0.036 -0.072 -0.053 -0.041 -0.045 -0.040 -0.046 -0.070 -0.046 -0.075 -0.073 -0.075 -0.047 -0.080 -0.048 -0.080 -0.079 -0.081 -0.047 -0.048 -0.051 -0.050 -0.046 -0.048 -0.077 -0.036 -0.044 -0.046 -0.070 -0.046 -0.082 -0.049 -0.080 -0.081 -0.081 -0.081 -0.047 -0.043 -0.081 -0.048 -0.050 -0.082 -0.050 -0.081 -0.081 -0.076 -0.081 -0.075 -0.049 -0.047 -0.046 -0.049 -0.042 -0.041 
-0.068 -0.070 -0.038 -0.036 -0.069 -0.044 -0.072 -0.043 -0.081 -0.042 -0.079 -0.076 -0.049 -0.066 -0.044 -0.065 -0.045 -0.073 -0.081 -0.040 -0.079 -0.041 -0.046 -0.071 -0.077 -0.077 -0.043 -0.080 -0.062 -0.080 -0.036 -0.046 -0.070 -0.041 -0.072 -0.066 -0.068 -0.077 -0.069 -0.048 -0.036 -0.077 -0.044 -0.055 -0.041 -0.077 -0.073 -0.073 -0.072 -0.046 -0.048 -0.039 -0.077 -0.072 -0.078 -0.073 -0.074 -0.037 -0.026 -0.037 
-0.074 -0.030 -0.062 -0.026 -0.035 -0.026 -0.037 -0.069 -0.063 -0.043 -0.037 -0.030 -0.034 -0.019 -0.029 -0.024 -0.027 -0.053 -0.039 -0.033 -0.033 -0.041 -0.018 -0.027 -0.028 -0.064 -0.025 -0.020 0.004 -0.045 -0.050 -0.007 0.002 -0.061 -0.017 -0.026 -0.028 -0.032 -0.036 -0.044 -0.029 -0.057 -0.043 -0.005 -0.027 -0.018 -0.026 -0.032 -0.024 -0.073 -0.060 -0.041 -0.027 -0.043 -0.037 -0.021 -0.038 -0.032 -0.025 -0.027 
-0.024 -0.036 -0.032 -0.040 -0.005 -0.069 -0.027 -0.031 -0.031 -0.025 -0.062 -0.033 -0.034 -0.051 -0.012 -0.015 -0.008 -0.021 -0.048 -0.023 -0.026 -0.022 -0.023 -0.009 -0.051 -0.017 -0.015 -0.015 -0.027 -0.045 -0.020 -0.009 -0.025 -0.014 -0.015 -0.048 -0.011 -0.024 -0.014 -0.022 -0.035 -0.028 -0.062 -0.002 -0.026 -0.011 -0.049 -0.021 -0.061 -0.022 -0.019 -0.021 -0.011 -0.040 -0.061 -0.022 -0.038 -0.025 -0.010 -0.033 
-0.037 -0.032 -0.066 -0.022 -0.029 -0.024 -0.035 -0.011 -0.043 -0.061 -0.043 -0.064 -0.035 -0.017 -0.011 -0.029 -0.051 -0.018 -0.033 -0.015 -0.057 -0.024 -0.003 -0.021 -0.056 -0.023 -0.022 -0.065 -0.041 -0.015 -0.058 -0.027 -0.026 -0.028 -0.026 -0.022 -0.053 -0.022 -0.018 -0.038 -0.048 -0.060 -0.026 -0.023 -0.064 -0.060 -0.035 -0.023 -0.030 -0.038 -0.025 -0.066 -0.025 -0.033 -0.059 -0.029 -0.038 -0.057 -0.026 -0.022 
-0.029 -0.021 -0.025 -0.059 -0.040 -0.024 -0.043 -0.051 -0.028 -0.012 -0.049 -0.036 -0.025 -0.030 -0.021 -0.058 -0.016 -0.018 -0.053 -0.070 -0.013 -0.025 -0.039 -0.039 -0.054 -0.027 -0.016 -0.061 -0.015 -0.060 -0.030 -0.022 -0.031 -0.046 -0.025 -0.027 -0.022 -0.061 -0.061 -0.027 -0.024 -0.039 -0.064 0.167 0.068 0.015 0.034 0.051 0.007 0.060 0.058 0.049 -0.009 0.052 0.021 0.029 0.020 0.031 0.082 0.045 
0.037 0.002 0.035 0.021 0.083 0.068 0.036 0.058 0.052 0.007 0.039 0.043 0.015 0.049 0.015 0.040 0.034 0.070 0.032 0.033 0.022 0.063 0.021 0.018 0.074 0.013 0.041 0.040 0.048 0.051 0.019 0.012 0.015 0.047 0.033 0.020 0.069 0.022 0.021 -0.027 0.035 0.060 0.039 0.072 0.044 0.023 0.031 0.046 0.041 0.049 0.033 0.007 0.013 0.062 0.034 0.056 0.033 0.017 0.060 0.005 
0.023 0.003 0.027 0.037 0.055 0.042 0.036 0.037 0.018 0.058 0.043 0.028 -0.010 0.059 0.050 0.028 0.050 0.026 0.026 0.010 0.035 0.016 0.061 0.028 0.002 -0.012 0.013 0.046 0.062 0.056 0.023 0.032 -0.018 0.037 0.052 0.045 0.012 0.001 0.044 0.020 0.003 0.017 0.024 0.018 0.030 0.044 0.045 0.014 0.010 0.045 0.062 0.029 0.039 -0.009 0.056 0.039 0.037 0.023 0.059 0.035 
0.019 0.006 0.050 0.062 0.078 0.055 0.021 0.018 0.036 0.061 0.039 0.028 -0.021 0.026 0.024 0.057 0.039 0.042 0.001 0.048 0.046 -0.014 0.044 0.028 -0.003 0.038 0.020 0.041 0.042 0.037 0.058 0.042 0.040 0.036 0.011 0.008 0.010 0.016 0.030 0.033 0.059 0.054 0.015 -0.001 0.014 0.020 0.025 0.004 0.019 0.022 0.039 0.023 0.024 -0.004 -0.011 0.057 0.013 0.012 0.054 0.046 
-0.019 0.007 0.026 -0.006 0.066 0.049 0.019 -0.010 0.029 0.026 0.030 -0.001 0.019 0.035 0.014 -0.014 0.033 0.018 -0.013 0.020 0.005 0.034 0.048 0.031 0.033 0.022 0.010 -0.018 0.028 0.014 -0.009 0.010 0.023 0.019 0.031 0.039 0.042 0.044 0.026 0.041 0.046 -0.008 0.021 0.051 -0.004 0.013 -0.006 0.011 0.030 0.034 -0.010 0.018 0.041 0.017 0.015 0.006 0.029 0.022 0.069 0.057 
0.041 0.023 0.012 0.045 0.046 0.022 0.020 -0.004 -0.005 -0.008 0.051 0.023 0.015 0.046 0.040 0.015 0.020 0.023 0.009 0.056 0.065 0.054 0.071 0.126 0.031 0.047 0.003 0.044 0.075 0.001 0.008 -0.005 0.037 0.039 -0.007 0.021 -0.034 0.004 0.020 0.031 0.014 0.015 0.024 0.058 0.016 0.028 -0.013 0.017 0.010 0.037 0.036 -0.001 0.014 0.001 0.010 0.021 -0.009 -0.016 0.048 0.045 
0.021 0.034 0.018 0.002 0.015 0.033 0.005 0.003 -0.010 0.021 0.040 0.020 0.022 0.018 0.016 0.015 0.003 0.037 0.051 0.049 -0.011 0.021 0.021 -0.002 0.029 0.010 0.026 0.045 0.040 0.058 0.025 0.002 0.014 0.034 0.006 0.042 0.028 -0.010 0.028 0.031 0.045 0.016 0.004 0.068 0.014 0.031 0.030 0.017 0.008 0.041 0.048 -0.007 -0.002 0.014 -0.003 0.046 0.014 0.017 0.028 0.048 
0.035 0.065 0.040 0.010 0.012 0.058 0.030 0.011 0.022 0.018 0.035 0.012 -0.013 0.014 0.051 0.027 0.041 0.033 0.023 0.008 0.028 0.014 0.034 0.030 0.012 0.033 -0.001 0.031 0.082 0.054 0.027 0.019 0.022 0.029 0.056 0.057 0.052 -0.007 0.006 0.021 0.024 0.004 0.019 0.008 0.023 0.036 -0.009 0.004 0.029 0.034 0.033 0.021 0.027 0.004 0.005 -0.001 0.014 0.020 0.030 0.046 
0.007 0.012 0.006 0.016 0.011 0.055 0.053 0.006 -0.003 0.022 0.037 0.031 -0.015 0.032 0.022 0.012 -0.020 0.007 0.045 0.025 0.038 0.008 0.032 -0.012 -0.013 0.004 0.018 0.018 0.027 0.052 0.014 -0.016 0.040 0.010 0.026 0.016 -0.016 0.011 0.034 0.029 0.036 -0.014 -0.010 0.003 0.009 0.032 0.046 0.020 0.047 -0.006 0.026 0.036 0.009 0.011 0.011 0.040 0.026 0.033 0.070 0.011 
0.031 0.079 0.023 -0.026 0.072 0.013 0.031 0.019 -0.002 0.036 0.039 -0.008 0.029 0.036 0.053 0.030 0.020 -0.016 -0.002 0.032 0.038 0.043 0.016 0.019 -0.010 0.034 0.000 0.019 0.042 -0.001 0.009 0.025 0.014 -0.000 0.049 -0.014 0.019 0.031 0.002 0.008 0.013 0.016 0.014 -0.017 0.003 0.027 -0.000 0.003 0.023 0.024 0.043 -0.014 0.051 0.000 0.033 0.010 0.007 -0.010 0.027 0.061 
0.006 -0.036 0.010 0.006 0.038 -0.002 0.022 0.035 -0.019 0.009 0.003 -0.005 -0.006 0.015 0.019 0.036 0.033 0.026 0.013 0.016 0.013 0.046 0.000 0.001 0.024 0.026 0.014 0.008 0.025 0.042 0.136 0.131 0.109 0.098 0.043 0.043 0.012 -0.024 -0.008 0.011 0.005 0.003 0.016 0.001 -0.011 -0.032 -0.001 0.018 -0.007 0.053 0.023 -0.018 0.035 -0.005 0.006 -0.002 0.014 0.009 0.020 0.036 
-0.001 -0.000 -0.033 -0.023 0.035 0.044 0.033 0.034 0.021 0.009 -0.002 -0.008 0.004 0.022 0.012 0.007 0.013 -0.002 -0.024 0.001 0.023 0.010 -0.019 -0.011 0.021 -0.004 -0.010 0.010 0.002 0.073 0.123 0.132 0.163 0.159 0.150 0.111 0.123 0.063 0.071 0.043 0.037 0.022 0.055 0.050 0.065 0.102 0.147 0.115 0.153 0.122 0.086 0.076 0.083 0.034 -0.003 0.024 0.010 0.067 0.043 0.004 
-0.000 -0.018 0.013 0.068 0.107 -0.010 -0.014 0.000 -0.019 -0.022 -0.033 -0.038 -0.000 -0.009 -0.009 -0.013 0.001 0.014 -0.038 -0.005 -0.039 0.156 0.013 -0.014 -0.018 0.003 -0.020 -0.001 -0.014 0.008 0.017 -0.004 0.004 0.032 0.029 0.004 -0.008 0.016 -0.019 -0.006 0.002 -0.011 0.008 0.022 -0.008 -0.029 -0.046 -0.036 0.020 -0.043 -0.001 -0.019 0.002 -0.004 -0.028 -0.029 -0.010 0.007 0.017 0.031 
