0.106 0.084 0.095 0.109 0.100 0.082 0.089 0.087 0.098 0.078 0.115 0.102 0.089 0.127 0.119 0.096 0.085 0.103 0.119 0.064 0.104 0.120 0.059 0.092 0.083 0.103 0.091 0.090 0.095 0.172 0.088 0.106 0.089 0.095 0.080 0.096 0.105 0.095 0.094 0.080 0.104 0.060 0.118 0.102 0.098 0.079 0.091 0.063 0.111 0.067 0.088 0.090 0.123 0.074 0.102 0.096 0.060 0.105 0.112 0.089 
0.106 0.073 0.106 0.107 0.090 0.098 0.080 0.084 0.111 0.088 0.095 0.081 0.127 0.146 0.075 0.064 0.054 0.082 0.087 0.095 0.079 0.110 0.078 0.091 0.112 0.094 0.092 0.104 0.120 0.116 0.136 0.108 0.065 0.110 0.103 0.084 0.068 0.089 0.082 0.097 0.092 0.115 0.073 0.084 0.058 0.106 0.084 0.100 0.077 0.098 0.098 0.086 0.046 0.084 0.119 0.082 0.096 0.072 0.076 0.099 
0.083 0.068 0.070 0.078 0.107 0.084 0.102 0.070 0.089 0.081 0.111 0.093 0.111 0.118 0.088 0.069 0.085 0.052 0.058 0.110 0.068 0.092 0.077 0.070 0.085 0.114 0.046 0.109 0.076 0.089 0.074 0.129 0.078 0.103 0.076 0.060 0.063 0.089 0.077 0.076 0.089 0.112 0.085 0.099 0.085 0.053 0.076 0.084 0.089 0.071 0.067 0.051 0.109 0.061 0.069 0.084 0.073 0.070 0.025 0.067 
0.083 0.029 0.073 0.082 0.086 0.080 0.057 0.079 0.066 0.040 0.049 0.073 0.089 0.061 0.087 0.045 0.049 0.073 0.091 0.088 0.066 0.093 0.068 0.083 0.073 0.070 0.076 0.056 0.046 0.201 0.077 0.055 0.089 0.076 0.093 0.097 0.060 0.081 0.065 0.092 0.083 0.068 0.092 0.094 0.091 0.055 0.054 0.034 0.084 0.064 0.062 0.045 0.050 0.054 0.056 0.073 0.059 0.060 0.059 0.054 
0.064 0.061 0.064 0.075 0.076 0.095 0.079 0.061 0.055 0.055 0.071 0.064 0.108 0.111 0.078 0.056 0.094 0.069 0.063 0.063 0.011 0.075 0.072 0.053 0.057 0.065 0.058 0.061 0.034 0.056 0.070 0.031 0.078 0.071 0.109 0.085 0.070 0.079 0.092 0.034 0.092 0.092 0.079 0.085 0.013 0.052 0.060 0.040 0.057 0.069 0.062 0.056 0.030 0.054 0.056 0.065 0.052 0.070 0.081 0.028 
0.082 0.049 0.072 0.076 0.085 0.100 0.042 0.050 0.096 0.073 0.078 0.070 0.078 0.082 0.030 0.048 0.065 0.070 0.095 0.062 0.060 0.062 0.070 0.056 0.053 0.047 0.048 0.066 0.055 0.079 0.041 0.055 0.064 0.072 0.069 0.071 0.074 0.040 0.086 0.104 0.066 0.081 0.070 0.056 0.061 0.067 0.068 0.071 0.087 0.080 0.050 0.024 0.045 0.051 0.059 0.081 0.098 0.027 0.056 0.053 
0.056 0.035 0.049 0.053 0.048 0.045 0.060 0.031 0.067 0.070 0.074 0.044 0.078 0.059 0.046 0.064 0.043 0.054 0.037 0.038 0.029 0.050 -0.074 0.070 0.050 0.033 0.037 0.035 0.271 0.256 0.036 0.041 0.075 0.062 0.076 0.057 0.069 0.049 0.052 0.060 0.049 0.063 0.058 0.015 0.010 0.035 0.020 0.033 0.041 0.045 0.066 0.048 0.039 0.040 0.033 0.095 0.040 0.037 0.021 0.019 
0.016 0.020 0.023 0.023 0.033 0.017 0.009 0.003 0.011 0.012 0.011 0.008 0.012 0.011 0.017 0.024 0.017 0.020 0.014 0.023 0.028 -0.011 0.022 0.028 0.022 0.032 0.012 0.002 0.018 0.025 0.005 -0.004 0.008 0.001 -0.016 0.022 0.012 0.024 0.025 0.006 0.007 0.019 0.001 0.007 0.006 0.003 0.019 0.015 -0.007 -0.009 0.015 0.027 -0.015 -0.003 0.019 0.020 0.008 0.023 0.022 0.024 
0.017 -0.015 0.008 0.012 0.017 0.005 0.009 0.010 0.007 -0.008 -0.017 0.005 -0.000 0.019 0.008 0.001 0.004 0.003 0.019 0.004 0.007 0.004 -0.005 0.587 0.334 0.292 0.296 0.288 0.302 0.305 0.315 0.595 0.570 0.580 0.570 0.537 0.519 0.507 0.548 0.603 0.694 0.677 0.512 0.479 0.393 0.343 0.349 0.336 0.624 0.599 0.604 0.531 0.578 0.558 0.565 0.562 0.574 0.660 0.480 -0.008 
-0.001 -0.042 -0.000 -0.002 -0.003 0.002 -0.011 -0.003 -0.002 -0.024 -0.012 -0.006 0.017 0.033 0.018 0.007 -0.002 0.004 -0.001 -0.014 -0.001 -0.010 -0.006 -0.004 -0.002 -0.005 -0.011 -0.034 -0.004 0.002 -0.004 -0.007 -0.026 0.004 -0.012 -0.034 -0.030 -0.031 -0.039 -0.000 -0.009 -0.002 -0.003 0.013 -0.002 -0.037 0.308 0.449 0.302 0.039 -0.013 -0.015 -0.041 -0.033 0.029 0.004 -0.024 -0.004 -0.004 -0.039 
-0.043 -0.040 -0.042 -0.002 -0.014 -0.039 -0.010 -0.010 -0.000 0.004 -0.002 0.004 -0.005 0.002 -0.000 -0.002 -0.001 -0.009 -0.003 -0.004 0.005 -0.019 -0.008 0.003 -0.004 -0.010 -0.009 -0.002 -0.004 -0.003 -0.006 -0.009 -0.014 -0.019 -0.013 -0.013 -0.016 -0.009 -0.012 -0.010 -0.010 -0.009 -0.010 -0.003 -0.021 -0.034 -0.012 -0.005 0.003 0.003 -0.001 -0.009 -0.000 0.023 0.010 0.017 0.006 -0.003 0.001 -0.012 
-0.014 -0.018 -0.005 -0.004 -0.009 -0.001 -0.004 0.006 -0.039 -0.030 0.001 -0.024 0.009 -0.032 -0.006 -0.041 -0.038 -0.017 0.000 -0.006 -0.002 -0.002 -0.040 -0.001 -0.020 -0.009 -0.037 -0.030 -0.005 -0.001 -0.043 -0.002 -0.038 0.008 -0.025 -0.021 0.008 -0.041 0.009 -0.041 -0.035 -0.043 0.002 -0.011 0.002 -0.028 -0.025 -0.015 0.011 -0.007 -0.021 0.007 -0.015 -0.020 -0.018 -0.015 -0.010 -0.015 -0.015 0.015 
0.007 -0.025 -0.019 -0.017 0.006 0.027 0.001 0.011 0.019 0.015 -0.018 0.007 0.005 0.008 0.030 0.017 0.035 -0.003 0.029 -0.000 0.048 0.016 0.015 0.013 0.033 -0.004 -0.009 -0.007 0.045 0.034 0.216 0.046 0.024 0.037 0.062 0.056 0.048 0.034 0.044 -0.002 0.042 0.053 0.044 0.056 0.042 0.047 0.052 0.039 0.046 0.055 0.053 0.054 0.042 0.050 0.078 0.061 0.046 0.061 0.056 0.040 
0.054 0.058 0.080 0.081 0.069 0.068 0.064 0.083 0.088 0.061 0.077 0.047 0.128 0.079 0.084 0.039 0.066 0.052 0.060 0.079 0.059 0.105 0.069 0.078 0.101 0.084 0.087 0.077 0.099 0.060 0.077 0.076 0.071 0.092 0.093 0.087 0.054 0.112 0.079 0.099 0.078 0.109 0.089 0.082 0.087 0.091 0.111 0.048 0.050 0.074 0.111 0.140 0.077 0.086 0.087 0.074 0.046 0.099 0.099 0.095 
0.059 0.085 0.074 0.061 0.089 0.071 0.057 0.085 0.077 0.084 0.083 0.065 0.070 0.050 0.072 0.080 0.088 0.074 0.088 0.032 0.099 0.109 0.078 0.062 0.066 0.079 0.086 0.074 0.111 0.065 0.047 0.083 0.100 0.083 0.065 0.066 0.109 0.076 0.068 0.085 0.081 0.087 0.064 0.089 0.101 0.066 0.052 0.091 0.108 0.088 0.076 0.052 0.070 0.081 0.098 0.081 0.086 0.113 0.068 0.092 
0.051 0.070 0.089 0.115 0.081 0.053 0.085 0.101 0.082 0.056 0.077 0.088 0.104 0.077 0.080 0.046 0.046 0.068 0.066 0.077 0.088 0.055 0.084 0.075 0.110 0.075 0.070 0.076 0.110 0.056 0.076 0.071 0.091 0.074 0.109 0.080 0.064 0.095 0.078 0.112 0.107 0.101 0.177 0.089 0.085 0.058 0.080 0.081 0.096 0.071 0.091 0.125 0.065 0.065 0.092 0.077 0.085 0.083 0.062 0.072 
0.071 0.066 0.094 0.098 0.116 0.072 0.092 0.069 0.085 0.085 0.115 0.045 0.120 0.076 0.118 0.164 0.208 0.230 0.138 0.167 0.145 0.078 0.045 0.039 0.079 0.102 0.074 0.078 0.061 0.077 0.053 0.095 0.079 0.114 0.052 0.096 0.077 0.043 0.055 0.092 0.041 0.105 0.094 0.064 0.074 0.070 0.073 0.082 0.049 0.071 0.054 0.077 0.059 0.063 0.064 0.075 0.080 0.065 0.070 0.066 
0.034 0.055 0.071 0.073 0.061 0.104 0.090 0.077 0.069 0.119 0.070 0.040 0.078 0.051 0.061 0.096 0.058 0.045 0.054 0.081 0.081 0.100 0.095 0.056 0.075 0.074 0.074 0.103 0.134 0.043 0.073 0.074 0.055 0.061 0.107 0.093 0.102 0.059 0.049 0.085 0.104 0.101 0.044 0.107 0.040 0.077 0.030 0.039 0.067 0.044 0.068 0.085 0.077 0.046 0.094 0.070 0.044 0.122 0.081 0.083 
0.064 0.103 0.087 0.084 0.085 0.100 0.098 0.074 0.135 0.076 0.060 0.093 0.102 0.075 0.047 0.091 0.115 0.050 0.098 0.055 0.091 0.081 0.068 0.085 0.063 0.068 0.086 0.073 0.070 0.055 0.058 0.080 0.105 0.074 0.052 0.074 0.066 0.107 0.094 0.063 0.082 0.099 0.034 0.057 0.054 0.059 0.061 0.073 0.100 0.062 0.080 0.077 0.077 0.081 0.096 0.027 0.077 0.062 0.058 0.037 
0.057 0.092 0.080 0.108 0.039 0.080 0.107 0.078 0.076 0.081 0.097 0.055 0.092 0.090 0.056 0.085 0.041 0.049 0.090 0.085 0.051 0.046 0.036 0.064 0.070 0.077 0.105 0.094 0.061 0.061 0.053 0.074 0.065 0.074 0.095 0.097 0.074 0.072 0.079 0.081 0.081 0.064 0.078 0.065 0.040 0.035 0.064 0.082 0.089 0.074 0.090 0.089 0.040 0.061 0.076 0.054 0.068 0.057 0.059 0.048 
0.064 0.035 0.098 0.087 0.062 0.096 0.083 0.031 0.063 0.073 0.067 0.070 0.097 0.083 0.082 0.043 0.055 0.047 0.041 0.066 0.104 0.065 0.073 0.137 0.084 0.083 0.074 0.108 0.062 0.085 0.032 0.069 0.093 0.088 0.041 0.080 0.079 0.071 0.070 0.042 0.106 0.096 0.077 0.076 0.073 0.034 0.060 0.066 0.058 0.044 0.080 0.065 0.066 0.070 0.075 0.051 0.065 0.073 0.059 0.060 
0.024 0.077 0.083 0.097 0.092 0.095 0.112 0.049 0.063 0.078 0.091 0.017 0.069 0.080 0.090 0.101 0.065 0.055 0.087 0.088 0.107 0.052 0.056 0.069 0.073 0.036 0.093 0.074 0.056 0.042 0.052 0.079 0.067 0.092 0.083 0.062 0.088 0.064 0.054 0.072 0.061 0.139 0.198 0.155 0.157 0.186 0.185 0.180 0.144 0.152 0.178 0.152 0.125 0.083 0.172 0.106 0.089 0.123 0.087 0.205 
0.209 0.188 0.173 0.195 0.197 0.122 0.166 0.167 0.114 0.131 0.108 0.105 0.070 0.088 0.077 0.084 0.047 0.080 0.088 0.041 0.094 0.065 0.068 0.059 0.072 0.078 0.096 0.095 0.074 0.069 0.046 0.083 0.061 0.100 0.083 0.091 0.079 0.035 0.077 0.071 0.079 0.083 0.070 0.087 0.081 0.046 0.064 0.065 0.033 0.077 0.107 0.098 0.065 0.021 0.048 0.024 0.038 0.056 0.084 0.085 
0.047 0.082 0.078 0.088 0.085 0.104 0.065 0.069 0.057 0.060 0.076 0.120 0.045 0.036 0.080 0.078 0.073 0.082 0.085 0.088 0.108 0.096 0.067 0.078 0.034 0.079 0.047 0.107 0.070 0.073 0.040 0.075 0.083 0.111 0.084 0.101 0.077 0.040 0.067 0.072 0.091 0.105 0.097 0.063 0.057 0.066 0.115 0.048 0.074 0.066 0.105 0.051 0.078 0.072 0.088 0.065 0.046 0.111 0.064 0.042 
