0.086 0.082 0.106 0.068 0.104 0.128 0.124 0.117 0.113 0.116 0.089 0.132 0.108 0.104 0.077 0.124 0.096 0.140 0.107 0.106 0.098 0.086 0.114 0.114 0.103 0.089 0.104 0.120 0.081 0.111 0.143 0.144 0.126 0.085 0.087 0.113 0.125 0.098 0.132 0.160 0.150 0.101 0.143 0.119 0.117 0.115 0.136 0.141 0.123 0.131 0.109 0.111 0.072 0.093 0.124 0.187 0.276 0.161 0.117 0.146 
0.079 0.124 0.101 0.134 0.117 0.101 0.105 0.123 0.105 0.113 0.137 0.105 0.110 0.157 0.098 0.102 0.138 0.139 0.113 0.104 0.122 0.112 0.117 0.104 0.113 0.064 0.136 0.079 0.117 0.104 0.092 0.080 0.136 0.113 0.125 0.105 0.104 0.117 0.147 0.141 0.138 0.136 0.122 0.133 0.111 0.160 0.086 0.153 0.099 0.106 0.149 0.135 0.147 0.093 0.115 0.113 0.165 0.096 0.107 0.150 
0.113 0.159 0.094 0.130 0.135 0.118 0.121 0.091 0.141 0.172 0.126 0.151 0.100 0.105 0.124 0.142 0.171 0.127 0.154 0.135 0.134 0.127 0.083 0.104 0.100 0.140 0.171 0.154 0.123 0.108 0.083 0.091 0.146 0.110 0.121 0.139 0.154 0.130 0.143 0.153 0.150 0.154 0.114 0.108 0.118 0.083 0.130 0.123 0.123 0.092 0.112 0.107 0.125 0.095 0.120 0.126 0.150 0.123 0.125 0.123 
0.098 0.095 0.123 0.165 0.136 0.132 0.126 0.130 0.127 0.159 0.113 0.167 0.107 0.083 0.113 0.138 0.095 0.154 0.098 0.131 0.136 0.125 0.106 0.124 0.125 0.156 0.155 0.096 0.110 0.131 0.143 0.139 0.146 0.096 0.136 0.152 0.170 0.116 0.160 0.142 0.123 0.120 0.128 0.095 0.096 0.125 0.138 0.135 0.123 0.151 0.154 0.108 0.126 0.134 0.111 0.115 0.156 0.156 0.125 0.141 
0.084 0.097 0.129 0.123 0.081 0.132 0.137 0.143 0.142 0.108 0.093 0.149 0.206 0.115 0.128 0.129 0.140 0.125 0.120 0.143 0.132 0.131 0.119 0.130 0.131 0.140 0.147 0.118 0.126 0.119 0.099 0.087 0.114 0.149 0.057 0.061 0.054 0.025 0.052 0.044 0.019 0.056 0.060 0.041 0.059 0.027 0.066 0.074 0.028 0.018 0.051 0.056 0.021 0.047 0.059 0.021 0.085 0.043 0.056 0.048 
0.020 0.051 0.060 0.046 0.013 0.023 0.033 0.045 0.059 0.055 0.083 0.077 0.060 0.075 0.054 0.024 0.029 0.072 0.053 0.045 0.029 0.049 0.052 0.041 0.051 0.047 0.086 0.067 0.051 0.093 0.056 0.015 0.057 0.043 0.017 0.058 0.065 0.045 0.039 0.031 0.014 0.037 0.070 0.060 0.043 0.059 0.064 0.029 0.076 0.045 0.025 0.055 0.051 0.046 0.042 0.057 0.042 0.055 0.056 0.054 
0.043 0.005 0.059 0.052 0.048 0.079 0.046 0.026 0.058 0.070 0.055 0.042 0.056 0.018 0.068 0.074 0.051 0.032 0.030 0.050 0.017 0.041 0.073 0.049 0.058 0.064 0.040 0.057 0.049 0.025 0.045 0.056 0.064 0.012 0.060 0.045 0.034 0.039 0.044 0.075 0.032 0.059 0.055 0.049 0.056 0.024 0.037 0.053 0.021 0.058 0.057 0.065 0.014 0.032 0.025 0.059 0.077 0.039 0.058 0.019 
0.080 0.044 0.061 0.054 0.044 0.033 0.028 0.026 0.063 0.048 0.103 0.065 0.055 0.053 0.047 0.061 0.057 0.032 0.051 0.050 0.051 0.050 0.045 0.013 0.058 0.051 0.063 0.025 0.051 0.037 0.036 0.073 0.018 0.056 0.043 0.047 0.063 0.047 0.075 0.033 0.019 0.056 0.063 0.062 0.069 0.040 0.066 0.062 0.030 0.013 0.017 0.013 0.064 0.053 0.052 0.052 0.064 0.057 0.048 0.017 
0.050 0.047 0.055 0.047 0.071 0.069 0.024 0.062 0.018 0.052 0.035 0.073 0.053 0.060 0.054 0.061 0.035 0.071 0.050 0.047 0.016 0.052 0.052 0.017 0.017 0.054 0.062 0.045 0.025 0.048 0.063 0.020 0.046 0.055 0.040 0.054 0.014 0.069 0.059 0.021 0.063 0.057 0.032 0.040 0.042 0.061 0.023 0.072 0.048 0.046 0.012 0.061 0.065 0.013 0.049 0.050 0.069 0.044 0.057 0.065 
0.057 0.020 0.014 0.021 0.041 0.055 0.028 0.046 0.057 0.058 0.055 0.023 0.040 0.059 0.044 0.054 0.012 0.071 0.056 0.014 0.031 0.043 0.071 0.048 0.046 0.015 0.027 0.065 0.058 0.070 0.058 0.071 0.066 0.054 0.016 0.069 0.104 0.025 0.026 0.087 0.013 0.071 0.066 0.027 0.056 0.052 0.079 0.050 0.063 0.018 0.041 0.016 0.054 0.051 0.050 0.027 0.029 0.047 0.053 0.062 
0.081 0.057 0.024 0.062 0.019 0.048 0.070 0.054 0.036 0.061 0.061 0.014 0.026 0.044 0.056 0.025 0.056 0.080 0.027 0.064 0.065 0.012 0.055 0.044 0.052 0.055 0.068 0.017 0.062 0.054 0.013 0.030 0.059 0.054 0.022 0.063 0.052 0.046 0.058 0.060 0.043 0.037 0.014 0.019 0.050 0.015 0.047 0.051 0.056 0.044 0.069 0.052 0.042 0.051 0.042 0.062 0.058 0.013 0.013 0.015 
0.051 0.050 0.023 0.055 0.058 0.035 0.052 0.043 0.056 0.067 0.067 0.053 0.027 0.048 0.029 0.058 0.063 0.063 0.039 0.047 0.020 0.044 0.050 0.012 0.018 0.033 0.047 0.050 0.045 0.019 0.048 0.042 0.048 0.218 0.030 0.039 0.052 0.058 0.046 0.060 0.039 0.051 0.043 0.034 0.010 0.049 0.049 0.060 0.045 0.046 0.017 0.045 0.055 0.043 0.043 0.041 0.007 0.057 0.051 0.049 
0.048 0.010 0.018 0.041 0.053 0.033 0.045 0.066 0.011 0.058 0.050 0.017 0.042 0.052 0.051 0.044 0.028 0.053 0.051 0.062 0.061 0.020 0.058 0.028 0.007 0.055 0.047 0.053 0.058 0.050 0.054 0.016 0.060 0.050 0.022 0.060 0.047 0.053 0.112 0.208 0.128 0.125 0.048 0.045 0.050 0.016 0.064 0.036 0.059 0.048 0.052 0.047 0.012 0.043 0.047 0.036 0.031 0.040 0.044 0.045 
0.013 0.041 0.036 0.063 0.067 0.051 0.051 0.026 0.047 0.062 0.055 0.054 0.048 0.044 0.006 0.054 0.021 0.053 0.050 0.041 0.016 0.047 0.046 0.041 0.035 0.044 0.014 0.046 0.060 0.063 0.050 0.035 0.047 0.012 0.049 0.038 0.026 0.054 0.038 0.073 0.015 0.049 0.065 0.011 0.019 0.057 0.051 0.048 0.051 0.056 0.038 0.046 0.058 0.013 0.018 0.035 0.042 0.040 0.046 0.043 
0.037 0.037 0.031 0.006 0.055 0.047 0.049 0.046 0.064 0.048 0.051 0.009 0.040 0.037 0.045 0.030 0.031 0.025 0.062 0.034 0.054 0.039 0.039 0.009 0.040 0.051 -0.033 0.056 0.038 0.012 0.038 0.036 0.073 0.055 0.008 0.013 0.048 0.001 0.013 0.056 0.040 0.037 0.053 0.045 0.041 0.054 0.031 0.039 0.046 0.001 0.041 0.037 0.052 0.037 0.036 0.031 0.030 0.032 0.031 0.642 
0.397 0.376 0.360 0.342 0.356 0.523 0.618 0.586 0.601 0.634 0.609 0.557 0.607 0.652 0.708 0.696 0.558 0.557 0.490 0.407 0.589 0.602 0.599 0.604 0.600 0.584 0.583 0.598 0.722 0.740 0.050 0.033 0.033 -0.006 0.001 0.032 0.032 0.034 0.025 0.031 0.030 0.032 0.029 0.007 0.018 0.034 0.001 0.029 0.032 0.032 0.032 0.032 -0.006 0.032 0.033 0.040 0.028 0.026 -0.002 0.003 
0.036 0.032 -0.002 0.031 0.031 0.028 0.029 -0.009 0.029 0.031 0.029 0.033 0.029 0.029 -0.002 -0.002 -0.002 -0.009 0.034 0.035 0.021 0.081 0.613 0.436 0.198 0.112 0.034 0.026 0.034 0.026 0.046 0.053 0.025 0.033 0.025 0.038 0.038 0.037 0.027 0.036 0.033 0.041 0.011 0.008 0.034 0.042 0.033 0.030 0.030 0.030 0.031 0.028 0.023 0.031 -0.001 0.029 0.034 0.023 0.036 0.049 
0.047 0.010 0.019 0.046 0.054 0.056 0.016 0.054 0.046 0.057 0.023 0.052 0.067 0.007 0.056 0.043 0.027 0.055 0.018 0.030 0.017 0.056 0.022 0.041 0.011 0.036 0.050 0.053 0.033 0.025 0.018 0.066 0.051 0.039 0.049 0.020 0.026 0.020 0.053 0.055 0.066 0.057 0.056 0.049 0.012 0.010 0.031 0.046 0.023 0.052 0.042 0.051 0.030 0.024 0.015 0.007 0.013 0.018 0.015 0.031 
0.040 0.048 0.060 0.014 0.050 0.057 0.012 0.049 0.047 0.020 0.058 0.023 0.021 0.015 0.047 0.014 0.054 0.060 0.059 0.038 0.048 0.050 0.013 0.015 0.032 0.045 0.046 0.010 0.046 0.004 0.046 0.038 0.034 0.043 0.044 0.015 0.005 0.047 0.043 0.050 0.029 0.027 0.059 0.041 0.046 0.046 0.041 0.055 0.021 0.018 0.044 0.030 0.045 0.049 0.036 0.039 0.003 -0.034 0.021 -0.008 
0.023 -0.003 -0.010 0.025 0.024 0.020 0.029 -0.010 -0.010 -0.009 0.031 0.024 -0.001 0.023 -0.001 -0.006 -0.003 -0.009 0.029 0.001 0.029 0.026 0.011 0.007 0.028 -0.010 0.027 -0.003 0.029 -0.010 -0.004 -0.009 -0.003 -0.008 0.029 0.025 0.030 0.002 0.021 -0.005 0.038 -0.006 -0.004 -0.002 0.026 0.003 0.025 0.028 -0.007 -0.002 -0.009 0.000 0.024 -0.001 0.026 0.031 -0.009 0.027 0.022 -0.003 
0.025 -0.000 0.023 0.030 -0.007 0.028 0.023 -0.003 -0.007 0.029 -0.010 -0.000 -0.005 0.024 0.001 0.027 0.021 0.031 0.039 0.026 0.033 0.026 0.030 0.031 0.027 0.026 -0.000 0.036 0.029 0.029 0.035 0.031 0.039 0.002 0.028 0.034 0.024 0.033 0.029 0.032 0.041 0.029 0.017 0.035 0.034 0.032 0.027 0.002 0.024 0.031 0.029 0.031 0.049 0.026 0.031 0.032 0.024 0.002 0.032 0.032 
0.037 0.030 0.034 0.032 0.034 0.030 0.027 0.032 0.030 0.027 0.024 0.030 0.032 -0.007 0.034 0.045 0.029 0.037 0.032 0.034 0.036 0.036 0.038 0.030 0.031 0.036 -0.005 0.043 0.055 0.035 0.033 -0.002 0.037 0.035 0.044 0.015 0.032 0.046 0.035 0.042 0.055 0.033 0.041 0.026 0.035 0.037 0.009 0.036 0.024 0.033 0.038 0.037 0.013 0.035 0.043 0.051 0.034 0.043 0.004 0.034 
0.035 0.036 0.039 0.033 0.040 0.039 0.038 0.043 0.034 0.018 0.053 0.060 0.041 0.019 0.048 0.057 0.008 0.041 0.050 0.049 0.030 0.036 0.040 0.049 0.059 0.013 0.038 0.039 0.044 0.036 0.032 0.047 0.070 0.062 0.014 0.033 0.042 0.049 0.033 0.038 0.051 0.048 0.047 0.021 0.043 0.064 0.056 0.049 0.044 0.035 0.043 0.044 0.000 0.038 0.035 0.017 0.051 0.041 0.005 0.034 
0.037 0.042 0.037 0.057 0.055 0.034 0.049 0.050 0.044 0.043 0.051 0.040 0.038 0.013 0.048 0.041 0.052 0.049 0.039 0.048 0.038 0.007 0.048 0.031 0.049 0.039 0.031 0.041 0.036 0.039 0.030 0.039 0.043 0.016 0.041 0.043 0.012 0.048 0.004 0.049 0.047 0.044 0.040 0.032 0.041 0.003 0.044 0.052 0.036 0.073 0.032 0.052 0.050 0.054 0.050 0.024 0.048 0.046 0.040 0.059 
