0.261 0.223 0.235 0.244 0.247 0.209 0.264 0.245 0.199 0.213 0.239 0.247 0.249 0.236 0.221 0.233 0.258 0.221 0.231 0.216 0.214 0.254 0.249 0.247 0.229 0.252 0.224 0.216 0.216 0.236 0.268 0.237 0.243 0.232 0.240 0.241 0.196 0.233 0.247 0.241 0.236 0.235 0.219 0.221 0.227 0.225 0.259 0.239 0.255 0.229 0.256 0.254 0.219 0.245 0.263 0.230 0.230 0.254 0.206 0.202 
0.237 0.234 0.219 0.225 0.240 0.218 0.224 0.252 0.224 0.236 0.234 0.220 0.193 0.223 0.267 0.238 0.252 0.244 0.203 0.236 0.255 0.245 0.201 0.234 0.232 0.228 0.222 0.225 0.230 0.206 0.258 0.225 0.262 0.252 0.244 0.230 0.223 0.276 0.200 0.254 0.273 0.228 0.200 0.248 0.256 0.227 0.251 0.200 0.260 0.232 0.197 0.237 0.264 0.199 0.253 0.244 0.217 0.235 0.240 0.260 
0.196 0.230 0.201 0.209 0.219 0.251 0.238 0.225 0.186 0.226 0.263 0.228 0.233 0.237 0.212 0.211 0.231 0.244 0.201 0.187 0.233 0.244 0.231 0.205 0.248 0.259 0.223 0.226 0.221 0.211 0.207 0.232 0.238 0.193 0.235 0.211 0.200 0.225 0.224 0.234 0.212 0.195 0.219 0.236 0.207 0.217 0.199 0.218 0.226 0.218 0.222 0.190 0.210 0.209 0.217 0.259 0.244 0.242 0.189 0.229 
0.243 0.206 0.206 0.205 0.206 0.196 0.222 0.233 0.183 0.205 0.198 0.210 0.251 0.230 0.219 0.211 0.221 0.346 0.240 0.206 0.227 0.204 0.242 0.221 0.237 0.239 0.196 0.208 0.196 0.199 0.228 0.232 0.200 0.197 0.208 0.217 0.210 0.221 0.197 0.210 0.219 0.213 0.231 0.216 0.217 0.158 0.186 0.205 0.219 0.204 0.180 0.219 0.227 0.196 0.239 0.222 0.214 0.211 0.227 0.186 
0.239 0.226 0.232 0.194 0.183 0.205 0.201 0.229 0.220 0.238 0.184 0.198 0.192 0.208 0.206 0.198 0.213 0.212 0.203 0.169 0.230 0.221 0.247 0.204 0.224 0.217 0.211 0.200 0.196 0.203 0.224 0.237 0.208 0.196 0.212 0.241 0.225 0.175 0.222 0.225 0.208 0.195 0.202 0.221 0.206 0.187 0.210 0.223 0.214 0.204 0.215 0.240 0.188 0.231 0.238 0.187 0.232 0.227 0.217 0.202 
0.223 0.269 0.210 0.191 0.200 0.199 0.214 0.200 0.198 0.203 0.221 0.201 0.227 0.217 0.203 0.181 0.185 0.211 0.228 0.200 0.236 0.189 0.219 0.219 0.217 0.237 0.190 0.207 0.244 0.221 0.206 0.236 0.214 0.203 0.218 0.173 0.182 0.219 0.203 0.232 0.225 0.194 0.212 0.245 0.217 0.214 0.209 0.206 0.214 0.217 0.222 0.236 0.198 0.185 0.226 0.201 0.211 0.218 0.213 0.184 
0.234 0.234 0.194 0.187 0.207 0.168 0.173 0.205 0.191 0.202 0.070 0.188 0.200 0.200 0.189 0.200 0.240 0.177 0.191 0.197 0.186 0.180 0.197 0.204 0.222 0.210 0.200 0.195 0.206 0.164 0.153 0.185 0.199 0.222 0.187 0.187 0.191 0.195 0.211 0.159 0.211 0.229 0.204 0.218 0.184 0.202 0.170 0.192 0.204 0.219 0.179 0.167 0.197 0.195 0.211 0.212 0.171 0.150 0.171 0.166 
0.174 0.162 0.171 0.172 0.170 0.183 0.166 0.177 0.152 0.152 0.135 0.174 0.207 0.184 0.144 0.170 0.172 0.175 0.171 0.166 0.174 0.164 0.139 0.179 0.168 0.192 0.192 0.190 0.132 0.123 0.124 0.143 0.144 0.131 0.141 0.139 0.136 0.135 0.142 0.145 0.139 0.139 0.118 0.140 0.150 0.144 0.133 0.140 0.133 0.136 0.143 0.132 0.114 0.128 0.138 0.109 0.138 0.138 0.132 0.143 
0.139 0.133 0.139 0.136 0.143 0.140 0.153 0.139 0.134 0.137 0.133 0.698 0.500 0.465 0.470 0.481 0.466 0.446 0.632 0.757 0.656 0.709 0.655 0.644 0.681 0.691 0.645 0.670 0.853 0.868 0.650 0.527 0.501 0.465 0.453 0.465 0.522 0.697 0.683 0.684 0.625 0.692 0.669 0.683 0.707 0.686 0.803 0.694 0.135 0.137 0.129 0.136 0.127 0.106 0.115 0.135 0.142 0.132 0.138 0.132 
0.137 0.138 0.131 0.134 0.129 0.136 0.105 0.130 0.135 0.132 0.135 0.146 0.132 0.140 0.128 0.130 0.106 0.130 0.136 0.132 0.137 0.142 0.131 0.144 0.107 0.135 0.136 0.134 0.140 0.136 0.142 0.155 0.137 0.108 0.151 0.665 0.510 0.299 0.138 0.097 0.111 0.107 0.102 0.149 0.129 0.105 0.133 0.103 0.135 0.130 0.101 0.104 0.136 0.107 0.133 0.144 0.130 0.146 0.107 0.101 
0.106 0.102 0.139 0.138 0.103 0.122 0.111 0.135 0.136 0.129 0.138 0.133 0.135 0.097 0.096 0.131 0.133 0.103 0.136 0.101 0.140 0.132 0.132 0.145 0.098 0.105 0.131 0.099 0.101 0.135 0.129 0.098 0.127 0.101 0.097 0.099 0.129 0.130 0.134 0.100 0.099 0.097 0.127 0.133 0.100 0.100 0.137 0.100 0.104 0.131 0.131 0.139 0.130 0.143 0.099 0.105 0.134 0.149 0.099 0.107 
0.133 0.105 0.130 0.138 0.130 0.104 0.130 0.104 0.103 0.138 0.103 0.150 0.108 0.149 0.102 0.108 0.110 0.137 0.112 0.131 0.153 0.111 0.143 0.137 0.121 0.106 0.148 0.110 0.117 0.143 0.142 0.139 0.115 0.115 0.110 0.153 0.154 0.123 0.125 0.130 0.104 0.109 0.138 0.111 0.138 0.119 0.139 0.120 0.102 0.110 0.103 0.113 0.116 0.127 0.147 0.148 0.110 0.116 0.144 0.160 
0.151 0.130 0.113 0.109 0.118 0.105 0.112 0.112 0.139 0.156 0.155 0.126 0.142 0.144 0.120 0.147 0.152 0.151 0.158 0.158 0.170 0.167 0.128 0.177 0.134 0.134 0.134 0.176 0.174 0.166 0.191 0.165 0.152 0.154 0.154 0.160 0.153 0.134 0.169 0.171 0.135 0.153 0.163 0.152 0.124 0.156 0.160 0.155 0.146 0.127 0.150 0.167 0.171 0.174 0.131 0.176 0.158 0.146 0.166 0.143 
0.123 0.157 0.151 0.163 0.122 0.157 0.166 0.166 0.190 0.172 0.155 0.176 0.168 0.173 0.180 0.141 0.179 0.163 0.148 0.145 0.171 0.183 0.148 0.179 0.155 0.171 0.162 0.130 0.153 0.177 0.177 0.140 0.169 0.166 0.165 0.148 0.158 0.152 0.164 0.164 0.170 0.178 0.134 0.168 0.165 0.176 0.173 0.143 0.179 0.171 0.173 0.168 0.144 0.178 0.170 0.164 0.138 0.139 0.165 0.164 
0.147 0.177 0.169 0.165 0.168 0.143 0.159 0.173 0.158 0.173 0.141 0.179 0.173 0.167 0.139 0.143 0.167 0.182 0.195 0.171 0.153 0.166 0.153 0.170 0.159 0.156 0.140 0.159 0.170 0.179 0.152 0.161 0.173 0.172 0.163 0.157 0.126 0.176 0.183 0.201 0.147 0.156 0.183 0.171 0.143 0.180 0.200 0.173 0.143 0.161 0.166 0.189 0.170 0.158 0.143 0.173 0.188 0.170 0.132 0.159 
0.163 0.183 0.170 0.149 0.183 0.175 0.149 0.174 0.188 0.173 0.154 0.133 0.156 0.160 0.166 0.183 0.134 0.173 0.166 0.154 0.146 0.125 0.162 0.174 0.173 0.165 0.141 0.166 0.198 0.135 0.130 0.169 0.180 0.174 0.174 0.158 0.180 0.170 0.164 0.179 0.184 0.164 0.154 0.160 0.134 0.168 0.188 0.183 0.144 0.151 0.172 0.155 0.150 0.147 0.172 0.169 0.162 0.151 0.164 0.165 
0.163 0.131 0.166 0.186 0.187 0.164 0.140 0.138 0.181 0.178 0.135 0.175 0.175 0.165 0.149 0.175 0.161 0.157 0.140 0.153 0.179 0.168 0.119 0.174 0.129 0.154 0.165 0.177 0.146 0.176 0.181 0.124 0.180 0.183 0.132 0.161 0.198 0.166 0.184 0.134 0.183 0.158 0.153 0.146 0.164 0.140 0.188 0.177 0.145 0.177 0.169 0.153 0.165 0.172 0.192 0.138 0.171 0.160 0.162 0.135 
0.140 0.189 0.157 0.174 0.130 0.164 0.169 0.169 0.180 0.142 0.165 0.189 0.179 0.170 0.123 0.171 0.147 0.135 0.177 0.166 0.166 0.128 0.170 0.197 0.176 0.147 0.170 0.158 0.153 0.174 0.156 0.137 0.165 0.174 0.171 0.142 0.139 0.163 0.176 0.185 0.151 0.136 0.170 0.169 0.161 0.140 0.189 0.182 0.148 0.158 0.170 0.178 0.150 0.162 0.170 0.191 0.193 0.223 0.138 0.158 
0.151 0.166 0.156 0.128 0.162 0.158 0.164 0.141 0.189 0.173 0.162 0.161 0.148 0.145 0.177 0.199 0.178 0.144 0.160 0.156 0.169 0.138 0.163 0.174 0.153 0.155 0.127 0.151 0.167 0.153 0.160 0.168 0.155 0.169 0.161 0.193 0.166 0.133 0.185 0.172 0.184 0.180 0.137 0.173 0.176 0.189 0.128 0.160 0.136 0.157 0.169 0.176 0.138 0.172 0.177 0.171 0.134 0.169 0.161 0.136 
0.172 0.183 0.161 0.169 0.128 0.157 0.142 0.151 0.179 0.138 0.157 0.174 0.172 0.177 0.164 0.146 0.165 0.161 0.159 0.128 0.174 0.160 0.175 0.141 0.155 0.146 0.176 0.173 0.131 0.160 0.208 0.171 0.142 0.170 0.170 0.168 0.139 0.159 0.192 0.200 0.168 0.148 0.162 0.132 0.167 0.165 0.160 0.131 0.160 0.166 0.156 0.178 0.132 0.181 0.171 0.155 0.161 0.141 0.174 0.168 
0.172 0.161 0.151 0.140 0.133 0.169 0.161 0.162 0.186 0.153 0.173 0.172 0.147 0.200 0.162 0.146 0.161 0.172 0.166 0.172 0.168 0.150 0.157 0.182 0.179 0.168 0.163 0.160 0.195 0.178 0.181 0.177 0.176 0.172 0.175 0.172 0.164 0.172 0.168 0.190 0.178 0.181 0.137 0.143 0.182 0.173 0.152 0.189 0.169 0.233 0.169 0.183 0.220 0.148 0.192 0.130 0.163 0.178 0.159 0.145 
0.173 0.169 0.139 0.164 0.165 0.172 0.141 0.184 0.169 0.179 0.191 0.190 0.160 0.173 0.168 0.160 0.157 0.136 0.180 0.135 0.166 0.170 0.140 0.184 0.174 0.129 0.171 0.147 0.171 0.156 0.180 0.140 0.139 0.169 0.168 0.182 0.134 0.234 0.296 0.317 0.290 0.276 0.255 0.268 0.224 0.215 0.207 0.192 0.176 0.192 0.256 0.291 0.290 0.300 0.268 0.250 0.243 0.223 0.179 0.196 
0.178 0.172 0.156 0.155 0.140 0.144 0.157 0.137 0.190 0.170 0.148 0.223 0.312 0.247 0.152 0.203 0.240 0.198 0.175 0.180 0.164 0.167 0.155 0.138 0.147 0.154 0.170 0.169 0.175 0.144 0.186 0.179 0.133 0.170 0.170 0.174 0.158 0.177 0.158 0.162 0.167 0.138 0.178 0.160 0.150 0.169 0.165 0.186 0.146 0.169 0.161 0.135 0.200 0.181 0.191 0.141 0.191 0.166 0.154 0.151 
0.125 0.170 0.165 0.166 0.149 0.146 0.144 0.173 0.149 0.166 0.174 0.160 0.161 0.174 0.180 0.140 0.173 0.171 0.186 0.163 0.181 0.192 0.169 0.193 0.166 0.186 0.130 0.185 0.150 0.164 0.185 0.138 0.175 0.158 0.177 0.135 0.188 0.177 0.153 0.187 0.173 0.173 0.139 0.191 0.169 0.173 0.168 0.142 0.180 0.181 0.166 0.162 0.163 0.150 0.169 0.130 0.171 0.173 0.182 0.141 
