0.081 0.058 0.080 0.076 0.043 0.071 0.050 0.073 0.070 0.041 0.071 0.075 0.064 0.044 0.065 0.083 0.053 0.060 0.064 0.032 0.065 0.098 0.073 0.039 0.073 0.070 0.065 0.069 0.074 0.024 0.081 0.076 0.075 0.071 0.065 0.044 0.079 0.070 0.042 0.070 0.062 0.035 0.076 0.070 0.059 0.050 0.080 0.072 0.073 0.085 0.040 0.075 0.046 0.067 0.066 0.031 0.073 0.077 0.068 0.092 
0.080 0.054 0.068 0.092 0.072 0.052 0.076 0.074 0.050 0.055 0.039 0.077 0.034 0.074 0.065 0.073 0.076 0.035 0.072 0.059 0.044 0.093 0.068 0.082 0.041 0.036 0.074 0.073 0.074 0.044 0.089 0.080 0.064 0.078 0.042 0.069 0.075 0.080 0.036 0.063 0.066 0.042 0.071 0.056 0.040 0.081 0.078 0.029 0.069 0.063 0.069 0.077 0.127 0.187 0.115 0.071 0.048 0.061 0.077 0.068 
0.094 0.061 0.059 0.074 0.086 0.085 0.074 0.070 0.025 0.087 0.072 0.079 0.073 0.033 0.039 0.089 0.089 0.070 0.068 0.068 0.066 0.070 0.044 0.038 0.067 0.077 0.079 0.075 0.067 0.050 0.105 0.092 0.034 0.074 0.044 0.074 0.068 0.068 0.038 0.029 0.065 0.071 0.036 0.088 0.060 0.069 0.110 0.154 0.089 0.035 0.073 0.078 0.085 0.032 0.052 0.060 0.033 0.038 0.070 0.074 
0.092 0.049 0.087 0.080 0.069 0.071 0.041 0.063 0.062 0.043 0.050 0.071 0.037 0.070 0.055 0.078 0.053 0.057 0.069 0.028 0.030 0.074 0.088 0.034 0.057 0.066 0.077 0.039 0.072 0.075 0.116 0.212 0.203 0.177 0.220 0.179 0.168 0.157 0.148 0.082 0.114 0.077 0.119 0.070 0.099 0.170 0.205 0.165 0.193 0.167 0.151 0.173 0.134 0.069 0.093 0.103 0.112 0.051 0.073 0.036 
0.096 0.053 0.069 0.075 0.037 0.082 0.081 0.067 0.049 0.061 0.068 0.054 0.065 0.042 0.068 0.096 0.047 0.065 0.071 0.064 0.083 0.045 0.035 0.031 0.074 0.086 0.069 0.039 0.069 0.069 0.085 0.082 0.067 0.027 0.077 0.071 0.051 0.095 0.068 0.041 0.029 0.073 0.059 0.044 0.064 0.090 0.038 0.057 0.064 0.079 0.116 0.134 0.084 0.041 0.060 0.075 0.072 0.061 0.033 0.066 
0.067 0.092 0.060 0.073 0.061 0.083 0.073 0.052 0.062 0.068 0.083 0.041 0.078 0.071 0.052 0.046 0.082 0.075 0.066 0.084 0.058 0.057 0.092 0.035 0.034 0.080 0.069 0.068 0.034 0.066 0.093 0.085 0.058 0.171 0.124 0.117 0.067 0.103 0.075 0.025 0.073 0.042 0.060 0.085 0.067 0.081 0.056 0.070 0.052 0.042 0.087 0.068 0.075 0.067 0.046 0.046 0.076 0.141 0.203 0.205 
0.221 0.216 0.202 0.165 0.185 0.150 0.128 0.123 0.108 0.115 0.107 0.125 0.114 0.101 0.088 0.191 0.187 0.173 0.201 0.196 0.219 0.148 0.154 0.140 0.148 0.097 0.101 0.110 0.074 0.058 0.106 0.103 0.088 0.037 0.062 0.065 0.069 0.044 0.068 0.096 0.031 0.055 0.042 0.069 0.035 0.070 0.070 0.074 0.055 0.063 0.026 0.077 0.087 0.027 0.063 0.065 0.074 0.040 0.041 0.077 
0.070 0.060 0.083 0.115 0.070 0.039 0.078 0.033 0.070 0.073 0.032 0.065 0.060 0.072 0.091 0.083 0.044 0.030 0.038 0.059 0.063 0.073 0.038 0.066 0.062 0.032 0.054 0.072 0.063 0.025 0.065 0.060 0.071 0.036 0.049 0.076 0.064 0.101 0.036 0.066 0.057 0.070 0.071 0.042 0.065 0.057 0.061 0.072 0.040 0.059 0.065 0.045 0.044 0.056 0.051 0.062 0.059 0.068 0.044 0.057 
0.082 0.064 0.059 0.038 0.070 0.083 0.082 0.037 0.069 0.070 0.030 0.026 0.070 0.072 0.056 0.080 0.033 0.064 0.062 0.065 0.066 0.029 0.078 0.068 0.077 0.049 0.068 0.074 0.062 0.035 0.029 0.031 0.057 0.065 0.063 0.060 0.023 0.060 0.036 0.076 0.069 0.060 0.060 0.073 0.023 0.068 0.065 0.038 0.025 0.052 0.062 0.077 0.043 0.064 0.067 0.060 0.062 0.068 0.035 0.047 
0.071 0.050 0.033 0.056 0.057 0.058 0.039 0.057 0.185 0.052 0.050 0.051 0.070 0.030 0.060 0.061 0.055 0.031 0.061 0.063 0.064 0.092 0.071 0.027 0.047 0.036 0.059 0.024 0.058 0.056 0.064 0.027 0.056 0.058 0.049 0.060 0.038 0.070 0.070 0.067 0.047 0.050 0.059 0.037 0.049 0.064 0.020 0.064 0.052 0.063 0.054 0.026 0.082 0.052 0.067 0.027 0.056 0.066 0.066 0.021 
0.047 0.066 0.026 0.060 0.052 0.060 0.027 0.067 0.060 0.059 0.074 0.027 0.064 0.058 0.051 0.029 0.054 0.063 0.063 0.060 0.041 0.032 0.073 0.062 0.066 0.033 0.070 0.075 0.046 0.053 0.050 0.065 0.074 0.017 0.065 0.062 0.016 0.062 0.048 0.064 0.040 0.058 0.062 0.063 0.044 0.061 0.030 0.058 0.042 0.055 0.021 0.074 0.070 0.057 0.037 0.055 0.057 0.049 0.051 0.019 
0.028 0.068 0.058 0.066 0.071 0.029 0.057 0.061 0.053 0.057 0.049 0.045 0.052 0.051 0.046 0.064 0.018 0.069 0.050 0.044 0.057 0.035 0.066 0.057 0.049 0.060 0.015 0.061 0.053 0.061 0.067 0.053 0.025 0.048 0.050 0.049 0.045 0.064 0.027 0.058 0.096 0.052 0.037 0.050 0.055 0.034 0.057 0.066 0.043 0.018 0.046 0.059 0.063 0.056 0.056 0.015 0.055 0.029 0.043 0.062 
0.044 -0.025 0.071 0.053 0.042 0.052 0.057 0.060 0.053 0.041 0.044 0.058 0.055 0.048 0.051 0.018 0.062 0.023 0.047 0.049 0.049 0.063 0.056 0.021 0.054 0.049 0.064 0.046 0.051 0.047 0.056 0.063 0.044 0.025 0.047 0.050 0.054 0.046 0.029 0.063 0.060 0.024 0.038 0.053 0.045 0.046 0.054 0.042 0.052 0.037 0.017 0.054 0.059 0.043 0.037 0.045 0.044 0.043 0.067 0.010 
0.041 0.054 0.049 0.051 0.017 0.046 0.043 0.040 0.047 0.039 0.040 0.041 0.042 0.037 0.042 0.044 0.050 0.040 0.033 0.044 0.046 0.018 0.011 0.040 0.040 0.035 0.043 0.038 0.033 0.039 0.036 0.046 0.043 0.039 0.034 0.033 0.051 0.040 0.043 0.039 0.034 0.048 0.016 0.006 0.045 0.031 0.045 0.037 0.045 0.043 0.054 0.049 0.042 0.038 0.040 0.037 0.038 0.035 0.037 0.052 
0.052 0.034 0.643 0.372 0.363 0.338 0.368 0.371 0.368 0.463 0.674 0.529 0.560 0.539 0.580 0.569 0.584 0.661 0.584 0.567 0.534 0.464 0.736 0.749 0.656 0.580 0.536 0.452 0.391 0.359 0.500 0.643 0.593 0.611 0.594 0.581 0.574 0.578 0.601 0.562 0.543 0.534 0.536 0.694 0.703 0.325 0.017 0.013 0.039 0.043 0.033 0.041 0.046 0.031 0.037 0.030 0.036 0.043 0.031 0.042 
0.030 0.006 0.048 0.033 0.037 0.029 0.030 0.021 0.029 0.040 -0.000 0.037 0.044 0.034 0.039 0.033 0.045 0.010 0.031 0.004 0.030 0.043 0.057 -0.001 0.347 0.529 0.375 0.150 0.033 0.046 0.028 0.037 0.046 0.032 0.037 0.036 0.047 0.045 0.032 0.038 0.032 0.037 0.046 0.039 0.049 0.048 0.012 0.017 0.033 0.040 0.031 0.039 0.050 0.037 0.039 0.031 0.034 0.044 0.032 0.039 
0.030 0.034 0.042 0.036 0.032 0.032 0.031 0.035 0.030 0.028 0.001 0.031 0.038 0.035 0.031 0.036 0.032 0.039 0.031 0.035 0.033 0.034 0.042 0.036 0.031 -0.001 0.031 0.039 -0.000 0.000 -0.003 -0.000 0.035 0.031 -0.004 0.031 0.005 0.007 0.031 0.034 0.034 0.034 0.035 0.032 0.037 0.004 0.029 0.012 0.008 0.044 -0.001 0.035 0.003 0.005 0.029 0.036 -0.002 0.043 -0.002 0.007 
0.004 -0.001 0.042 0.039 0.001 0.039 0.035 0.048 0.000 0.038 0.005 0.002 0.046 0.034 0.031 0.011 0.040 0.005 0.003 0.000 0.013 0.033 0.018 0.032 0.007 0.032 0.039 0.007 0.036 0.004 0.004 -0.001 0.011 -0.001 0.032 0.032 0.036 0.005 0.002 0.006 0.031 0.004 0.038 0.037 0.032 0.038 0.031 0.036 0.010 0.009 0.041 0.037 0.037 0.039 0.030 0.039 0.040 0.037 0.045 0.036 
0.035 0.039 0.044 0.041 0.033 0.040 0.035 0.043 0.035 0.036 0.017 0.035 0.012 0.042 0.039 0.042 0.043 0.045 0.047 0.035 0.059 0.047 0.069 0.044 0.035 0.039 0.033 0.054 0.033 0.044 0.044 0.039 0.041 0.020 0.034 0.049 0.032 0.050 0.040 0.036 0.046 0.040 0.065 0.049 0.043 0.046 0.033 0.045 0.043 0.042 0.061 0.049 0.048 0.042 0.034 0.044 0.028 0.032 0.041 0.058 
0.053 0.045 0.071 0.051 0.061 0.047 0.043 0.056 0.037 0.048 0.049 0.039 0.053 0.055 0.070 0.056 0.053 0.023 0.011 0.048 0.059 0.059 0.057 0.052 0.017 0.043 0.049 0.064 0.059 0.059 0.046 0.028 0.056 0.043 0.053 0.045 0.050 0.049 0.048 0.025 0.008 0.059 0.052 0.049 0.062 0.025 0.048 0.055 0.059 0.055 0.061 0.021 0.055 0.052 0.057 0.042 0.024 0.026 0.053 0.058 
0.069 0.050 0.053 0.022 0.044 0.050 0.049 0.062 0.054 0.040 0.025 0.054 0.075 0.057 0.061 0.030 0.042 0.028 0.058 0.056 0.057 0.032 0.055 0.041 0.045 0.053 0.042 0.053 0.011 0.073 0.057 0.045 0.059 0.047 0.025 0.039 0.028 0.044 0.044 0.053 0.058 0.028 0.082 0.059 0.077 0.051 0.027 0.059 0.062 0.063 0.047 0.031 0.066 0.061 0.057 0.019 0.028 0.052 0.054 0.083 
0.017 0.053 0.065 0.056 0.048 0.047 0.018 0.049 0.057 0.048 0.056 0.028 0.052 0.066 0.050 0.037 0.031 0.059 0.055 0.053 0.064 0.021 0.052 0.051 0.043 0.053 0.057 0.022 0.045 0.045 0.058 0.059 0.065 0.039 0.012 0.048 0.040 0.060 0.049 0.040 0.019 0.051 0.071 0.052 0.060 0.028 0.048 0.075 0.046 0.060 0.029 0.060 0.050 0.026 0.049 0.047 0.046 0.062 0.019 0.046 
0.059 0.057 0.066 0.059 0.056 0.049 0.048 0.019 0.066 0.022 0.058 0.051 0.045 0.033 0.038 0.057 0.049 0.051 0.061 0.070 0.057 0.066 0.040 0.054 0.059 0.042 0.050 0.017 0.057 0.064 0.047 0.053 0.048 0.043 0.014 0.052 0.058 0.053 0.037 0.043 0.051 0.059 0.051 0.057 0.022 0.066 0.047 0.025 0.058 0.048 0.072 0.026 0.013 0.053 0.057 0.044 0.049 0.021 0.073 0.061 
0.056 0.056 0.062 0.040 0.055 0.060 0.044 0.056 0.025 0.048 0.050 0.025 0.052 0.023 0.069 0.071 0.013 0.061 0.056 0.057 0.061 0.032 0.048 0.056 0.051 0.015 0.061 0.049 0.051 0.042 0.045 0.030 0.053 0.058 0.016 0.047 0.045 0.049 0.059 0.051 0.050 0.020 0.049 0.066 0.086 0.064 0.018 0.037 0.040 0.057 0.065 0.027 0.042 0.055 0.047 0.039 0.030 0.048 0.060 0.066 
