0.061 0.067 0.064 0.048 0.074 0.064 0.059 0.035 0.068 0.030 0.065 0.060 0.077 0.064 0.039 0.063 0.057 0.061 0.070 0.064 0.029 0.052 0.061 0.057 0.074 0.036 0.036 0.075 0.029 0.063 0.068 0.059 0.072 0.038 0.080 0.061 0.057 0.060 0.023 0.068 0.054 0.055 0.064 0.057 0.034 0.026 0.064 0.049 0.064 0.067 0.062 0.065 0.033 0.069 0.084 0.060 0.075 0.040 0.071 0.062 
0.065 0.036 0.033 0.049 0.069 0.068 0.059 0.048 0.059 0.071 0.064 0.055 0.064 0.029 0.060 0.063 0.051 0.062 0.072 0.032 0.064 0.062 0.061 0.048 0.054 0.032 0.068 0.080 0.078 0.031 0.062 0.055 0.069 0.077 0.053 0.059 0.048 0.064 0.063 0.064 0.058 0.027 0.040 0.052 0.080 0.065 0.051 0.063 0.027 0.077 0.064 0.067 0.068 0.057 0.052 0.063 0.062 0.066 0.060 0.066 
0.028 0.057 0.043 0.065 0.066 0.030 0.065 0.062 0.050 0.068 0.060 0.028 0.078 0.051 0.068 0.058 0.062 0.022 0.062 0.071 0.057 0.059 0.046 0.055 0.071 0.029 0.069 0.074 0.033 0.068 0.058 0.059 0.034 0.064 0.076 0.023 0.063 0.050 0.063 0.063 0.023 0.053 0.064 0.028 0.063 0.055 0.059 0.059 0.067 0.039 0.054 0.067 0.055 0.064 0.072 0.038 0.062 0.068 0.073 0.049 
0.034 0.066 0.077 0.036 0.060 0.064 0.065 0.066 0.054 0.037 0.062 0.046 0.083 0.060 0.063 0.029 0.054 0.060 0.032 0.058 0.024 0.050 0.061 0.050 0.035 0.064 0.073 0.077 0.033 0.084 0.054 0.068 0.064 0.064 0.067 0.033 0.063 0.027 0.069 0.065 0.031 0.060 0.080 0.060 0.073 0.062 0.029 0.053 0.068 0.057 0.064 0.056 0.053 0.030 0.088 0.079 0.035 0.042 0.068 0.066 
0.034 0.062 0.068 0.071 0.072 0.058 0.024 0.065 0.055 0.063 0.058 0.050 0.034 0.049 0.062 0.031 0.049 0.056 0.053 0.027 0.057 0.059 0.061 0.059 0.074 0.028 0.069 0.055 0.065 0.065 0.055 0.036 0.056 0.072 0.069 0.036 0.049 0.021 0.059 0.063 0.058 0.051 0.033 0.062 0.064 0.065 0.048 0.028 0.060 0.068 0.059 0.028 0.036 0.027 0.069 0.072 0.067 0.078 0.039 0.070 
0.081 0.075 0.034 0.082 0.079 0.032 0.060 0.058 0.060 0.298 0.112 0.110 0.101 0.079 0.114 0.129 0.138 0.141 0.106 0.124 0.124 0.116 0.109 0.126 0.092 0.132 0.135 0.134 0.133 0.122 0.128 0.087 0.112 0.130 0.148 0.134 0.110 0.078 0.115 0.112 0.120 0.112 0.118 0.094 0.094 0.124 0.120 0.090 0.123 0.116 0.100 0.124 0.101 0.122 0.137 0.123 0.125 0.151 0.089 0.079 
0.134 0.131 0.134 0.146 0.125 0.122 0.098 0.119 0.071 0.130 0.092 0.101 0.154 0.094 0.109 0.075 0.109 0.106 0.123 0.090 0.130 0.116 0.127 0.125 0.114 0.128 0.129 0.109 0.126 0.110 0.131 0.102 0.140 0.145 0.112 0.082 0.097 0.117 0.123 0.092 0.112 0.105 0.114 0.096 0.105 0.083 0.106 0.107 0.134 0.116 0.115 0.114 0.128 0.129 0.114 0.122 0.127 0.116 0.144 0.122 
0.133 0.125 0.094 0.147 0.135 0.099 0.083 0.132 0.109 0.133 0.081 0.114 0.129 0.109 0.118 0.112 0.112 0.084 0.114 0.122 0.111 0.112 0.095 0.116 0.131 0.110 0.122 0.132 0.129 0.093 0.111 0.122 0.109 0.130 0.089 0.125 0.116 0.142 0.118 0.132 0.116 0.116 0.104 0.104 0.078 0.097 0.115 0.113 0.129 0.117 0.098 0.118 0.109 0.111 0.119 0.125 0.116 0.149 0.162 0.149 
0.134 0.104 0.110 0.133 0.134 0.145 0.115 0.095 0.104 0.133 0.098 0.112 0.130 0.103 0.103 0.098 0.125 0.072 0.122 0.111 0.130 0.085 0.112 0.121 0.127 0.096 0.142 0.135 0.142 0.128 0.129 0.103 0.148 0.150 0.145 0.144 0.074 0.109 0.123 0.113 0.098 0.121 0.107 0.149 0.185 0.129 0.127 0.132 0.101 0.125 0.136 0.082 0.145 0.140 0.130 0.156 0.118 0.096 0.117 0.122 
0.126 0.124 0.128 0.112 0.155 0.133 0.124 0.095 0.108 0.125 0.118 0.107 0.135 0.099 0.105 0.116 0.118 0.120 0.108 0.086 0.110 0.125 0.111 0.117 0.114 0.095 0.142 0.128 0.138 0.116 0.122 0.147 0.103 0.132 0.121 0.132 0.105 0.113 0.114 0.113 0.104 0.098 0.092 0.098 0.098 0.121 0.114 0.119 0.109 0.108 0.126 0.072 0.093 0.124 0.140 0.100 0.126 0.084 0.123 0.102 
0.134 0.130 0.125 0.166 0.115 0.145 0.083 0.122 0.124 0.117 0.122 0.102 0.120 0.101 0.066 0.118 0.079 0.114 0.097 0.109 0.133 0.103 0.111 0.105 0.130 0.140 0.107 0.134 0.136 0.137 0.123 0.133 0.125 0.116 0.111 0.081 0.118 0.127 0.097 0.116 0.116 0.104 0.138 0.104 0.105 0.086 0.119 0.106 0.078 0.126 0.309 0.096 0.119 0.123 0.122 0.110 0.149 0.124 0.107 0.125 
0.114 0.142 0.131 0.123 0.127 0.128 0.118 0.103 0.101 0.077 0.099 0.102 0.118 0.071 0.071 0.114 0.109 0.106 0.103 0.103 0.123 0.109 0.097 0.118 0.111 0.131 0.127 0.109 0.093 0.079 0.132 0.107 0.122 0.095 0.119 0.129 0.110 0.120 0.091 0.115 0.118 0.104 0.129 0.108 0.098 0.126 0.106 0.094 0.085 0.110 0.136 0.124 0.083 0.075 0.122 0.136 0.115 0.110 0.098 0.135 
0.142 0.124 0.116 0.110 0.123 0.116 0.104 0.069 0.115 0.118 0.074 0.121 0.090 0.110 0.109 0.081 0.102 0.091 0.105 0.102 0.106 0.117 0.129 0.073 0.117 0.114 0.087 0.106 0.106 0.112 0.136 0.119 0.132 0.092 0.127 0.132 0.094 0.128 0.100 0.085 0.073 0.105 0.128 0.101 0.104 0.118 0.113 0.072 0.098 0.127 0.126 0.139 0.091 0.110 0.123 0.126 0.096 0.113 0.109 0.112 
0.113 0.112 0.073 0.116 0.095 0.129 0.118 0.109 0.100 0.099 0.074 0.091 0.107 0.095 0.081 0.109 0.105 0.097 0.099 0.101 0.083 0.118 0.083 0.100 0.093 0.117 0.124 0.115 0.083 0.114 0.121 0.106 0.113 0.128 0.107 0.120 0.101 0.094 0.091 0.115 0.107 0.083 0.072 -0.024 0.106 0.101 0.094 0.102 0.095 0.129 0.067 0.088 0.091 0.098 0.119 0.101 0.116 0.075 0.091 0.090 
0.083 0.083 0.088 0.067 0.112 0.104 0.068 0.060 0.099 0.098 0.078 0.081 0.086 0.082 0.055 0.080 0.053 0.082 0.088 0.089 0.086 0.050 0.076 0.076 0.089 0.068 0.078 0.075 0.070 0.080 0.077 0.073 0.065 0.063 0.034 0.067 0.066 0.059 0.070 0.057 0.060 0.070 0.038 0.086 0.073 0.066 0.077 0.062 0.070 0.063 0.061 0.067 0.071 0.044 0.058 0.050 0.047 0.010 0.043 0.041 
0.043 0.040 0.043 0.037 0.038 0.019 0.005 0.046 0.036 0.048 0.045 0.039 0.051 0.039 0.048 0.047 0.020 0.043 0.035 0.051 0.039 0.035 0.043 0.040 0.049 0.041 0.007 0.039 0.040 0.046 0.051 0.039 0.047 0.054 0.009 0.049 0.045 0.060 0.045 0.044 0.039 0.038 0.040 0.039 0.650 0.405 0.384 0.368 0.350 0.364 0.531 0.626 0.594 0.609 0.641 0.616 0.564 0.615 0.660 0.716 
0.704 0.566 0.565 0.498 0.415 0.597 0.610 0.607 0.612 0.608 0.592 0.591 0.605 0.730 0.748 0.057 0.040 0.041 0.002 0.009 0.040 0.039 0.042 0.033 0.038 0.038 0.040 0.037 0.015 0.026 0.042 0.009 0.037 0.040 0.040 0.040 0.040 0.002 0.040 0.041 0.048 0.036 0.034 0.006 0.011 0.044 0.040 0.006 0.039 0.038 0.036 0.037 -0.001 0.037 0.038 0.037 0.041 0.036 0.037 0.006 
0.006 0.006 -0.001 0.041 0.043 0.029 0.089 0.621 0.444 0.206 0.120 0.042 0.034 0.042 0.034 0.054 0.061 0.033 0.041 0.033 0.046 0.046 0.045 0.035 0.044 0.041 0.048 0.019 0.016 0.042 0.050 0.041 0.038 0.038 0.038 0.038 0.036 0.031 0.039 0.007 0.037 0.042 0.031 0.044 0.056 0.054 0.017 0.026 0.054 0.062 0.063 0.024 0.061 0.054 0.064 0.031 0.060 0.075 0.015 0.064 
0.051 0.035 0.063 0.026 0.037 0.025 0.063 0.029 0.049 0.019 0.044 0.058 0.061 0.041 0.033 0.025 0.073 0.058 0.047 0.056 0.027 0.034 0.028 0.060 0.063 0.073 0.065 0.064 0.056 0.020 0.018 0.039 0.054 0.031 0.060 0.049 0.059 0.037 0.031 0.023 0.015 0.021 0.026 0.023 0.038 0.048 0.056 0.068 0.022 0.058 0.065 0.020 0.057 0.055 0.028 0.066 0.031 0.028 0.022 0.055 
0.022 0.061 0.068 0.067 0.046 0.056 0.058 0.021 0.023 0.040 0.052 0.053 0.018 0.053 0.012 0.054 0.046 0.042 0.050 0.052 0.022 0.013 0.055 0.051 0.058 0.036 0.035 0.066 0.048 0.054 0.054 0.048 0.063 0.029 0.026 0.052 0.038 0.053 0.057 0.043 0.047 0.011 -0.026 0.029 0.032 0.034 0.064 0.051 0.067 0.034 0.032 0.039 0.019 0.059 0.062 0.057 0.107 0.046 0.033 0.060 
0.041 0.025 0.025 0.067 0.063 0.053 0.075 0.031 0.032 0.069 0.032 0.073 0.028 0.035 0.037 0.028 0.069 0.080 0.096 0.054 0.054 0.049 0.084 0.056 0.092 0.040 0.074 0.089 0.081 0.070 0.081 0.082 0.049 0.081 0.045 0.053 0.106 0.070 0.093 0.109 0.089 0.117 0.069 0.071 0.095 0.114 0.078 0.119 0.169 0.132 0.082 0.109 0.113 0.153 0.125 0.132 0.124 0.103 0.092 0.090 
0.122 0.100 0.131 0.104 0.131 0.103 0.107 0.116 0.117 0.094 0.098 0.106 0.091 0.093 0.113 0.110 0.136 0.084 0.135 0.121 0.111 0.124 0.115 0.139 0.126 0.142 0.109 0.109 0.115 0.081 0.137 0.119 0.094 0.147 0.136 0.137 0.134 0.154 0.165 0.126 0.125 0.138 0.127 0.124 0.121 0.117 0.083 0.150 0.191 0.170 0.156 0.104 0.158 0.128 0.150 0.134 0.127 0.164 0.131 0.130 
0.149 0.133 0.121 0.160 0.152 0.145 0.111 0.133 0.131 0.139 0.147 0.112 0.132 0.130 0.137 0.127 0.104 0.152 0.121 0.150 0.118 0.095 0.166 0.231 0.173 0.142 0.143 0.138 0.122 0.133 0.130 0.163 0.123 0.131 0.130 0.213 0.115 0.107 0.144 0.122 0.105 0.126 0.138 0.116 0.134 0.146 0.100 0.142 0.160 0.197 0.178 0.094 0.105 0.133 0.186 0.120 0.103 0.141 0.125 0.133 
0.138 0.130 0.097 0.117 0.173 0.103 0.098 0.132 0.158 0.139 0.159 0.113 0.092 0.120 0.136 0.162 0.118 0.124 0.123 0.155 0.083 0.155 0.148 0.132 0.146 0.136 0.099 0.121 0.124 0.145 0.118 0.122 0.149 0.136 0.151 0.117 0.123 0.089 0.148 0.135 0.171 0.154 0.134 0.148 0.139 0.136 0.142 0.162 0.133 0.145 0.102 0.132 0.137 0.190 0.124 0.134 0.114 0.127 0.096 0.148 
