0.298 0.257 0.284 0.323 0.306 0.287 0.269 0.251 0.250 0.244 0.283 0.301 0.274 0.232 0.230 0.242 0.251 0.282 0.314 0.253 0.255 0.242 0.291 0.305 0.221 0.263 0.261 0.273 0.304 0.223 0.262 0.245 0.234 0.283 0.239 0.246 0.239 0.212 0.220 0.196 0.270 0.219 0.270 0.280 0.248 0.243 0.258 0.220 0.307 0.276 0.252 0.254 0.268 0.265 0.225 0.275 0.273 0.249 0.308 0.273 
0.292 0.231 0.257 0.245 0.247 0.282 0.312 0.283 0.221 0.242 0.294 0.276 0.286 0.265 0.298 0.289 0.285 0.253 0.323 0.252 0.201 0.233 0.212 0.259 0.211 0.262 0.268 0.266 0.274 0.216 0.270 0.249 0.297 0.268 0.219 0.272 0.269 0.302 0.274 0.260 0.255 0.280 0.236 0.278 0.258 0.243 0.236 0.256 0.319 0.282 0.221 0.263 0.255 0.249 0.241 0.251 0.249 0.249 0.273 0.321 
0.271 0.273 0.284 0.255 0.217 0.255 0.285 0.261 0.278 0.263 0.275 0.274 0.278 0.248 0.321 0.249 0.249 0.254 0.310 0.322 0.302 0.264 0.223 0.219 0.236 0.313 0.226 0.282 0.272 0.241 0.238 0.237 0.308 0.278 0.326 0.246 0.280 0.210 0.258 0.316 0.246 0.301 0.280 0.311 0.245 0.204 0.274 0.273 0.300 0.247 0.254 0.274 0.287 0.246 0.270 0.239 0.238 0.258 0.270 0.265 
0.303 0.276 0.218 0.248 0.246 0.270 0.221 0.288 0.243 0.248 0.253 0.339 0.286 0.263 0.263 0.279 0.288 0.274 0.273 0.307 0.254 0.245 0.281 0.245 0.263 0.272 0.240 0.247 0.271 0.212 0.257 0.236 0.222 0.287 0.347 0.287 0.213 0.207 0.214 0.265 0.302 0.253 0.303 0.224 0.244 0.260 0.256 0.255 0.359 0.249 0.312 0.309 0.279 0.286 0.293 0.246 0.280 0.295 0.261 0.270 
0.285 0.232 0.278 0.345 0.274 0.260 0.250 0.270 0.232 0.257 0.268 0.292 0.266 0.283 0.247 0.268 0.306 0.289 0.294 0.213 0.265 0.263 0.221 0.267 0.264 0.279 0.342 0.290 0.297 0.273 0.266 0.254 0.349 0.299 0.253 0.224 0.180 0.302 0.232 0.257 0.251 0.242 0.225 0.219 0.211 0.245 0.225 0.243 0.276 0.330 0.239 0.256 0.250 0.239 0.295 0.244 0.229 0.299 0.262 0.314 
0.235 0.311 0.264 0.314 0.273 0.222 0.275 0.187 0.262 0.247 0.249 0.224 0.224 0.292 0.231 0.297 0.259 0.261 0.261 0.240 0.270 0.238 0.249 0.233 0.244 0.285 0.273 0.247 0.270 0.260 0.250 0.268 0.262 0.316 0.248 0.243 0.264 0.237 0.243 0.301 0.246 0.272 0.297 0.213 0.265 0.230 0.268 0.284 0.273 0.326 0.262 0.228 0.267 0.245 0.268 0.255 0.269 0.289 0.283 0.247 
0.238 0.266 0.256 0.305 0.245 0.465 0.305 0.292 0.289 0.323 0.289 0.291 0.352 0.357 0.334 0.357 0.313 0.381 0.339 0.344 0.359 0.316 0.296 0.257 0.318 0.303 0.285 0.247 0.320 0.294 0.258 0.288 0.276 0.302 0.303 0.232 0.270 0.229 0.305 0.308 0.305 0.264 0.301 0.292 0.289 0.228 0.279 0.230 0.322 0.324 0.264 0.357 0.339 0.365 0.384 0.384 0.417 0.335 0.326 0.372 
0.326 0.389 0.312 0.338 0.278 0.268 0.315 0.303 0.341 0.386 0.388 0.346 0.350 0.318 0.398 0.308 0.359 0.324 0.344 0.366 0.249 0.309 0.311 0.261 0.303 0.269 0.224 0.262 0.236 0.242 0.252 0.240 0.231 0.238 0.214 0.273 0.195 0.250 0.272 0.238 0.261 0.283 0.246 0.250 0.259 0.281 0.296 0.232 0.297 0.259 0.222 0.212 0.260 0.246 0.270 0.237 0.238 0.246 0.272 0.246 
0.278 0.249 0.210 0.272 0.230 0.232 0.244 0.206 0.215 0.236 0.225 0.260 0.269 0.250 0.259 0.250 0.305 0.277 0.298 0.252 0.242 0.216 0.250 0.261 0.229 0.216 0.250 0.268 0.239 0.224 0.255 0.203 0.279 0.290 0.217 0.258 0.225 0.245 0.274 0.258 0.283 0.242 0.268 0.215 0.224 0.264 0.249 0.275 0.274 0.289 0.228 0.259 0.233 0.224 0.249 0.264 0.298 0.311 0.242 0.268 
0.244 0.249 0.269 0.272 0.221 0.204 0.273 0.222 0.224 0.290 0.258 0.215 0.228 0.269 0.259 0.305 0.213 0.288 0.279 0.273 0.297 0.229 0.241 0.269 0.284 0.256 0.271 0.289 0.208 0.218 0.320 0.249 0.227 0.279 0.312 0.246 0.230 0.251 0.283 0.317 0.277 0.284 0.256 0.292 0.260 0.244 0.261 0.265 0.301 0.304 0.306 0.262 0.228 0.241 0.258 0.285 0.202 0.334 0.319 0.249 
0.310 0.287 0.274 0.271 0.287 0.269 0.267 0.275 0.248 0.370 0.262 0.305 0.313 0.264 0.247 0.246 0.273 0.264 0.395 0.328 0.302 0.298 0.299 0.288 0.287 0.305 0.274 0.302 0.325 0.338 0.283 0.299 0.293 0.257 0.274 0.289 0.265 0.264 0.262 0.295 0.280 0.253 0.289 0.337 0.326 0.284 0.259 0.279 0.297 0.327 0.274 0.261 0.261 0.268 0.295 0.235 0.277 0.312 0.268 0.246 
0.392 0.315 0.248 0.355 0.316 0.286 0.253 0.324 0.262 0.272 0.232 0.274 0.268 0.245 0.267 0.303 0.239 0.279 0.276 0.312 0.276 0.304 0.277 0.238 0.247 0.235 0.239 0.295 0.322 0.290 0.246 0.245 0.252 0.307 0.322 0.280 0.308 0.234 0.289 0.289 0.304 0.261 0.294 0.289 0.242 0.287 0.225 0.306 0.298 0.350 0.281 0.230 0.307 0.282 0.265 0.254 0.250 0.298 0.248 0.292 
0.264 0.316 0.266 0.279 0.281 0.288 0.283 0.255 0.283 0.288 0.245 0.259 0.262 0.251 0.251 0.227 0.247 0.247 0.268 0.275 0.229 0.254 0.264 0.243 0.241 0.301 0.275 0.272 0.240 0.236 0.259 0.228 0.254 0.232 0.276 0.290 0.316 0.255 0.276 0.309 0.237 0.249 0.337 0.291 0.254 0.276 0.398 0.290 0.339 0.263 0.285 0.326 0.370 0.306 0.288 0.279 0.265 0.261 0.298 0.251 
0.247 0.260 0.237 0.289 0.254 0.275 0.281 0.246 0.247 0.280 0.327 0.288 0.253 0.251 0.272 0.277 0.264 0.264 0.324 0.277 0.248 0.218 0.237 0.262 0.241 0.215 0.214 0.214 0.240 0.261 0.256 0.199 0.350 0.630 0.651 0.326 0.314 0.240 0.269 0.227 0.669 0.641 0.509 0.296 0.274 0.303 0.406 0.633 0.689 0.405 0.251 0.264 0.289 0.382 0.606 0.619 0.273 0.293 0.266 0.280 
0.502 0.635 0.515 0.302 0.405 0.250 0.473 0.547 0.615 0.238 0.252 0.252 0.247 0.276 0.250 0.254 0.235 0.262 0.313 0.244 0.214 0.215 0.227 0.245 0.258 0.248 0.269 0.202 0.228 0.228 0.294 0.193 0.239 0.228 0.230 0.275 0.167 0.220 0.226 0.245 0.280 0.297 0.250 0.192 0.217 0.237 0.240 0.260 0.236 0.260 0.254 0.235 0.234 0.217 0.193 0.211 0.252 0.203 0.226 0.193 
0.200 0.176 0.264 0.269 0.261 0.221 0.256 0.235 0.223 0.242 0.225 0.242 0.255 0.274 0.204 0.225 0.255 0.252 0.207 0.311 0.224 0.258 0.216 0.216 0.188 0.273 0.224 0.246 0.225 0.200 0.249 0.261 0.194 0.221 0.196 0.201 0.220 0.212 0.238 0.227 0.253 0.227 0.207 0.259 0.224 0.242 0.212 0.257 0.189 0.227 0.266 0.253 0.247 0.242 0.236 0.238 0.194 0.255 0.215 0.213 
0.237 0.261 0.190 0.220 0.245 0.208 0.285 0.231 0.190 0.241 0.247 0.249 0.236 0.274 0.235 0.216 0.244 0.232 0.268 0.257 0.268 0.208 0.206 0.213 0.233 0.243 0.257 0.217 0.207 0.216 0.199 0.235 0.227 0.221 0.191 0.199 0.200 0.266 0.241 0.226 0.296 0.233 0.200 0.183 0.256 0.198 0.201 0.208 0.232 0.276 0.237 0.233 0.240 0.203 0.219 0.217 0.245 0.235 0.020 0.325 
0.213 0.183 0.221 0.185 0.267 0.230 0.225 0.194 0.206 0.242 0.204 0.232 0.214 0.210 0.187 0.187 0.214 0.224 0.204 0.191 0.234 0.200 0.155 0.209 0.180 0.232 0.239 0.199 0.233 0.228 0.221 0.204 0.166 0.191 0.168 0.167 0.151 0.175 0.170 0.158 0.180 0.191 0.163 0.209 0.150 0.181 0.177 0.183 0.171 0.135 0.167 0.164 0.170 0.170 0.174 0.170 0.172 0.188 0.168 0.181 
0.174 0.152 0.192 0.168 0.160 0.204 0.185 0.209 0.168 0.180 0.193 0.167 0.202 0.165 0.212 0.179 0.157 0.134 0.154 0.153 0.157 0.162 0.164 0.154 0.151 0.140 0.147 0.161 0.147 0.154 0.167 0.157 0.168 0.145 0.187 0.169 0.180 0.197 0.145 0.162 0.147 0.167 0.138 0.160 0.160 0.161 0.165 0.135 0.161 0.144 0.135 0.148 0.155 0.155 0.150 0.119 0.160 0.171 0.156 0.647 
0.408 0.429 0.436 0.428 0.432 0.390 0.431 0.410 0.664 0.630 0.643 0.632 0.609 0.611 0.619 0.595 0.600 0.615 0.605 0.676 0.693 0.458 0.349 0.364 0.366 0.379 0.400 0.413 0.445 0.502 0.614 0.623 0.631 0.619 0.663 0.642 0.639 0.657 0.632 0.615 0.618 0.674 0.684 0.607 0.194 0.188 0.295 0.432 0.354 0.421 0.428 0.471 0.502 0.589 0.615 0.542 0.562 0.546 0.139 0.173 
0.229 0.647 0.506 0.863 0.593 0.655 0.713 0.622 0.544 0.879 0.971 0.969 0.962 0.926 0.937 0.859 0.968 0.993 0.985 0.952 0.942 0.945 0.924 0.897 0.890 0.831 0.717 0.666 0.248 0.147 0.196 0.492 0.681 0.717 0.562 0.756 0.754 0.602 0.411 0.846 0.854 0.239 0.689 0.662 0.513 0.154 0.562 0.683 0.697 0.713 0.681 0.469 0.490 0.843 0.350 0.156 0.140 0.280 0.116 0.169 
0.126 0.132 0.138 0.121 0.126 0.109 0.134 0.118 0.142 0.176 0.151 0.386 0.672 0.578 0.540 0.604 0.648 0.504 0.611 0.635 0.491 0.122 0.139 0.532 0.646 0.659 0.658 0.658 0.655 0.663 0.662 0.656 0.670 0.662 0.673 0.669 0.664 0.673 0.662 0.658 0.658 0.671 0.661 0.670 0.670 0.675 0.675 0.669 0.668 0.363 0.148 0.198 0.613 0.666 0.625 0.666 0.675 0.680 0.706 0.676 
0.633 0.666 0.670 0.678 0.672 0.682 0.666 0.679 0.660 0.670 0.676 0.699 0.666 0.691 0.678 0.694 0.676 0.698 0.684 0.679 0.683 0.685 0.701 0.668 0.683 0.699 0.690 0.674 0.693 0.684 0.695 0.692 0.705 0.683 0.695 0.686 0.692 0.683 0.679 0.684 0.691 0.694 0.694 0.704 0.673 0.693 0.699 0.725 0.711 0.710 0.702 0.717 0.691 0.707 0.711 0.708 0.726 0.745 0.725 0.702 
0.619 0.224 0.210 0.240 0.199 0.218 0.197 0.165 0.223 0.213 0.249 0.263 0.219 0.239 0.196 0.210 0.262 0.260 0.275 0.187 0.160 0.188 0.214 0.215 0.214 0.225 0.252 0.283 0.253 0.263 0.218 0.203 0.239 0.199 0.254 0.211 0.199 0.257 0.217 0.236 0.235 0.288 0.258 0.186 0.238 0.215 0.227 0.253 0.239 0.244 0.233 0.248 0.220 0.257 0.237 0.197 0.279 0.258 0.316 0.279 
