0.235 0.232 0.186 0.186 0.181 0.190 0.202 0.194 0.248 0.219 0.248 0.250 0.253 0.220 0.250 0.257 0.229 0.228 0.182 0.208 0.212 0.205 0.215 0.216 0.195 0.214 0.234 0.192 0.243 0.172 0.215 0.210 0.210 0.203 0.194 0.268 0.239 0.231 0.196 0.203 0.222 0.205 0.201 0.246 0.246 0.210 0.246 0.177 0.237 0.165 0.176 0.148 0.223 0.283 0.150 0.226 0.244 0.210 0.383 0.272 
0.265 0.302 0.275 0.230 0.213 0.260 0.242 0.281 0.268 0.342 0.315 0.255 0.249 0.298 0.214 0.210 0.253 0.203 0.281 0.251 0.160 0.190 0.204 0.237 0.232 0.222 0.226 0.281 0.341 0.293 0.319 0.351 0.330 0.298 0.275 0.303 0.247 0.259 0.266 0.236 0.261 0.325 0.346 0.338 0.332 0.323 0.308 0.252 0.255 0.249 0.260 0.247 0.275 0.264 0.280 0.214 0.183 0.168 0.155 0.217 
0.192 0.245 0.228 0.164 0.149 0.204 0.205 0.201 0.218 0.234 0.191 0.245 0.219 0.221 0.233 0.266 0.221 0.219 0.236 0.165 0.216 0.205 0.188 0.230 0.237 0.220 0.211 0.204 0.231 0.175 0.220 0.213 0.180 0.191 0.248 0.243 0.167 0.218 0.251 0.239 0.235 0.208 0.172 0.201 0.210 0.187 0.256 0.260 0.191 0.218 0.177 0.223 0.196 0.261 0.214 0.202 0.191 0.185 0.179 0.245 
0.229 0.315 0.417 0.288 0.240 0.250 0.268 0.304 0.281 0.248 0.262 0.325 0.286 0.317 0.262 0.305 0.297 0.332 0.272 0.204 0.268 0.239 0.299 0.252 0.261 0.267 0.253 0.259 0.245 0.248 0.184 0.269 0.259 0.219 0.220 0.235 0.215 0.217 0.230 0.200 0.221 0.280 0.183 0.230 0.268 0.206 0.216 0.287 0.225 0.218 0.312 0.360 0.331 0.349 0.354 0.345 0.362 0.271 0.346 0.308 
0.318 0.243 0.250 0.230 0.295 0.286 0.278 0.343 0.292 0.331 0.326 0.320 0.339 0.522 0.336 0.252 0.303 0.270 0.292 0.259 0.226 0.281 0.206 0.289 0.272 0.226 0.223 0.181 0.182 0.169 0.237 0.239 0.184 0.226 0.180 0.171 0.178 0.201 0.198 0.190 0.211 0.212 0.189 0.235 0.180 0.204 0.212 0.224 0.218 0.301 0.138 0.155 0.223 0.197 0.225 0.198 0.229 0.183 0.177 0.212 
0.187 0.247 0.232 0.203 0.214 0.178 0.210 0.222 0.227 0.237 0.237 0.175 0.210 0.366 0.206 0.223 0.230 0.199 0.214 0.224 0.201 0.203 0.163 0.232 0.267 0.228 0.202 0.163 0.224 0.206 0.212 0.216 0.212 0.179 0.168 0.194 0.162 0.174 0.174 0.190 0.208 0.161 0.186 0.204 0.250 0.202 0.206 0.268 0.217 0.188 0.167 0.226 0.187 0.223 0.188 0.165 0.177 0.191 0.233 0.216 
0.183 0.252 0.203 0.136 0.124 0.216 0.176 0.155 0.246 0.189 0.217 0.202 0.119 0.213 0.208 0.228 0.245 0.205 0.194 0.178 0.175 0.163 0.177 0.195 0.196 0.215 0.201 0.168 0.205 0.215 0.170 0.214 0.210 0.245 0.229 0.172 0.185 0.170 0.176 0.228 0.171 0.199 0.143 0.235 0.207 0.178 0.249 0.190 0.214 0.308 0.221 0.183 0.146 0.277 0.204 0.182 0.207 0.284 0.182 0.173 
0.211 0.218 0.212 0.170 0.292 0.200 0.215 0.176 0.224 0.177 0.252 0.135 0.187 0.161 0.153 0.204 0.221 0.238 0.145 0.147 0.132 0.173 0.164 0.181 0.176 0.185 0.157 0.161 0.189 0.176 0.197 0.223 0.187 0.181 0.183 0.162 0.155 0.147 0.169 0.163 0.191 0.173 0.124 0.158 0.172 0.171 0.205 0.191 0.155 0.210 0.218 0.124 0.151 0.167 0.165 0.158 0.160 0.186 0.164 0.222 
0.166 0.181 0.216 0.168 0.187 0.209 0.179 0.155 0.240 0.176 0.135 0.198 0.152 0.155 0.121 0.184 0.186 0.173 0.157 0.175 0.209 0.185 0.177 0.165 0.148 0.171 0.160 0.170 0.153 0.198 0.217 0.184 0.179 0.191 0.222 0.185 0.246 0.209 0.126 0.156 0.161 0.189 0.178 0.144 0.198 0.145 0.136 0.164 0.162 0.171 0.172 0.183 0.137 0.146 0.237 0.144 0.176 0.154 0.131 0.156 
0.159 0.213 0.164 0.142 0.203 0.189 0.172 0.125 0.129 0.125 0.150 0.200 0.113 0.171 0.172 0.206 0.133 0.174 0.150 0.163 0.136 0.125 0.151 0.133 0.153 0.165 0.147 0.191 0.178 0.161 0.143 0.183 0.167 0.170 0.169 0.145 0.150 0.167 0.136 0.182 0.218 0.152 0.143 0.150 0.138 0.140 0.138 0.165 0.125 0.180 0.239 0.148 0.180 0.147 0.148 0.196 0.168 0.150 0.113 0.151 
0.166 0.153 0.192 0.142 0.182 0.139 0.180 0.155 0.124 0.179 0.106 -0.057 0.258 0.128 0.101 0.138 0.150 0.209 0.115 0.088 0.110 0.149 0.141 0.123 0.140 0.125 0.124 0.119 0.134 0.112 0.145 0.148 0.160 0.134 0.105 0.131 0.129 0.095 0.143 0.114 0.137 0.143 0.115 0.135 0.131 0.120 0.087 0.105 0.167 0.148 0.149 0.107 0.061 0.148 0.096 0.093 0.087 0.126 0.125 0.102 
0.117 0.093 0.135 0.075 0.085 0.086 0.089 0.050 0.143 0.078 0.103 0.097 0.086 0.082 0.120 0.050 0.067 0.097 0.080 0.137 0.071 0.077 0.093 0.081 0.096 0.073 0.127 0.070 0.043 0.103 0.123 0.079 0.068 0.072 0.070 0.054 0.061 0.059 0.058 0.069 0.041 0.069 0.060 0.075 0.070 0.045 0.080 0.069 0.083 0.071 0.024 0.075 0.090 0.058 0.096 0.049 0.062 0.057 0.084 0.082 
0.105 0.074 0.065 0.061 0.065 0.048 0.061 0.080 0.061 0.121 0.100 0.046 0.578 0.331 0.333 0.314 0.313 0.325 0.375 0.332 0.436 0.570 0.559 0.546 0.561 0.508 0.537 0.566 0.526 0.513 0.557 0.544 0.558 0.510 0.580 0.578 0.580 0.568 0.408 0.263 0.307 0.365 0.352 0.373 0.445 0.489 0.575 0.550 0.517 0.506 0.509 0.483 0.552 0.523 0.518 0.496 0.534 0.509 0.525 0.544 
0.505 0.581 0.558 0.537 0.100 0.085 0.357 0.384 0.386 0.402 0.362 0.486 0.577 0.544 0.458 0.649 0.865 0.704 0.835 0.220 0.028 0.515 0.716 0.810 0.707 0.814 0.823 0.442 0.903 0.903 0.893 0.869 0.847 0.853 0.825 0.792 0.822 0.639 0.635 0.649 0.738 0.633 0.649 0.660 0.291 0.523 0.136 0.281 0.406 0.665 0.598 0.729 0.683 0.437 0.458 0.790 0.833 0.627 0.475 0.524 
0.645 0.640 0.683 0.605 0.533 0.479 0.751 0.142 0.064 0.065 0.439 0.573 0.554 0.576 0.569 0.513 0.561 0.560 0.372 0.053 0.048 0.256 0.542 0.575 0.577 0.588 0.573 0.561 0.580 0.588 0.581 0.583 0.580 0.581 0.578 0.576 0.572 0.568 0.573 0.578 0.576 0.579 0.563 0.570 0.570 0.564 0.578 0.586 0.209 0.065 0.234 0.573 0.583 0.581 0.598 0.600 0.584 0.576 0.589 0.608 
0.598 0.592 0.585 0.596 0.582 0.605 0.578 0.592 0.579 0.587 0.583 0.594 0.581 0.564 0.579 0.600 0.593 0.592 0.590 0.592 0.596 0.598 0.595 0.602 0.593 0.621 0.594 0.585 0.592 0.591 0.614 0.598 0.617 0.601 0.607 0.591 0.600 0.595 0.599 0.589 0.613 0.588 0.603 0.575 0.605 0.590 0.597 0.581 0.599 0.586 0.603 0.592 0.592 0.728 0.575 0.595 0.587 0.615 0.589 0.347 
0.124 0.047 0.042 0.046 0.022 0.046 0.067 0.037 0.144 0.030 0.077 0.070 0.053 0.047 0.038 0.057 0.039 0.054 0.045 0.048 0.091 0.092 0.074 0.142 0.043 0.110 0.067 0.207 0.221 0.050 0.228 0.154 0.198 0.078 0.074 0.080 0.042 0.066 0.023 0.103 0.127 0.065 0.126 0.057 0.061 0.103 0.057 0.088 0.070 0.083 0.134 0.104 0.215 0.154 0.108 0.105 0.074 0.095 0.087 0.130 
0.176 0.126 0.090 0.078 0.085 0.084 0.103 0.109 0.121 0.195 0.137 0.143 0.204 0.135 0.165 0.110 0.137 0.098 0.075 0.106 0.174 0.257 0.132 0.234 0.167 0.228 0.172 0.149 0.123 0.146 0.176 0.224 0.124 0.172 0.128 0.111 0.122 0.154 0.165 0.165 0.100 0.134 0.143 0.098 0.116 0.148 0.149 0.124 0.170 0.129 0.130 0.181 0.114 0.132 0.174 0.164 0.176 0.156 0.174 0.173 
0.172 0.149 0.186 0.175 0.196 0.150 0.202 0.173 0.161 0.141 0.165 0.148 0.130 0.156 0.133 0.135 0.150 0.226 0.157 0.078 0.151 0.178 0.192 0.148 0.143 0.166 0.156 0.136 0.159 0.154 0.168 0.185 0.128 0.102 0.139 0.150 0.143 0.137 0.096 0.198 0.181 0.092 0.165 0.146 0.180 0.094 0.144 0.152 0.132 0.122 0.170 0.153 0.191 0.189 0.157 0.159 0.172 0.101 0.179 0.170 
0.148 0.167 0.178 0.143 0.195 0.142 0.178 0.129 0.146 0.174 0.142 0.106 0.173 0.154 0.133 0.123 0.133 0.087 0.143 0.098 0.123 0.190 0.170 0.218 0.130 0.182 0.160 0.172 0.135 0.156 0.190 0.162 0.127 0.126 0.124 0.132 0.138 0.112 0.106 0.110 0.168 0.141 0.173 0.170 0.121 0.113 0.118 0.126 0.123 0.093 0.143 0.114 0.188 0.168 0.158 0.150 0.123 0.158 0.115 0.161 
0.173 0.153 0.118 0.172 0.121 0.134 0.174 0.150 0.124 0.131 0.174 0.175 0.175 0.136 0.136 0.090 0.125 0.150 0.168 0.168 0.160 0.148 0.139 0.161 0.182 0.187 0.143 0.153 0.147 0.203 0.155 0.183 0.072 0.105 0.191 0.108 0.167 0.117 0.148 0.162 0.149 0.146 0.151 0.178 0.086 0.159 0.190 0.126 0.167 0.124 0.165 0.151 0.155 0.157 0.169 0.197 0.108 0.178 0.140 0.145 
0.204 0.166 0.123 0.126 0.171 0.111 0.122 0.177 0.174 0.174 0.138 0.160 0.146 0.162 0.166 0.158 0.111 0.177 0.129 0.145 0.167 0.151 0.176 0.152 0.180 0.201 0.121 0.220 0.175 0.135 0.188 0.168 0.146 0.135 0.148 0.129 0.162 0.132 0.103 0.166 0.144 0.150 0.136 0.171 0.123 0.129 0.118 0.123 0.122 0.119 0.142 0.146 0.146 0.178 0.158 0.111 0.138 0.153 0.166 0.158 
0.192 0.172 0.147 0.109 0.132 0.131 0.146 0.119 0.129 0.143 0.160 0.118 0.125 0.198 0.134 0.149 0.163 0.151 0.143 0.136 0.186 0.187 0.220 0.185 0.153 0.202 0.121 0.222 0.204 0.175 0.158 0.206 0.131 0.104 0.131 0.155 0.140 0.156 0.148 0.194 0.188 0.155 0.204 0.166 0.144 0.112 0.159 0.138 0.090 0.125 0.159 0.150 0.169 0.124 0.108 0.129 0.128 0.145 0.128 0.134 
0.125 0.147 0.124 0.075 0.165 0.126 0.153 0.164 0.129 0.163 0.111 0.121 0.170 0.177 0.157 0.157 0.193 0.162 0.140 0.110 0.146 0.134 0.132 0.117 0.134 0.164 0.124 0.145 0.150 0.167 0.139 0.163 0.147 0.107 0.121 0.151 0.128 0.167 0.147 0.109 0.150 0.089 0.132 0.095 0.133 0.103 0.109 0.149 0.118 0.126 0.144 0.142 0.151 0.143 0.121 0.169 0.145 0.230 0.144 0.164 
