0.025 0.045 0.039 0.029 0.019 -0.006 0.041 0.046 -0.007 0.008 -0.007 -0.012 0.025 0.021 0.025 0.025 0.021 0.038 0.025 0.028 0.035 0.038 0.001 0.027 -0.012 0.040 0.019 0.001 0.034 -0.014 -0.004 0.047 0.044 -0.012 0.030 0.021 0.040 0.007 0.026 0.004 0.011 0.024 0.020 0.020 -0.003 -0.013 0.036 -0.008 0.013 0.030 -0.012 -0.004 0.063 0.014 0.025 0.033 0.016 -0.020 0.021 0.027 
0.004 0.044 0.039 0.036 0.034 0.022 -0.003 0.031 0.034 0.031 0.028 0.021 -0.011 0.025 -0.018 0.026 0.036 0.039 0.019 0.025 -0.000 0.026 -0.010 0.034 0.017 -0.013 -0.014 0.021 0.017 0.032 0.027 0.028 -0.000 0.017 0.034 0.024 -0.002 0.058 0.326 0.695 0.702 0.693 0.712 0.631 0.076 0.022 0.023 0.035 0.016 0.006 0.019 0.038 -0.002 0.010 0.009 0.018 0.020 0.029 0.003 0.029 
0.014 0.012 0.021 0.019 0.019 -0.002 0.021 0.022 0.024 -0.009 0.019 0.011 -0.010 0.020 0.026 -0.000 0.004 0.027 0.014 -0.014 0.027 0.017 0.013 0.010 0.019 0.024 0.010 -0.013 0.012 -0.003 0.010 0.016 0.027 0.017 0.024 0.023 0.024 -0.011 0.032 0.016 -0.024 0.016 -0.015 0.018 0.050 0.009 0.036 0.072 0.049 0.027 0.024 0.017 0.050 0.041 0.050 0.019 0.054 0.016 0.012 0.044 
0.052 0.039 -0.006 0.013 -0.025 -0.015 0.025 0.000 0.014 0.009 0.013 0.008 0.010 0.018 0.019 -0.012 0.018 0.012 0.010 -0.009 0.017 0.011 0.025 -0.010 0.011 -0.011 0.022 0.022 0.008 0.031 -0.023 0.002 0.032 0.029 0.030 0.032 -0.007 -0.002 0.041 -0.019 -0.011 0.062 0.025 -0.016 0.011 0.019 0.025 0.020 0.016 0.010 -0.016 -0.023 -0.005 -0.009 0.006 -0.003 0.017 0.018 0.007 -0.004 
-0.005 0.004 -0.012 -0.025 0.009 0.013 0.041 0.030 0.024 0.016 0.001 0.020 -0.019 0.017 -0.022 0.005 0.046 0.002 0.016 0.011 0.022 0.015 0.010 -0.005 -0.000 0.016 0.014 0.011 -0.011 0.016 -0.022 0.002 0.016 -0.018 0.029 0.009 0.020 0.002 0.044 0.023 0.019 0.015 0.018 -0.023 0.013 0.002 0.021 -0.003 -0.020 0.021 0.015 0.011 -0.002 0.010 0.008 -0.017 -0.006 0.008 0.024 -0.014 
0.015 0.028 0.026 0.014 0.008 -0.011 -0.016 0.042 0.022 0.004 0.009 -0.028 0.009 0.011 0.027 0.020 0.024 -0.003 0.015 0.014 0.001 0.006 0.018 -0.005 0.008 0.008 0.011 -0.022 0.006 0.011 0.030 -0.001 0.019 0.010 0.007 0.005 0.016 -0.004 0.006 0.011 0.006 0.013 0.016 -0.013 -0.021 0.003 0.048 -0.013 0.005 0.018 0.005 0.020 -0.015 0.007 0.007 -0.012 0.001 0.011 0.009 0.005 
0.006 0.008 -0.019 0.009 0.001 0.008 0.003 -0.025 0.018 0.006 0.015 -0.026 0.010 0.016 0.004 0.015 -0.007 0.037 0.006 -0.000 -0.015 -0.007 0.020 0.016 -0.010 0.007 -0.004 0.014 0.009 0.029 -0.011 0.036 0.023 -0.030 0.007 0.006 0.019 -0.006 -0.016 0.019 0.003 0.002 0.017 -0.031 0.017 0.008 -0.005 0.007 0.019 0.026 -0.025 0.009 0.009 0.020 0.038 -0.020 -0.024 -0.001 0.023 0.013 
-0.022 0.015 0.003 0.020 0.010 -0.007 0.013 0.017 0.016 -0.018 0.017 0.006 -0.007 -0.012 -0.016 0.001 0.018 0.015 0.016 -0.013 0.008 0.009 0.006 -0.024 0.028 -0.007 0.002 0.007 0.016 -0.019 0.015 -0.022 -0.015 0.010 0.004 0.006 0.026 0.025 -0.026 0.030 0.005 -0.012 0.017 0.006 0.008 0.029 0.037 0.003 0.023 -0.013 -0.020 0.014 -0.022 0.011 0.014 -0.026 0.025 0.018 -0.021 0.013 
0.008 0.035 -0.027 0.007 0.013 0.010 -0.025 -0.028 0.003 0.024 -0.028 0.010 0.010 0.011 0.001 -0.011 0.034 0.021 0.013 -0.019 0.012 -0.000 0.008 -0.029 -0.016 0.021 -0.017 -0.002 -0.002 -0.012 0.003 0.006 0.014 -0.013 0.005 -0.001 0.013 0.004 -0.025 0.022 -0.015 -0.034 -0.040 -0.002 -0.002 -0.018 0.031 0.015 -0.031 0.004 0.009 -0.029 0.004 0.015 -0.023 0.010 0.007 -0.020 0.011 -0.034 
-0.019 0.006 0.005 -0.018 0.005 0.007 -0.004 -0.028 0.003 0.026 -0.023 0.007 0.007 0.006 0.002 0.002 -0.032 -0.011 -0.027 0.005 -0.000 -0.029 0.008 0.010 -0.023 -0.001 0.006 0.007 -0.003 -0.008 -0.026 0.007 0.004 0.013 0.001 -0.027 -0.032 0.003 -0.022 0.012 0.008 0.010 -0.030 -0.000 0.004 0.004 0.016 -0.023 -0.012 0.008 -0.008 0.003 -0.024 -0.031 0.006 -0.016 -0.001 0.002 -0.038 0.001 
-0.005 0.000 0.014 -0.008 -0.008 -0.001 0.022 -0.034 -0.000 0.004 -0.021 -0.013 -0.010 0.007 -0.038 -0.005 0.001 -0.014 -0.012 -0.014 -0.007 -0.005 -0.047 -0.038 -0.010 -0.004 -0.008 -0.011 -0.009 -0.016 -0.040 -0.004 -0.035 -0.010 -0.046 -0.007 -0.011 0.004 0.002 -0.033 0.015 -0.007 -0.008 -0.050 -0.010 -0.004 -0.002 -0.005 -0.038 -0.032 -0.015 -0.002 -0.011 -0.031 0.149 -0.001 -0.007 -0.003 -0.004 -0.027 
-0.013 -0.010 0.009 0.085 0.001 -0.009 0.050 0.054 0.080 0.070 -0.005 -0.034 -0.018 -0.010 -0.018 0.179 0.038 0.054 0.042 0.048 0.055 0.052 0.015 0.049 0.068 0.045 0.043 0.013 0.062 0.046 0.071 0.054 0.067 0.060 0.044 0.089 0.060 0.054 0.061 0.055 0.058 0.081 0.033 0.003 0.008 0.064 0.055 0.043 0.043 0.043 0.038 0.049 0.022 0.053 0.046 0.034 0.028 0.023 0.062 0.049 
0.038 0.060 0.054 0.030 0.044 0.029 0.136 0.177 0.199 0.165 0.163 0.182 0.131 0.125 0.127 0.125 0.132 0.049 0.068 0.109 0.068 0.056 0.079 0.051 0.148 0.142 0.185 0.188 0.201 0.153 0.143 0.141 0.145 0.102 0.128 0.082 0.074 0.039 0.063 0.057 0.036 0.039 0.037 0.054 0.026 0.028 0.045 0.028 0.024 0.058 0.049 0.007 0.047 0.033 0.049 0.062 0.046 0.004 0.004 -0.019 
-0.010 -0.007 -0.049 0.001 -0.006 -0.011 -0.008 -0.016 0.002 -0.028 -0.046 -0.026 -0.022 -0.012 -0.050 -0.048 -0.033 -0.017 -0.021 -0.060 0.000 -0.011 -0.020 -0.015 -0.019 -0.011 -0.030 -0.021 -0.050 -0.017 -0.013 -0.025 -0.014 -0.050 -0.023 -0.044 -0.021 -0.016 -0.025 -0.052 -0.014 -0.026 -0.028 -0.026 -0.025 -0.027 -0.051 -0.097 -0.007 -0.021 -0.033 -0.027 -0.033 0.010 -0.055 -0.028 -0.033 -0.028 -0.020 -0.021 
-0.014 -0.054 -0.017 -0.026 -0.027 -0.057 -0.029 -0.022 -0.033 -0.025 -0.021 -0.032 -0.017 -0.023 -0.052 -0.042 -0.024 -0.012 -0.018 -0.029 -0.057 -0.033 -0.020 -0.025 -0.036 -0.029 -0.033 -0.032 -0.053 -0.060 -0.027 -0.035 -0.023 -0.028 -0.065 -0.031 -0.060 -0.031 -0.028 -0.034 -0.028 -0.031 -0.021 -0.032 -0.036 -0.024 -0.069 -0.030 -0.027 -0.042 -0.033 -0.037 -0.033 -0.065 -0.071 -0.031 -0.037 -0.030 -0.026 -0.037 
-0.031 -0.028 -0.020 -0.031 -0.031 -0.027 -0.033 -0.026 -0.035 -0.031 -0.019 -0.040 -0.031 -0.072 -0.032 -0.033 -0.062 -0.032 -0.030 -0.034 -0.032 -0.037 -0.031 -0.044 -0.027 -0.033 -0.041 -0.037 -0.044 -0.034 -0.033 -0.032 -0.033 -0.034 -0.040 -0.036 -0.042 -0.065 -0.043 -0.067 -0.036 -0.043 -0.031 -0.037 -0.041 -0.037 -0.042 -0.037 0.504 0.241 0.256 0.261 0.259 0.241 0.244 0.235 0.314 0.609 0.515 0.528 
0.497 0.435 0.439 0.453 0.471 0.476 0.599 0.582 0.471 0.330 0.287 0.231 0.238 0.217 0.244 0.204 0.287 0.586 0.474 0.500 0.507 0.477 0.491 0.452 0.503 0.459 0.657 0.604 -0.046 -0.043 -0.045 -0.041 -0.040 -0.043 -0.039 -0.079 -0.042 -0.040 -0.042 -0.046 -0.066 -0.039 -0.045 -0.036 -0.039 -0.047 -0.038 -0.038 -0.044 -0.031 -0.046 -0.039 -0.045 -0.041 -0.040 -0.042 -0.038 -0.076 -0.037 -0.041 
-0.075 -0.068 -0.077 -0.073 -0.072 -0.048 -0.041 -0.047 -0.026 -0.038 -0.047 -0.040 -0.047 -0.043 -0.049 -0.043 -0.042 -0.045 -0.040 -0.060 -0.063 -0.042 0.247 0.438 0.297 0.069 -0.039 -0.044 -0.075 -0.050 -0.040 -0.040 -0.046 -0.070 -0.073 -0.042 -0.041 -0.044 -0.038 -0.074 -0.055 -0.043 -0.047 -0.042 -0.048 -0.072 -0.048 -0.077 -0.075 -0.077 -0.050 -0.082 -0.050 -0.082 -0.081 -0.083 -0.049 -0.051 -0.053 -0.052 
-0.048 -0.050 -0.080 -0.038 -0.047 -0.048 -0.072 -0.048 -0.084 -0.051 -0.082 -0.083 -0.083 -0.084 -0.049 -0.046 -0.083 -0.050 -0.052 -0.084 -0.052 -0.083 -0.083 -0.078 -0.083 -0.077 -0.051 -0.050 -0.048 -0.052 -0.044 -0.043 -0.070 -0.072 -0.040 -0.038 -0.071 -0.046 -0.075 -0.045 -0.083 -0.045 -0.082 -0.078 -0.051 -0.069 -0.047 -0.068 -0.047 -0.075 -0.083 -0.043 -0.081 -0.043 -0.048 -0.074 -0.080 -0.079 -0.045 -0.082 
-0.064 -0.082 -0.038 -0.049 -0.072 -0.043 -0.074 -0.068 -0.070 -0.079 -0.072 -0.050 -0.038 -0.079 -0.047 -0.057 -0.043 -0.080 -0.075 -0.076 -0.075 -0.048 -0.050 -0.041 -0.080 -0.074 -0.081 -0.076 -0.076 -0.039 -0.029 -0.039 -0.076 -0.032 -0.064 -0.028 -0.037 -0.029 -0.040 -0.071 -0.065 -0.046 -0.039 -0.032 -0.036 -0.021 -0.031 -0.026 -0.029 -0.055 -0.042 -0.036 -0.035 -0.043 -0.020 -0.029 -0.030 -0.066 -0.027 -0.023 
0.002 -0.048 -0.052 -0.009 -0.000 -0.063 -0.019 -0.028 -0.030 -0.034 -0.039 -0.046 -0.031 -0.060 -0.045 -0.007 -0.029 -0.020 -0.028 -0.035 -0.026 -0.075 -0.062 -0.044 -0.029 -0.045 -0.039 -0.023 -0.040 -0.035 -0.027 -0.029 -0.026 -0.038 -0.034 -0.042 -0.007 -0.071 -0.029 -0.033 -0.034 -0.027 -0.064 -0.035 -0.037 -0.054 -0.015 -0.018 -0.010 -0.023 -0.051 -0.025 -0.029 -0.024 -0.025 -0.012 -0.054 -0.020 -0.017 -0.018 
-0.029 -0.047 -0.023 -0.012 -0.027 -0.016 -0.017 -0.050 -0.013 -0.026 -0.017 -0.024 -0.037 -0.031 -0.064 -0.004 -0.028 -0.013 -0.051 -0.023 -0.064 -0.025 -0.022 -0.023 -0.014 -0.043 -0.063 -0.024 -0.041 -0.027 -0.012 -0.035 -0.039 -0.035 -0.068 -0.025 -0.032 -0.026 -0.038 -0.013 -0.045 -0.063 -0.046 -0.067 -0.038 -0.019 -0.013 -0.031 -0.054 -0.021 -0.035 -0.017 -0.059 -0.026 -0.005 -0.024 -0.059 -0.026 -0.024 -0.067 
-0.044 -0.018 -0.061 -0.029 -0.028 -0.030 -0.028 -0.024 -0.055 -0.025 -0.020 -0.041 -0.051 -0.062 -0.028 -0.026 -0.066 -0.063 -0.037 -0.025 -0.032 -0.040 -0.028 -0.069 -0.027 -0.035 -0.061 -0.031 -0.041 -0.059 -0.029 -0.025 -0.032 -0.024 -0.028 -0.062 -0.042 -0.027 -0.045 -0.054 -0.030 -0.014 -0.052 -0.038 -0.028 -0.032 -0.023 -0.060 -0.018 -0.020 -0.056 -0.073 -0.015 -0.028 -0.042 -0.041 -0.057 -0.030 -0.019 -0.064 
-0.017 -0.062 -0.033 -0.024 -0.034 -0.048 -0.027 -0.029 -0.024 -0.064 -0.063 -0.029 -0.027 -0.041 -0.066 0.165 0.065 0.012 0.031 0.049 0.004 0.057 0.056 0.047 -0.011 0.049 0.019 0.027 0.017 0.028 0.080 0.042 0.034 -0.000 0.033 0.018 0.081 0.065 0.034 0.056 0.049 0.005 0.037 0.041 0.013 0.047 0.012 0.037 0.032 0.068 0.029 0.030 0.019 0.061 0.018 0.016 0.071 0.011 0.038 0.037 
