0.252 0.252 0.251 0.238 0.253 0.246 0.279 0.234 0.253 0.239 0.247 0.263 0.230 0.248 0.258 0.260 0.219 0.275 0.257 0.211 0.225 0.251 0.259 0.261 0.248 0.233 0.245 0.270 0.233 0.243 0.227 0.226 0.266 0.261 0.259 0.241 0.263 0.235 0.228 0.228 0.247 0.280 0.249 0.254 0.243 0.252 0.253 0.208 0.245 0.258 0.253 0.248 0.246 0.231 0.233 0.238 0.237 0.271 0.250 0.266 
0.240 0.268 0.266 0.230 0.257 0.275 0.242 0.242 0.266 0.217 0.214 0.249 0.246 0.231 0.237 0.251 0.229 0.236 0.264 0.235 0.248 0.246 0.231 0.204 0.234 0.278 0.249 0.264 0.255 0.215 0.248 0.266 0.256 0.212 0.246 0.244 0.240 0.233 0.236 0.242 0.217 0.269 0.236 0.273 0.264 0.256 0.242 0.235 0.287 0.212 0.265 0.285 0.239 0.211 0.260 0.268 0.239 0.262 0.212 0.271 
0.243 0.208 0.248 0.275 0.210 0.264 0.255 0.229 0.246 0.252 0.271 0.207 0.242 0.212 0.220 0.230 0.262 0.250 0.236 0.197 0.237 0.274 0.239 0.244 0.249 0.224 0.222 0.243 0.256 0.212 0.198 0.245 0.256 0.243 0.216 0.260 0.270 0.235 0.237 0.233 0.222 0.219 0.243 0.250 0.205 0.247 0.222 0.212 0.236 0.236 0.245 0.224 0.206 0.231 0.247 0.218 0.228 0.210 0.230 0.238 
0.229 0.234 0.201 0.222 0.221 0.228 0.271 0.255 0.254 0.201 0.240 0.254 0.218 0.217 0.216 0.217 0.207 0.233 0.244 0.194 0.217 0.209 0.221 0.262 0.242 0.230 0.222 0.233 0.358 0.252 0.218 0.238 0.216 0.254 0.232 0.248 0.251 0.207 0.220 0.208 0.210 0.240 0.244 0.212 0.208 0.219 0.228 0.221 0.232 0.208 0.221 0.230 0.224 0.242 0.228 0.229 0.170 0.198 0.216 0.230 
0.215 0.192 0.230 0.238 0.207 0.251 0.233 0.225 0.223 0.239 0.197 0.251 0.238 0.244 0.205 0.195 0.217 0.213 0.241 0.232 0.250 0.196 0.210 0.203 0.220 0.217 0.209 0.224 0.224 0.214 0.180 0.242 0.232 0.259 0.216 0.235 0.228 0.223 0.211 0.207 0.214 0.235 0.248 0.219 0.207 0.224 0.252 0.236 0.186 0.234 0.236 0.219 0.206 0.213 0.232 0.218 0.198 0.221 0.235 0.226 
0.215 0.226 0.252 0.199 0.243 0.249 0.198 0.243 0.238 0.228 0.213 0.235 0.280 0.222 0.202 0.212 0.210 0.225 0.211 0.210 0.215 0.232 0.212 0.238 0.228 0.214 0.192 0.196 0.222 0.239 0.212 0.248 0.200 0.230 0.230 0.228 0.248 0.201 0.218 0.255 0.232 0.218 0.248 0.225 0.214 0.230 0.185 0.193 0.230 0.214 0.243 0.236 0.205 0.223 0.256 0.228 0.226 0.220 0.217 0.225 
0.229 0.233 0.247 0.209 0.196 0.238 0.212 0.222 0.230 0.224 0.196 0.245 0.246 0.205 0.198 0.218 0.179 0.184 0.216 0.202 0.213 0.081 0.200 0.212 0.211 0.201 0.212 0.251 0.188 0.202 0.208 0.198 0.191 0.208 0.215 0.234 0.221 0.212 0.206 0.217 0.176 0.164 0.196 0.210 0.233 0.198 0.198 0.202 0.206 0.222 0.170 0.222 0.240 0.215 0.229 0.195 0.214 0.181 0.204 0.216 
0.230 0.190 0.179 0.208 0.206 0.222 0.224 0.183 0.161 0.182 0.177 0.185 0.173 0.182 0.183 0.181 0.194 0.177 0.188 0.163 0.163 0.146 0.185 0.218 0.195 0.155 0.181 0.183 0.186 0.182 0.177 0.185 0.175 0.150 0.190 0.179 0.203 0.204 0.201 0.143 0.134 0.135 0.154 0.155 0.142 0.153 0.150 0.147 0.146 0.153 0.156 0.150 0.150 0.129 0.151 0.161 0.155 0.144 0.151 0.144 
0.148 0.154 0.143 0.125 0.139 0.149 0.120 0.149 0.149 0.143 0.154 0.150 0.144 0.150 0.147 0.154 0.151 0.164 0.150 0.145 0.148 0.144 0.709 0.511 0.476 0.481 0.492 0.477 0.457 0.643 0.768 0.667 0.720 0.666 0.655 0.692 0.702 0.656 0.681 0.864 0.879 0.661 0.538 0.513 0.476 0.464 0.476 0.533 0.708 0.694 0.695 0.636 0.703 0.680 0.694 0.718 0.697 0.814 0.705 0.146 
0.148 0.140 0.147 0.138 0.117 0.126 0.146 0.153 0.143 0.149 0.143 0.148 0.149 0.142 0.145 0.140 0.147 0.116 0.141 0.146 0.143 0.146 0.157 0.143 0.151 0.139 0.141 0.117 0.141 0.147 0.143 0.148 0.153 0.142 0.155 0.118 0.145 0.147 0.145 0.151 0.147 0.153 0.166 0.148 0.119 0.162 0.676 0.520 0.310 0.149 0.108 0.121 0.118 0.113 0.160 0.140 0.116 0.144 0.114 0.146 
0.141 0.112 0.115 0.147 0.118 0.144 0.155 0.141 0.156 0.118 0.112 0.117 0.113 0.150 0.149 0.114 0.132 0.122 0.146 0.147 0.140 0.149 0.144 0.146 0.108 0.107 0.142 0.144 0.114 0.147 0.112 0.151 0.143 0.143 0.156 0.109 0.116 0.142 0.110 0.112 0.146 0.140 0.109 0.138 0.111 0.108 0.109 0.139 0.141 0.145 0.110 0.109 0.108 0.138 0.144 0.111 0.111 0.148 0.111 0.114 
0.141 0.142 0.150 0.141 0.154 0.110 0.116 0.145 0.160 0.110 0.118 0.143 0.115 0.141 0.149 0.141 0.115 0.141 0.115 0.114 0.149 0.114 0.161 0.119 0.160 0.113 0.119 0.121 0.148 0.123 0.142 0.164 0.122 0.154 0.148 0.132 0.117 0.159 0.121 0.128 0.154 0.153 0.149 0.126 0.126 0.120 0.163 0.164 0.134 0.135 0.140 0.115 0.120 0.149 0.121 0.149 0.130 0.149 0.131 0.113 
0.121 0.113 0.123 0.126 0.138 0.157 0.159 0.120 0.127 0.155 0.170 0.162 0.141 0.124 0.119 0.129 0.116 0.123 0.123 0.150 0.167 0.165 0.137 0.153 0.154 0.131 0.158 0.163 0.162 0.168 0.168 0.181 0.178 0.139 0.188 0.144 0.145 0.145 0.187 0.185 0.177 0.201 0.176 0.163 0.165 0.165 0.171 0.163 0.144 0.179 0.182 0.145 0.164 0.173 0.163 0.135 0.166 0.171 0.166 0.157 
0.137 0.161 0.178 0.181 0.185 0.141 0.186 0.169 0.157 0.176 0.154 0.134 0.167 0.162 0.174 0.133 0.168 0.177 0.177 0.201 0.183 0.166 0.187 0.179 0.184 0.191 0.152 0.190 0.174 0.159 0.156 0.181 0.194 0.159 0.190 0.165 0.182 0.172 0.141 0.163 0.188 0.188 0.150 0.179 0.177 0.176 0.159 0.168 0.162 0.175 0.174 0.180 0.189 0.145 0.178 0.176 0.187 0.184 0.154 0.189 
0.181 0.184 0.178 0.155 0.189 0.181 0.174 0.148 0.149 0.176 0.175 0.158 0.187 0.180 0.175 0.179 0.154 0.170 0.183 0.169 0.183 0.152 0.189 0.183 0.177 0.150 0.154 0.178 0.193 0.205 0.181 0.163 0.177 0.163 0.180 0.169 0.167 0.151 0.170 0.181 0.189 0.163 0.171 0.184 0.183 0.174 0.167 0.136 0.186 0.194 0.212 0.158 0.167 0.193 0.181 0.154 0.190 0.210 0.183 0.153 
0.172 0.176 0.199 0.181 0.168 0.154 0.184 0.199 0.180 0.143 0.169 0.174 0.194 0.181 0.160 0.194 0.186 0.159 0.184 0.199 0.184 0.165 0.144 0.166 0.170 0.176 0.193 0.145 0.183 0.176 0.164 0.157 0.135 0.172 0.185 0.183 0.176 0.151 0.176 0.208 0.145 0.140 0.180 0.191 0.184 0.184 0.168 0.191 0.180 0.174 0.189 0.194 0.175 0.165 0.170 0.145 0.178 0.199 0.193 0.154 
0.162 0.182 0.165 0.161 0.157 0.182 0.180 0.172 0.162 0.174 0.176 0.173 0.142 0.176 0.197 0.197 0.174 0.151 0.149 0.191 0.188 0.145 0.185 0.186 0.175 0.159 0.185 0.172 0.167 0.150 0.163 0.190 0.178 0.130 0.184 0.140 0.164 0.175 0.188 0.157 0.187 0.191 0.134 0.190 0.193 0.142 0.171 0.208 0.176 0.195 0.144 0.194 0.168 0.164 0.157 0.175 0.151 0.198 0.187 0.155 
0.188 0.179 0.163 0.175 0.183 0.203 0.148 0.182 0.170 0.173 0.145 0.150 0.200 0.167 0.185 0.140 0.174 0.179 0.179 0.190 0.153 0.176 0.200 0.190 0.180 0.133 0.182 0.157 0.145 0.187 0.177 0.176 0.139 0.180 0.208 0.187 0.157 0.180 0.168 0.163 0.185 0.166 0.147 0.175 0.184 0.181 0.152 0.149 0.173 0.186 0.195 0.161 0.146 0.180 0.179 0.171 0.150 0.200 0.192 0.159 
0.168 0.181 0.188 0.160 0.173 0.180 0.202 0.203 0.233 0.148 0.169 0.161 0.176 0.166 0.139 0.172 0.168 0.174 0.152 0.199 0.184 0.172 0.172 0.159 0.156 0.187 0.209 0.189 0.154 0.170 0.166 0.180 0.148 0.173 0.184 0.163 0.165 0.137 0.161 0.177 0.163 0.170 0.178 0.165 0.179 0.171 0.203 0.176 0.143 0.195 0.182 0.194 0.190 0.147 0.183 0.186 0.199 0.138 0.170 0.146 
0.168 0.179 0.186 0.148 0.182 0.187 0.181 0.144 0.179 0.171 0.147 0.182 0.194 0.171 0.180 0.138 0.167 0.152 0.162 0.189 0.148 0.167 0.184 0.183 0.187 0.174 0.156 0.175 0.172 0.169 0.138 0.184 0.170 0.185 0.151 0.165 0.156 0.186 0.183 0.141 0.170 0.218 0.181 0.152 0.180 0.180 0.178 0.150 0.170 0.202 0.210 0.178 0.158 0.173 0.142 0.177 0.175 0.170 0.141 0.170 
0.176 0.166 0.188 0.142 0.191 0.181 0.165 0.171 0.151 0.184 0.178 0.182 0.172 0.161 0.150 0.143 0.179 0.171 0.172 0.196 0.163 0.183 0.182 0.157 0.210 0.173 0.156 0.171 0.182 0.176 0.182 0.179 0.160 0.168 0.192 0.189 0.178 0.173 0.170 0.205 0.188 0.191 0.187 0.186 0.182 0.185 0.182 0.174 0.182 0.178 0.200 0.188 0.191 0.147 0.153 0.192 0.183 0.163 0.199 0.179 
0.243 0.179 0.193 0.230 0.158 0.202 0.140 0.173 0.188 0.169 0.155 0.183 0.179 0.149 0.174 0.175 0.182 0.151 0.194 0.179 0.190 0.201 0.200 0.170 0.183 0.178 0.170 0.167 0.146 0.190 0.145 0.176 0.180 0.150 0.194 0.184 0.139 0.181 0.157 0.181 0.166 0.190 0.150 0.149 0.179 0.178 0.192 0.144 0.244 0.306 0.327 0.300 0.286 0.265 0.278 0.234 0.225 0.217 0.202 0.185 
0.202 0.266 0.301 0.300 0.310 0.278 0.260 0.253 0.233 0.189 0.206 0.188 0.182 0.166 0.165 0.150 0.154 0.167 0.147 0.200 0.180 0.158 0.233 0.322 0.256 0.162 0.213 0.250 0.208 0.185 0.190 0.174 0.177 0.165 0.148 0.156 0.164 0.180 0.179 0.184 0.154 0.196 0.189 0.143 0.180 0.180 0.184 0.168 0.187 0.168 0.172 0.177 0.148 0.188 0.170 0.160 0.179 0.175 0.196 0.156 
0.178 0.171 0.144 0.210 0.191 0.201 0.150 0.200 0.176 0.163 0.161 0.135 0.180 0.175 0.176 0.159 0.156 0.154 0.183 0.159 0.176 0.184 0.170 0.171 0.184 0.190 0.150 0.183 0.181 0.196 0.173 0.191 0.202 0.178 0.203 0.175 0.196 0.140 0.195 0.159 0.173 0.195 0.148 0.185 0.168 0.186 0.145 0.198 0.187 0.163 0.197 0.183 0.183 0.149 0.201 0.179 0.183 0.178 0.152 0.189 
