0.042 0.036 0.039 0.038 0.023 0.037 -0.000 0.042 0.044 0.053 0.012 0.046 0.035 0.040 0.055 0.012 0.065 0.035 0.014 0.024 0.055 0.045 0.052 0.020 0.042 0.029 0.048 0.044 0.030 0.037 0.038 0.047 0.044 -0.003 0.060 0.045 0.028 0.020 0.018 0.015 0.050 0.062 0.053 0.005 0.045 0.002 0.051 0.044 0.045 0.070 0.088 0.053 0.040 0.049 0.039 0.020 0.041 0.019 0.077 -0.004 
0.046 0.058 0.053 0.012 0.042 0.040 0.048 0.029 0.013 0.030 0.033 0.030 0.023 0.015 -0.009 0.040 0.025 0.034 0.028 0.046 0.053 0.000 0.053 0.033 0.037 0.079 0.028 0.045 0.036 0.024 0.032 0.035 0.067 0.027 0.053 0.030 0.048 0.045 0.050 0.042 0.036 0.073 0.186 0.112 0.106 0.118 0.124 0.084 0.104 0.129 0.119 0.090 0.073 0.086 0.155 0.127 0.128 0.125 0.114 0.125 
0.133 0.120 0.080 0.118 0.122 0.124 0.135 0.131 0.091 0.083 0.132 0.129 0.125 0.127 0.089 0.117 0.087 0.074 0.098 0.097 0.095 0.084 0.105 0.087 0.095 0.123 0.072 0.143 0.101 0.129 0.107 0.080 0.066 0.093 0.115 0.142 0.067 0.111 0.094 0.098 0.100 0.105 0.086 0.131 0.100 0.082 0.086 0.074 0.054 0.072 0.072 0.088 0.074 0.094 0.102 0.064 0.122 0.089 0.118 0.077 
0.077 0.059 0.095 0.096 0.104 0.074 0.073 0.063 0.057 0.074 0.073 0.069 0.079 0.056 0.070 0.069 0.060 0.069 0.074 0.100 0.103 0.077 0.053 0.092 0.127 0.071 0.109 0.241 0.082 0.091 0.076 0.074 0.044 0.087 0.134 0.083 0.091 0.086 0.085 0.060 0.073 0.070 0.056 0.088 0.111 0.059 0.097 0.100 0.081 0.047 0.095 0.096 0.049 0.099 0.098 0.074 0.059 0.100 0.090 0.116 
0.065 0.073 0.097 0.100 0.083 0.083 0.113 0.105 0.126 0.065 0.126 0.158 0.120 0.078 0.043 0.075 0.072 0.074 0.065 0.078 0.082 0.057 0.071 0.085 0.076 0.060 0.086 0.123 0.071 0.091 0.067 0.073 0.092 0.066 0.085 0.056 0.064 0.033 0.076 0.089 0.078 0.079 0.041 0.061 0.062 0.058 0.067 0.053 0.068 0.068 0.074 0.070 0.080 0.071 0.087 0.037 0.096 0.039 0.057 0.073 
0.067 0.092 0.074 0.113 0.109 0.064 0.088 0.072 0.066 0.104 0.056 0.102 0.116 0.071 0.068 0.108 0.083 0.093 0.040 0.076 0.044 0.064 0.100 0.124 0.091 0.071 0.072 0.064 0.040 0.083 0.093 0.066 0.083 0.080 0.081 0.100 0.091 0.074 0.067 0.098 0.105 0.084 0.126 0.069 0.064 0.041 0.080 0.081 0.078 0.091 0.068 0.066 0.063 0.088 0.072 0.063 0.105 0.047 0.048 0.053 
0.071 0.086 0.114 0.096 0.092 0.128 0.093 0.087 0.087 0.100 0.104 0.091 0.076 0.076 0.049 0.076 0.079 0.076 0.047 0.051 -0.055 0.058 0.061 0.059 0.064 0.080 0.061 0.063 0.062 0.060 0.080 0.072 0.077 0.097 0.076 0.070 0.059 0.078 0.054 0.062 0.046 0.083 0.075 0.071 0.049 0.059 0.070 0.063 0.062 0.034 0.072 0.066 0.067 0.065 0.068 0.056 0.045 0.052 0.043 0.028 
0.029 0.023 0.052 0.044 0.053 0.049 0.043 0.031 0.038 0.055 0.037 0.058 0.032 0.040 0.042 0.046 0.047 0.051 0.028 0.032 0.031 0.042 0.011 0.009 0.039 0.051 0.046 0.039 0.044 0.048 0.036 0.052 0.042 0.043 0.050 0.043 0.047 0.035 0.029 0.028 0.072 0.036 0.032 0.021 0.013 0.039 -0.003 0.053 0.030 0.049 0.048 0.036 0.058 0.043 0.063 0.047 0.039 0.044 0.024 0.040 
0.035 0.027 0.037 0.027 0.023 0.028 -0.011 0.013 -0.016 0.019 0.017 0.014 0.020 0.017 -0.014 0.013 0.015 0.023 0.016 0.025 0.017 0.584 0.345 0.336 0.346 0.316 0.332 0.336 0.340 0.652 0.579 0.575 0.552 0.568 0.547 0.512 0.582 0.684 0.698 0.527 0.470 0.385 0.333 0.302 0.296 0.335 0.598 0.580 0.574 0.622 0.580 0.550 0.503 0.603 0.667 0.542 0.021 0.023 0.027 0.018 
0.021 0.012 -0.006 0.024 0.015 0.028 -0.001 -0.013 0.025 0.038 0.029 0.023 0.025 0.048 0.034 0.008 0.024 0.027 0.023 0.020 0.030 0.026 0.020 0.037 0.020 -0.013 -0.008 0.007 -0.000 0.028 0.027 -0.014 -0.003 0.031 0.024 0.023 -0.010 0.040 0.014 0.028 -0.005 0.010 -0.007 0.051 0.128 0.146 0.138 0.149 0.100 0.106 0.103 0.310 0.449 0.338 0.214 0.040 0.117 0.136 0.130 0.147 
0.103 0.100 0.105 0.053 0.054 0.048 0.060 0.035 0.029 0.036 0.000 0.008 -0.006 0.025 0.017 0.022 0.004 0.023 -0.018 0.016 -0.002 -0.002 0.011 0.153 0.606 0.503 0.023 0.022 -0.010 -0.014 0.012 0.013 0.017 0.023 0.015 0.019 0.016 0.009 0.012 0.030 -0.010 0.011 0.010 0.010 0.014 0.016 0.012 0.023 0.019 0.014 0.010 0.008 0.010 0.012 0.013 -0.007 0.052 0.017 -0.011 -0.021 
-0.019 -0.010 -0.013 0.004 0.016 0.019 0.031 -0.010 0.047 0.034 0.041 -0.004 0.018 0.054 0.028 -0.007 0.022 -0.016 -0.005 -0.023 0.018 0.017 0.021 0.012 0.040 0.021 -0.008 0.002 -0.004 -0.001 0.001 0.031 0.018 0.034 0.001 -0.001 0.006 -0.014 0.026 0.029 0.024 0.073 0.012 -0.000 0.027 0.008 -0.008 -0.008 0.034 0.029 0.019 0.042 -0.002 -0.001 0.036 -0.002 0.040 -0.006 0.001 0.003 
-0.005 0.035 0.046 0.062 0.020 0.021 0.015 0.050 0.022 0.059 0.007 0.040 0.056 0.047 0.037 0.048 0.049 0.015 0.047 0.011 0.019 0.072 0.036 0.059 0.075 0.055 0.084 0.036 0.038 0.061 0.080 0.044 0.085 0.136 0.098 0.048 0.075 0.079 0.119 0.091 0.098 0.091 0.069 0.058 0.057 0.088 0.066 0.097 0.071 0.097 0.069 0.074 0.082 0.083 0.060 0.064 0.072 0.057 0.060 0.080 
0.076 0.103 0.050 0.101 0.087 0.077 0.090 0.081 0.105 0.092 0.108 0.075 0.075 0.081 0.047 0.103 0.085 0.060 0.113 0.102 0.103 0.100 0.120 0.131 0.092 0.091 0.104 0.093 0.090 0.087 0.083 0.048 0.116 0.157 0.135 0.121 0.070 0.123 0.094 0.116 0.099 0.093 0.130 0.097 0.095 0.115 0.099 0.086 0.125 0.117 0.111 0.077 0.099 0.097 0.105 0.112 0.078 0.098 0.095 0.102 
0.092 0.069 0.117 0.086 0.115 0.083 0.061 0.131 0.196 0.138 0.107 0.109 0.104 0.087 0.098 0.095 0.128 0.088 0.096 0.095 0.178 0.080 0.073 0.110 0.087 0.070 0.091 0.104 0.081 0.100 0.111 0.065 0.108 0.125 0.162 0.144 0.059 0.070 0.098 0.151 0.085 0.068 0.106 0.090 0.098 0.104 0.095 0.062 0.082 0.139 0.069 0.063 0.097 0.123 0.104 0.124 0.078 0.057 0.085 0.101 
0.127 0.083 0.089 0.088 0.120 0.048 0.120 0.113 0.097 0.111 0.101 0.064 0.086 0.089 0.110 0.083 0.087 0.113 0.101 0.116 0.082 0.088 0.054 0.113 0.100 0.136 0.119 0.099 0.113 0.104 0.101 0.107 0.127 0.098 0.110 0.066 0.097 0.102 0.155 0.088 0.098 0.079 0.091 0.061 0.113 0.084 0.123 0.062 0.140 0.078 0.068 0.117 0.097 0.088 0.078 0.117 0.089 0.057 0.098 0.102 
0.106 0.085 0.099 0.130 0.100 0.093 0.101 0.069 0.064 0.143 0.053 0.093 0.104 0.067 0.096 0.106 0.079 0.118 0.096 0.092 0.053 0.110 0.102 0.100 0.115 0.086 0.091 0.115 0.098 0.078 0.109 0.093 0.069 0.112 0.109 0.042 0.079 0.086 0.126 0.104 0.131 0.055 0.071 0.079 0.073 0.109 0.079 0.109 0.116 0.132 0.065 0.082 0.108 0.106 0.090 0.073 0.075 0.111 0.079 0.078 
0.073 0.130 0.103 0.132 0.136 0.092 0.102 0.107 0.103 0.129 0.072 0.061 0.083 0.080 0.094 0.110 0.063 0.109 0.108 0.108 0.080 0.088 0.091 0.062 0.118 0.109 0.111 0.074 0.070 0.057 0.086 0.090 0.107 0.101 0.104 0.116 0.113 0.109 0.073 0.116 0.113 0.123 0.116 0.100 0.098 0.078 0.080 0.068 0.115 0.112 0.072 0.067 0.066 0.082 0.101 0.087 0.133 0.068 0.069 0.080 
0.081 0.085 0.109 0.081 0.109 0.110 0.090 0.075 0.079 0.101 0.087 0.101 0.091 0.085 0.081 0.099 0.093 0.047 0.111 0.113 0.073 0.084 0.077 0.081 0.074 0.081 0.059 0.085 0.069 0.095 0.083 0.074 0.113 0.097 0.077 0.081 0.115 0.099 0.089 0.068 0.135 0.100 0.053 0.079 0.103 0.100 0.071 0.102 0.099 0.103 0.081 0.084 0.082 0.098 0.070 0.051 0.084 0.085 0.081 0.071 
0.056 0.109 0.101 0.105 0.065 0.085 0.038 0.078 0.098 0.126 0.053 0.078 0.069 0.087 0.072 0.092 0.097 0.032 0.127 0.077 0.076 0.044 0.058 0.088 0.089 0.094 0.109 0.085 0.054 0.110 0.116 0.118 0.084 0.090 0.058 0.126 0.073 0.105 0.106 0.085 0.115 0.104 0.097 0.066 0.094 0.083 0.126 0.087 0.094 0.088 0.090 0.103 0.088 0.107 0.048 0.139 0.058 0.067 0.114 0.093 
0.098 0.091 0.096 0.080 0.078 0.091 0.097 0.064 0.097 0.088 0.111 0.055 0.079 0.069 0.081 0.073 0.071 0.040 0.113 0.121 0.101 0.102 0.107 0.075 0.088 0.104 0.117 0.059 0.099 0.089 0.049 0.109 0.126 0.085 0.104 0.081 0.037 0.090 0.082 0.079 0.112 0.094 0.083 0.068 0.080 0.095 0.088 0.088 0.086 0.104 0.033 0.027 0.089 0.080 0.107 0.068 0.115 0.085 0.057 0.052 
0.103 0.090 0.100 0.080 0.120 0.117 0.109 0.107 0.102 0.128 0.083 0.048 0.042 0.083 0.076 0.075 0.089 0.053 0.120 0.086 0.073 0.095 0.062 0.052 0.056 0.096 0.056 0.081 0.086 0.127 0.071 0.085 0.055 0.104 0.084 0.106 0.050 0.079 0.099 0.100 0.072 0.042 0.055 0.103 0.089 0.109 0.091 0.061 0.076 0.133 0.102 0.073 0.105 0.084 0.094 0.103 0.097 0.039 0.066 0.107 
0.070 0.055 0.074 0.098 0.109 0.083 0.063 0.090 0.077 0.069 0.123 0.098 0.087 0.062 0.078 0.146 0.126 0.096 0.101 0.055 0.103 0.087 0.122 0.061 0.087 0.109 0.079 0.077 0.064 0.104 0.119 0.101 0.081 0.111 0.091 0.110 0.097 0.064 0.110 0.109 0.093 0.052 0.064 0.078 0.084 0.085 0.084 0.096 0.107 0.067 0.074 0.071 0.095 0.089 0.141 0.056 0.105 0.096 0.045 0.102 
0.103 0.087 0.110 0.084 0.110 0.092 0.068 0.095 0.086 0.088 0.119 0.125 0.098 0.065 0.048 0.107 0.077 0.105 0.116 0.095 0.087 0.070 0.082 0.093 0.092 0.104 0.056 0.061 0.116 0.080 0.066 0.074 0.063 0.098 0.082 0.127 0.090 0.089 0.096 0.106 0.054 0.113 0.095 0.057 0.073 0.079 0.058 0.107 0.113 0.132 0.135 0.085 0.064 0.088 0.083 0.094 0.063 0.078 0.078 0.122 
