0.136 0.117 0.142 0.148 0.134 0.139 0.127 0.129 0.155 0.149 0.158 0.136 0.124 0.121 0.164 0.099 0.139 0.170 0.137 0.142 0.123 0.148 0.133 0.123 0.136 0.116 0.163 0.143 0.120 0.166 0.122 0.149 0.128 0.107 0.137 0.165 0.111 0.152 0.133 0.145 0.115 0.153 0.176 0.144 0.140 0.120 0.116 0.113 0.134 0.141 0.176 0.138 0.130 0.151 0.159 0.166 0.117 0.108 0.123 0.120 
0.175 0.107 0.101 0.092 0.119 0.141 0.123 0.115 0.151 0.152 0.119 0.126 0.107 0.150 0.136 0.115 0.126 0.176 0.094 0.157 0.117 0.139 0.136 0.135 0.132 0.119 0.146 0.139 0.093 0.121 0.131 0.155 0.130 0.126 0.114 0.127 0.125 0.152 0.182 0.125 0.125 0.114 0.130 0.138 0.129 0.119 0.164 0.150 0.150 0.132 0.113 0.123 0.136 0.232 0.199 0.139 0.118 0.161 0.130 0.142 
0.121 0.116 0.101 0.125 0.144 0.160 0.172 0.159 0.169 0.137 0.167 0.203 0.134 0.120 0.159 0.151 0.118 0.123 0.127 0.123 0.161 0.109 0.151 0.155 0.155 0.157 0.094 0.117 0.149 0.119 0.133 0.104 0.125 0.137 0.093 0.110 0.122 0.093 0.138 0.118 0.087 0.125 0.130 0.112 0.117 0.082 0.114 0.124 0.114 0.115 0.085 0.141 0.212 0.248 0.267 0.241 0.241 0.237 0.221 0.207 
0.207 0.193 0.155 0.140 0.148 0.145 0.139 0.140 0.126 0.188 0.227 0.204 0.230 0.242 0.249 0.347 0.199 0.205 0.181 0.174 0.143 0.110 0.178 0.197 0.175 0.141 0.119 0.120 0.125 0.092 0.111 0.109 0.076 0.126 0.115 0.120 0.086 0.123 0.084 0.084 0.092 0.115 0.110 0.103 0.072 0.101 0.113 0.116 0.107 0.152 0.123 0.135 0.110 0.107 0.116 0.134 0.131 0.121 0.120 0.091 
0.127 0.121 0.093 0.109 0.107 0.089 0.105 0.117 0.101 0.109 0.107 0.091 0.109 0.069 0.111 0.110 0.100 0.107 0.111 0.123 0.086 0.139 0.107 0.144 0.122 0.115 0.079 0.102 0.109 0.135 0.127 0.151 0.116 0.129 0.118 0.101 0.114 0.073 0.108 0.097 0.116 0.115 0.109 0.103 0.087 0.102 0.123 0.088 0.087 0.110 0.109 0.146 0.121 0.148 0.072 0.117 0.102 0.155 0.092 0.127 
0.107 0.100 0.091 0.098 0.126 0.107 0.079 0.107 0.117 0.106 0.107 0.108 0.101 0.092 0.094 0.087 0.078 0.132 0.106 0.110 0.102 0.127 0.121 0.133 0.120 0.074 0.106 0.102 0.180 0.113 0.083 0.108 0.068 0.086 0.124 0.073 0.098 0.107 0.126 0.096 0.094 0.097 0.106 0.089 0.092 0.113 0.115 0.116 0.092 0.104 0.072 0.120 0.077 0.139 0.118 0.119 0.140 0.122 0.125 0.104 
0.142 0.100 0.098 0.096 0.090 0.089 0.087 0.106 -0.024 0.108 0.084 0.077 0.075 0.084 0.138 0.149 0.103 0.116 0.078 0.126 0.133 0.079 0.124 0.133 0.111 0.109 0.113 0.127 0.134 0.150 0.091 0.095 0.091 0.132 0.101 0.100 0.102 0.091 0.114 0.123 0.124 0.125 0.097 0.091 0.075 0.105 0.074 0.072 0.041 0.080 0.065 0.098 0.080 0.074 0.076 0.089 0.050 0.084 0.070 0.070 
0.077 0.099 0.080 0.098 0.068 0.076 0.079 0.076 0.057 0.089 0.080 0.074 0.065 0.069 0.073 0.071 0.085 0.046 0.087 0.063 0.083 0.063 0.061 0.054 0.067 0.056 0.082 0.055 0.065 0.102 0.078 0.069 0.063 0.074 0.065 0.076 0.049 0.074 0.074 0.078 0.070 0.059 0.063 0.068 0.089 0.069 0.074 0.061 0.064 0.025 0.065 0.071 0.073 0.045 0.056 0.061 0.078 0.062 0.138 0.105 
0.052 0.098 0.057 0.068 0.059 0.050 0.078 0.048 0.018 0.623 0.363 0.343 0.356 0.348 0.350 0.354 0.373 0.647 0.624 0.568 0.650 0.583 0.527 0.567 0.583 0.565 0.648 0.699 0.677 0.661 0.534 0.436 0.373 0.338 0.314 0.311 0.474 0.625 0.565 0.580 0.581 0.564 0.593 0.613 0.607 0.597 0.698 0.716 0.193 0.050 0.077 0.045 0.056 0.038 0.049 0.066 0.049 0.052 0.051 0.061 
0.017 0.040 0.042 0.043 0.050 0.055 0.044 0.051 0.041 0.022 0.054 0.041 0.049 0.049 0.026 0.051 0.023 0.063 0.079 0.080 0.019 0.012 0.022 0.011 0.050 0.055 0.050 0.068 0.048 0.068 0.060 0.063 0.039 0.047 0.108 0.576 0.435 0.277 0.046 0.047 0.051 0.082 0.065 0.015 0.062 0.021 0.048 0.014 0.012 0.020 0.010 0.016 0.048 0.046 0.054 0.029 0.025 0.026 0.045 0.050 
0.013 0.049 0.043 0.045 0.016 0.011 0.049 0.018 0.042 0.051 0.044 0.050 0.041 0.102 0.157 0.184 0.160 0.177 0.159 0.126 0.119 0.104 0.132 0.121 0.080 0.053 0.092 0.095 0.054 0.082 0.019 0.102 0.173 0.150 0.179 0.153 0.190 0.143 0.101 0.134 0.102 0.087 0.082 0.088 0.064 0.084 0.057 0.044 0.076 0.018 0.021 0.064 0.057 0.045 0.013 0.054 0.049 0.024 0.054 0.059 
0.014 0.047 0.011 0.047 0.016 0.059 0.024 0.027 0.053 0.040 0.028 0.053 0.025 0.023 0.036 0.062 0.066 0.057 0.029 0.030 0.037 0.032 0.024 0.020 0.023 0.056 0.055 0.066 0.060 0.043 0.064 0.029 0.026 0.065 0.054 0.036 0.032 0.062 0.025 0.030 0.047 0.064 0.033 0.039 0.028 0.029 0.059 0.062 0.032 0.068 0.045 0.049 0.032 0.030 0.036 0.060 0.089 0.029 0.058 0.022 
0.027 0.019 0.036 0.068 0.058 0.083 0.072 0.078 0.052 0.072 0.074 0.069 0.068 0.060 0.056 0.029 0.060 0.076 0.064 0.082 0.076 0.081 0.055 0.061 0.072 0.068 0.083 0.101 0.081 0.050 0.115 0.070 0.075 0.080 0.087 0.085 0.066 0.098 0.075 0.075 0.047 0.102 0.091 0.086 0.066 0.094 0.094 0.089 0.091 0.103 0.102 0.089 0.087 0.084 0.084 0.054 0.121 0.130 0.132 0.101 
0.079 0.097 0.074 0.093 0.078 0.084 0.116 0.085 0.097 0.100 0.095 0.087 0.082 0.090 0.104 0.083 0.101 0.100 0.115 0.110 0.136 0.108 0.101 0.124 0.102 0.114 0.091 0.085 0.145 0.108 0.150 0.127 0.121 0.124 0.102 0.112 0.102 0.110 0.072 0.086 0.089 0.106 0.107 0.116 0.119 0.143 0.106 0.101 0.108 0.103 0.108 0.121 0.133 0.111 0.107 0.096 0.101 0.132 0.120 0.113 
0.082 0.127 0.121 0.105 0.117 0.128 0.113 0.112 0.085 0.096 0.087 0.113 0.111 0.116 0.107 0.117 0.121 0.117 0.121 0.111 0.107 0.077 0.126 0.110 0.119 0.128 0.115 0.135 0.129 0.089 0.103 0.077 0.100 0.114 0.102 0.098 0.107 0.103 0.104 0.083 0.091 0.100 0.068 0.115 0.110 0.121 0.113 0.135 0.089 0.069 0.118 0.111 0.134 0.116 0.141 0.092 0.129 0.120 0.125 0.123 
0.119 0.128 0.106 0.126 0.117 0.103 0.085 0.138 0.103 0.090 0.113 0.107 0.093 0.133 0.167 0.092 0.110 0.122 0.100 0.121 0.124 0.118 0.126 0.115 0.131 0.114 0.138 0.106 0.088 0.163 0.102 0.106 0.101 0.134 0.099 0.145 0.085 0.136 0.130 0.118 0.163 0.124 0.100 0.113 0.110 0.109 0.105 0.120 0.128 0.105 0.121 0.126 0.130 0.121 0.100 0.135 0.124 0.149 0.120 0.145 
0.124 0.100 0.095 0.120 0.111 0.148 0.125 0.112 0.100 0.128 0.103 0.119 0.155 0.111 0.131 0.128 0.110 0.109 0.127 0.129 0.133 0.122 0.104 0.100 0.125 0.111 0.122 0.109 0.165 0.124 0.121 0.098 0.081 0.135 0.082 0.121 0.141 0.128 0.103 0.094 0.107 0.110 0.114 0.116 0.156 0.120 0.110 0.125 0.131 0.117 0.123 0.160 0.135 0.138 0.114 0.120 0.112 0.117 0.127 0.127 
0.126 0.128 0.162 0.132 0.108 0.083 0.153 0.093 0.125 0.118 0.114 0.094 0.120 0.121 0.112 0.113 0.124 0.125 0.116 0.081 0.120 0.135 0.115 0.140 0.081 0.097 0.121 0.092 0.093 0.119 0.090 0.102 0.095 0.094 0.106 0.102 0.111 0.089 0.101 0.082 0.105 0.125 0.093 0.096 0.108 0.109 0.141 0.097 0.104 0.091 0.081 0.108 0.103 0.103 0.102 0.120 0.109 0.107 0.115 0.110 
0.109 0.118 0.138 0.095 0.098 0.076 0.093 0.079 0.100 0.102 0.095 0.111 0.106 0.081 0.097 0.096 0.095 0.126 0.068 0.100 0.089 0.100 0.102 0.113 0.116 0.099 0.105 0.101 0.059 0.062 0.104 0.100 0.101 0.110 0.110 0.101 0.110 0.104 0.116 0.080 0.098 0.107 0.110 0.141 0.063 0.120 0.098 0.087 0.080 0.095 0.099 0.099 0.105 0.084 0.098 0.104 0.123 0.069 0.108 0.087 
0.117 0.100 0.098 0.086 0.082 0.083 0.077 0.088 0.084 0.057 0.076 0.074 0.078 0.088 0.088 0.080 0.091 0.082 0.084 0.122 0.117 0.077 0.105 0.099 0.087 0.087 0.112 0.092 0.097 0.066 0.065 0.095 0.099 0.097 0.097 0.101 0.109 0.112 0.085 0.099 0.098 0.061 0.082 0.135 0.096 0.100 0.104 0.097 0.091 0.088 0.070 0.066 0.095 0.104 0.097 0.093 0.098 0.105 0.074 0.105 
0.089 0.090 0.086 0.087 0.080 0.103 0.096 0.124 0.082 0.110 0.094 0.084 0.070 0.047 0.101 0.085 0.109 0.112 0.092 0.090 0.080 0.090 0.102 0.097 0.060 0.100 0.091 0.083 0.094 0.052 0.080 0.081 0.073 0.066 0.074 0.080 0.112 0.083 0.116 0.087 0.090 0.067 0.083 0.093 0.093 0.105 0.109 0.083 0.103 0.078 0.078 0.083 0.044 0.062 0.071 0.083 0.088 0.091 0.100 0.093 
0.076 0.083 0.104 0.095 0.111 0.088 0.084 0.081 0.077 0.082 0.110 0.076 0.059 0.106 0.057 0.107 0.108 0.052 0.104 0.078 0.077 0.105 0.085 0.084 0.102 0.096 0.099 0.092 0.049 0.119 0.084 0.099 0.084 0.090 0.076 0.055 0.099 0.080 0.080 0.097 0.075 0.089 0.083 0.083 0.072 0.051 0.073 0.063 0.067 0.059 0.071 0.083 0.090 0.082 0.071 0.078 0.065 0.082 0.050 0.088 
0.110 0.084 0.113 0.079 0.072 0.077 0.079 0.056 0.228 0.087 0.113 0.125 0.087 0.075 0.097 0.110 0.118 0.072 0.084 0.126 0.096 0.088 0.114 0.137 0.098 0.090 0.090 0.105 0.091 0.100 0.060 0.134 0.098 0.097 0.099 0.093 0.089 0.086 0.065 0.081 0.092 0.095 0.086 0.120 0.090 0.076 0.092 0.085 0.059 0.115 0.116 0.140 0.087 0.079 0.107 0.093 0.111 0.126 0.098 0.088 
0.090 0.104 0.093 0.148 0.138 0.070 0.093 0.076 0.133 0.118 0.135 0.128 0.108 0.089 0.084 0.081 0.060 0.101 0.110 0.103 0.164 0.093 0.069 0.144 0.152 0.099 0.106 0.083 0.077 0.081 0.080 0.097 0.095 0.080 0.086 0.092 0.172 0.126 0.116 0.136 0.119 0.100 0.095 0.073 0.093 0.118 0.098 0.122 0.101 0.132 0.094 0.081 0.086 0.098 0.099 0.093 0.048 0.091 0.091 0.116 
