0.190 0.142 0.155 0.152 0.155 0.165 0.193 0.178 0.182 0.179 0.150 0.178 0.175 0.196 0.158 0.177 0.171 0.204 0.200 0.188 0.175 0.147 0.137 0.163 0.174 0.142 0.039 0.138 0.151 0.137 0.124 0.178 0.196 0.177 0.168 0.172 0.162 0.154 0.164 0.176 0.181 0.146 0.153 0.154 0.162 0.165 0.201 0.176 0.164 0.168 0.163 0.165 0.156 0.154 0.164 0.150 0.129 0.160 0.166 0.151 
0.154 0.145 0.135 0.141 0.134 0.135 0.139 0.158 0.173 0.143 0.101 0.107 0.130 0.136 0.143 0.146 0.133 0.129 0.125 0.148 0.103 0.111 0.123 0.139 0.133 0.141 0.148 0.155 0.158 0.133 0.125 0.127 0.107 0.145 0.138 0.150 0.162 0.148 0.137 0.155 0.145 0.129 0.122 0.116 0.109 0.159 0.131 0.128 0.144 0.132 0.098 0.119 0.127 0.137 0.123 0.136 0.116 0.126 0.123 0.123 
0.121 0.124 0.097 0.135 0.104 0.110 0.121 0.135 0.142 0.128 0.122 0.121 0.122 0.137 0.124 0.162 0.127 0.124 0.117 0.113 0.118 0.133 0.121 0.123 0.106 0.113 0.109 0.656 0.367 0.391 0.409 0.382 0.402 0.394 0.405 0.423 0.672 0.591 0.587 0.558 0.577 0.588 0.683 0.702 0.730 0.678 0.669 0.683 0.625 0.793 0.715 0.121 0.116 0.114 0.117 0.082 0.117 0.112 0.113 0.118 
0.108 0.120 0.114 0.126 0.117 0.111 0.120 0.115 0.121 0.102 0.098 0.117 0.115 0.138 0.117 0.125 0.122 0.120 0.117 0.117 0.118 0.086 0.123 0.143 0.131 0.117 0.123 0.117 0.123 0.119 0.120 0.098 0.083 0.126 0.120 0.119 0.088 0.120 0.094 0.103 0.088 0.092 0.113 0.120 0.118 0.119 0.115 0.125 0.088 0.106 0.118 0.132 0.168 0.647 0.444 0.335 0.215 0.121 0.158 0.102 
0.212 0.255 0.241 0.254 0.243 0.255 0.181 0.166 0.199 0.187 0.159 0.143 0.151 0.131 0.121 0.131 0.143 0.152 0.216 0.233 0.238 0.242 0.215 0.196 0.175 0.188 0.160 0.197 0.141 0.111 0.139 0.145 0.117 0.119 0.084 0.116 0.075 0.105 0.105 0.097 0.098 0.120 0.078 0.111 0.105 0.082 0.117 0.108 0.074 0.105 0.106 0.104 0.076 0.113 0.108 0.119 0.108 0.080 0.073 0.108 
0.105 0.082 0.121 0.081 0.110 0.084 0.107 0.077 0.119 0.091 0.080 0.088 0.077 0.119 0.129 0.089 0.115 0.124 0.117 0.114 0.095 0.083 0.126 0.120 0.085 0.112 0.087 0.116 0.089 0.084 0.126 0.087 0.123 0.091 0.131 0.089 0.099 0.095 0.139 0.083 0.135 0.077 0.112 0.091 0.124 0.084 0.125 0.087 0.134 0.131 0.093 0.090 0.083 0.090 0.121 0.129 0.100 0.098 0.088 0.101 
0.119 0.129 0.125 0.129 0.125 0.088 0.120 0.103 0.112 0.101 0.090 0.142 0.104 0.116 0.118 0.126 0.094 0.127 0.082 0.093 0.116 0.130 0.088 0.129 0.134 0.124 0.120 0.144 0.106 0.111 0.129 0.139 0.135 0.104 0.123 0.159 0.133 0.128 0.142 0.128 0.137 0.135 0.126 0.143 0.140 0.138 0.137 0.161 0.150 0.146 0.118 0.137 0.136 0.142 0.122 0.145 0.154 0.131 0.152 0.141 
0.143 0.148 0.150 0.149 0.137 0.151 0.146 0.136 0.162 0.162 0.163 0.168 0.153 0.159 0.144 0.157 0.182 0.150 0.130 0.149 0.145 0.146 0.151 0.170 0.171 0.174 0.153 0.177 0.196 0.173 0.156 0.162 0.161 0.175 0.140 0.180 0.184 0.174 0.198 0.185 0.203 0.164 0.168 0.162 0.163 0.199 0.148 0.181 0.181 0.181 0.164 0.174 0.191 0.171 0.152 0.157 0.176 0.194 0.184 0.193 
0.145 0.188 0.197 0.175 0.185 0.170 0.181 0.173 0.195 0.184 0.225 0.191 0.187 0.150 0.181 0.152 0.201 0.191 0.190 0.207 0.184 0.214 0.193 0.192 0.207 0.166 0.180 0.201 0.204 0.174 0.181 0.183 0.199 0.206 0.167 0.168 0.168 0.202 0.218 0.178 0.172 0.166 0.184 0.197 0.188 0.191 0.198 0.171 0.167 0.170 0.184 0.144 0.201 0.178 0.179 0.196 0.147 0.173 0.189 0.175 
0.166 0.175 0.172 0.166 0.168 0.169 0.178 0.195 0.200 0.203 0.197 0.179 0.206 0.150 0.192 0.208 0.184 0.183 0.170 0.202 0.156 0.186 0.185 0.190 0.187 0.194 0.189 0.164 0.181 0.191 0.171 0.143 0.176 0.190 0.206 0.196 0.161 0.210 0.210 0.160 0.191 0.194 0.176 0.173 0.206 0.214 0.129 0.175 0.197 0.170 0.196 0.196 0.171 0.154 0.160 0.194 0.185 0.198 0.172 0.162 
0.157 0.180 0.144 0.178 0.202 0.198 0.191 0.187 0.190 0.163 0.206 0.182 0.179 0.152 0.199 0.171 0.215 0.182 0.181 0.173 0.160 0.188 0.189 0.178 0.164 0.178 0.195 0.156 0.186 0.218 0.219 0.201 0.160 0.162 0.188 0.200 0.173 0.207 0.235 0.225 0.176 0.218 0.195 0.193 0.190 0.212 0.217 0.198 0.206 0.184 0.186 0.148 0.168 0.200 0.263 0.351 0.236 0.192 0.221 0.155 
0.199 0.177 0.210 0.193 0.176 0.180 0.198 0.180 0.188 0.213 0.180 0.186 0.233 0.174 0.178 0.213 0.215 0.188 0.179 0.198 0.187 0.193 0.179 0.189 0.140 0.212 0.155 0.193 0.180 0.168 0.156 0.212 0.189 0.201 0.181 0.180 0.193 0.223 0.217 0.214 0.212 0.198 0.209 0.188 0.236 0.162 0.229 0.175 0.182 0.225 0.212 0.224 0.170 0.192 0.189 0.241 0.172 0.183 0.226 0.189 
0.235 0.170 0.207 0.211 0.195 0.198 0.167 0.218 0.248 0.202 0.227 0.176 0.181 0.201 0.219 0.248 0.204 0.230 0.211 0.211 0.203 0.160 0.181 0.177 0.217 0.248 0.231 0.200 0.185 0.160 0.168 0.223 0.187 0.198 0.216 0.231 0.207 0.220 0.230 0.227 0.231 0.191 0.185 0.195 0.160 0.207 0.200 0.200 0.169 0.189 0.185 0.203 0.173 0.197 0.203 0.228 0.200 0.202 0.201 0.176 
0.173 0.200 0.243 0.214 0.209 0.204 0.207 0.205 0.236 0.190 0.245 0.185 0.160 0.191 0.216 0.173 0.231 0.176 0.209 0.214 0.203 0.183 0.202 0.203 0.234 0.233 0.174 0.188 0.209 0.221 0.217 0.224 0.174 0.214 0.230 0.248 0.194 0.238 0.220 0.201 0.198 0.206 0.173 0.174 0.203 0.216 0.213 0.201 0.229 0.232 0.186 0.204 0.212 0.189 0.194 0.234 0.235 0.204 0.219 0.163 
0.175 0.208 0.202 0.159 0.211 0.215 0.221 0.221 0.187 0.172 0.228 0.285 0.194 0.207 0.208 0.218 0.203 0.199 0.222 0.211 0.209 0.198 0.209 0.209 0.218 0.226 0.197 0.205 0.198 0.178 0.166 0.193 0.228 0.136 0.140 0.133 0.104 0.131 0.123 0.098 0.135 0.139 0.120 0.138 0.106 0.145 0.153 0.108 0.097 0.130 0.135 0.100 0.127 0.138 0.100 0.164 0.123 0.135 0.127 0.100 
0.130 0.140 0.125 0.093 0.103 0.113 0.125 0.139 0.135 0.162 0.157 0.140 0.155 0.134 0.104 0.109 0.152 0.133 0.125 0.109 0.129 0.132 0.121 0.131 0.126 0.166 0.146 0.131 0.172 0.136 0.095 0.137 0.123 0.097 0.138 0.145 0.125 0.119 0.111 0.094 0.117 0.150 0.140 0.123 0.139 0.144 0.109 0.157 0.125 0.106 0.136 0.131 0.127 0.122 0.138 0.123 0.135 0.137 0.134 0.124 
0.086 0.140 0.133 0.128 0.160 0.127 0.106 0.139 0.150 0.135 0.122 0.137 0.099 0.149 0.155 0.131 0.113 0.111 0.131 0.098 0.122 0.154 0.130 0.139 0.144 0.121 0.138 0.129 0.106 0.126 0.137 0.145 0.093 0.141 0.126 0.115 0.120 0.125 0.156 0.113 0.140 0.136 0.131 0.137 0.105 0.118 0.134 0.103 0.139 0.138 0.146 0.095 0.114 0.107 0.140 0.159 0.120 0.140 0.100 0.161 
0.126 0.142 0.136 0.125 0.114 0.110 0.108 0.144 0.130 0.185 0.147 0.137 0.135 0.129 0.143 0.139 0.114 0.133 0.132 0.133 0.132 0.127 0.095 0.140 0.133 0.144 0.107 0.132 0.119 0.118 0.155 0.100 0.138 0.125 0.129 0.145 0.130 0.157 0.115 0.101 0.138 0.145 0.144 0.151 0.122 0.148 0.144 0.112 0.095 0.099 0.096 0.146 0.136 0.134 0.134 0.146 0.140 0.130 0.099 0.132 
0.129 0.138 0.130 0.153 0.152 0.106 0.144 0.101 0.135 0.118 0.156 0.136 0.143 0.137 0.144 0.118 0.154 0.133 0.130 0.099 0.135 0.134 0.100 0.100 0.137 0.145 0.128 0.108 0.131 0.146 0.102 0.129 0.138 0.123 0.137 0.098 0.152 0.143 0.105 0.146 0.140 0.116 0.123 0.126 0.144 0.107 0.156 0.131 0.129 0.096 0.145 0.148 0.096 0.132 0.133 0.152 0.128 0.140 0.148 0.140 
0.103 0.098 0.104 0.124 0.138 0.111 0.129 0.141 0.141 0.139 0.106 0.123 0.142 0.128 0.138 0.096 0.155 0.140 0.098 0.114 0.127 0.155 0.132 0.130 0.099 0.111 0.149 0.142 0.154 0.142 0.155 0.150 0.138 0.100 0.153 0.188 0.109 0.110 0.171 0.098 0.155 0.151 0.111 0.141 0.137 0.163 0.134 0.147 0.102 0.125 0.100 0.138 0.136 0.135 0.111 0.113 0.131 0.138 0.147 0.165 
0.142 0.108 0.147 0.104 0.133 0.155 0.138 0.121 0.146 0.146 0.099 0.111 0.129 0.141 0.110 0.141 0.164 0.112 0.148 0.150 0.097 0.140 0.129 0.137 0.140 0.153 0.102 0.147 0.139 0.098 0.115 0.144 0.139 0.107 0.148 0.137 0.131 0.143 0.145 0.128 0.122 0.100 0.104 0.136 0.100 0.132 0.137 0.142 0.129 0.154 0.137 0.127 0.136 0.128 0.147 0.144 0.099 0.099 0.101 0.136 
0.136 0.109 0.141 0.144 0.120 0.137 0.128 0.141 0.152 0.153 0.138 0.113 0.133 0.114 0.144 0.149 0.149 0.125 0.133 0.105 0.130 0.136 0.098 0.103 0.119 0.133 0.136 0.131 0.105 0.134 0.128 0.134 0.304 0.116 0.125 0.138 0.144 0.132 0.146 0.125 0.137 0.129 0.121 0.096 0.135 0.136 0.147 0.131 0.132 0.103 0.132 0.142 0.129 0.130 0.127 0.094 0.143 0.137 0.135 0.134 
0.096 0.105 0.127 0.139 0.120 0.131 0.153 0.098 0.145 0.137 0.104 0.129 0.139 0.138 0.131 0.115 0.140 0.137 0.149 0.148 0.107 0.145 0.115 0.094 0.142 0.134 0.140 0.145 0.137 0.141 0.103 0.147 0.137 0.109 0.147 0.134 0.140 0.199 0.295 0.215 0.212 0.135 0.133 0.137 0.103 0.151 0.123 0.146 0.136 0.139 0.135 0.099 0.131 0.135 0.123 0.119 0.128 0.132 0.133 0.100 
0.129 0.124 0.151 0.155 0.138 0.139 0.113 0.135 0.150 0.143 0.141 0.136 0.131 0.094 0.142 0.109 0.140 0.138 0.129 0.104 0.135 0.134 0.129 0.123 0.132 0.102 0.133 0.148 0.151 0.138 0.123 0.135 0.101 0.138 0.127 0.114 0.142 0.127 0.161 0.103 0.137 0.153 0.100 0.107 0.145 0.140 0.136 0.139 0.145 0.126 0.135 0.146 0.101 0.107 0.124 0.130 0.129 0.135 0.131 0.126 
