0.430 0.334 0.305 0.308 0.349 0.356 0.300 0.301 0.333 0.301 0.278 0.274 0.323 0.398 0.399 0.388 0.350 0.315 0.282 0.321 0.347 0.349 0.332 0.305 0.324 0.352 0.399 0.427 0.446 0.421 0.407 0.413 0.412 0.408 0.382 0.378 0.416 0.379 0.305 0.353 0.391 0.410 0.391 0.353 0.327 0.336 0.413 0.435 0.430 0.359 0.298 0.260 0.295 0.365 0.300 0.270 0.314 0.302 0.262 0.354 
0.403 0.364 0.363 0.382 0.388 0.399 0.416 0.401 0.370 0.383 0.407 0.451 0.459 0.448 0.358 0.298 0.299 0.281 0.252 0.350 0.407 0.385 0.370 0.360 0.323 0.300 0.303 0.279 0.242 0.260 0.275 0.284 0.306 0.336 0.439 0.487 0.424 0.372 0.325 0.440 0.490 0.411 0.368 0.341 0.348 0.363 0.396 0.405 0.401 0.401 0.378 0.308 0.258 0.217 0.256 0.293 0.328 0.313 0.272 0.348 
0.389 0.361 0.357 0.366 0.409 0.424 0.385 0.327 0.261 0.324 0.353 0.311 0.304 0.314 0.340 0.341 0.293 0.284 0.294 0.271 0.259 0.268 0.265 0.255 0.258 0.247 0.211 0.254 0.337 0.300 0.285 0.317 0.304 0.269 0.216 0.188 0.211 0.256 0.314 0.360 0.372 0.317 0.300 0.301 0.238 0.205 0.235 0.250 0.259 0.281 0.290 0.273 0.307 0.365 0.329 0.298 0.275 0.268 0.269 0.330 
0.349 0.283 0.258 0.254 0.255 0.250 0.232 0.228 0.231 0.242 0.235 0.190 0.196 0.226 0.293 0.336 0.332 0.284 0.215 0.234 0.245 0.240 0.228 0.211 0.213 0.245 0.337 0.325 0.260 0.267 0.258 0.213 0.214 0.238 0.217 0.198 0.181 0.194 0.221 0.255 0.275 0.266 0.297 0.348 0.262 0.206 0.208 0.203 0.196 0.201 0.198 0.183 0.176 0.172 0.230 0.265 0.251 0.212 0.161 0.195 
0.232 0.276 0.252 0.193 0.198 0.195 0.175 0.150 0.123 0.204 0.257 0.254 0.296 0.360 0.300 0.245 0.198 0.178 0.170 0.282 0.340 0.290 0.282 0.296 0.234 0.198 0.215 0.239 0.267 0.230 0.195 0.167 0.176 0.204 0.190 0.188 0.209 0.210 0.200 0.222 0.242 0.262 0.235 0.184 0.207 0.219 0.210 0.208 0.209 0.224 0.228 0.211 0.207 0.209 0.171 0.150 0.161 0.166 0.168 0.173 
0.182 0.197 0.209 0.220 0.180 0.150 0.142 0.148 0.162 0.164 0.189 0.257 0.284 0.289 0.174 0.116 0.173 0.195 0.200 0.253 0.265 0.197 0.178 0.184 0.162 0.141 0.121 0.119 0.125 0.161 0.168 0.116 0.129 0.174 0.176 0.180 0.187 0.182 0.169 0.155 0.149 0.156 0.158 0.158 0.145 0.141 0.153 0.149 0.138 0.119 0.110 0.120 0.124 0.124 0.131 0.137 0.139 0.137 0.132 0.183 
0.208 0.182 0.143 0.098 0.133 0.158 0.163 0.159 0.150 0.151 0.148 0.135 0.126 0.119 0.147 0.175 0.201 0.220 0.236 0.189 0.147 0.114 0.111 0.121 0.118 0.126 0.159 0.167 0.163 0.189 0.201 0.183 0.151 0.112 0.131 0.146 0.151 0.170 0.196 0.170 0.142 0.110 0.122 0.157 0.137 0.140 0.191 0.198 0.184 0.167 0.149 0.133 0.160 0.209 0.169 0.137 0.122 0.125 0.138 0.149 
0.164 0.186 0.184 0.168 0.153 0.143 0.144 0.150 0.159 0.183 0.186 0.149 0.139 0.144 0.148 0.167 0.216 0.200 0.152 0.196 0.202 0.135 0.111 0.111 0.109 0.115 0.136 0.146 0.151 0.160 0.160 0.141 0.163 0.205 0.191 0.187 0.203 0.192 0.166 0.215 0.241 0.224 0.209 0.196 0.198 0.195 0.183 0.174 0.166 0.176 0.180 0.174 0.168 0.163 0.146 0.150 0.196 0.217 0.225 0.220 
0.215 0.209 0.201 0.192 0.187 0.189 0.207 0.216 0.221 0.198 0.216 0.317 0.359 0.372 0.354 0.311 0.216 0.211 0.252 0.216 0.189 0.181 0.230 0.307 0.287 0.282 0.308 0.296 0.264 0.217 0.181 0.165 0.181 0.214 0.193 0.181 0.185 0.186 0.186 0.257 0.306 0.309 0.257 0.177 0.170 0.168 0.177 0.198 0.225 0.277 0.306 0.289 0.248 0.195 0.249 0.275 0.248 0.252 0.271 0.267 
0.262 0.253 0.245 0.239 0.239 0.233 0.215 0.210 0.210 0.224 0.234 0.239 0.248 0.260 0.290 0.302 0.277 0.266 0.263 0.235 0.229 0.269 0.258 0.221 0.266 0.299 0.307 0.306 0.302 0.260 0.241 0.268 0.279 0.281 0.234 0.230 0.311 0.318 0.287 0.367 0.427 0.446 0.422 0.375 0.335 0.320 0.358 0.315 0.231 0.253 0.288 0.351 0.350 0.318 0.307 0.302 0.305 0.313 0.324 0.279 
0.252 0.263 0.265 0.263 0.294 0.306 0.279 0.241 0.197 0.222 0.243 0.259 0.354 0.489 0.443 0.392 0.329 0.310 0.312 0.307 0.292 0.257 0.282 0.336 0.321 0.309 0.303 0.326 0.363 0.359 0.354 0.350 0.304 0.237 0.204 0.212 0.302 0.321 0.305 0.341 0.351 0.311 0.286 0.270 0.298 0.304 0.265 0.284 0.332 0.286 0.258 0.268 0.322 0.396 0.386 0.406 0.486 0.421 0.283 0.311 
0.319 0.288 0.280 0.284 0.258 0.246 0.262 0.311 0.376 0.354 0.343 0.356 0.330 0.284 0.322 0.329 0.276 0.278 0.307 0.342 0.392 0.473 0.424 0.309 0.283 0.269 0.276 0.308 0.352 0.308 0.285 0.301 0.270 0.214 0.266 0.327 0.408 0.423 0.406 0.391 0.398 0.448 0.411 0.330 0.319 0.309 0.301 0.313 0.333 0.449 0.511 0.465 0.362 0.229 0.259 0.291 0.331 0.336 0.323 0.334 
0.325 0.277 0.265 0.271 0.304 0.316 0.287 0.327 0.401 0.376 0.337 0.273 0.300 0.374 0.354 0.338 0.327 0.344 0.376 0.392 0.388 0.344 0.327 0.322 0.363 0.392 0.398 0.368 0.318 0.329 0.338 0.345 0.297 0.222 0.282 0.328 0.348 0.328 0.288 0.306 0.333 0.378 0.393 0.393 0.450 0.477 0.446 0.364 0.257 0.306 0.354 0.403 0.370 0.297 0.345 0.366 0.333 0.303 0.275 0.298 
0.316 0.321 0.349 0.389 0.407 0.415 0.402 0.375 0.340 0.331 0.314 0.285 0.307 0.354 0.367 0.365 0.336 0.328 0.329 0.351 0.369 0.380 0.362 0.330 0.310 0.318 0.382 0.371 0.323 0.304 0.298 0.320 0.298 0.254 0.303 0.324 0.291 0.309 0.352 0.313 0.293 0.310 0.330 0.352 0.364 0.366 0.350 0.353 0.367 0.398 0.400 0.344 0.362 0.416 0.432 0.449 0.466 0.501 0.545 0.458 
0.391 0.365 0.359 0.363 0.370 0.370 0.358 0.382 0.425 0.368 0.347 0.397 0.429 0.453 0.422 0.403 0.408 0.426 0.450 0.428 0.402 0.368 0.341 0.317 0.371 0.392 0.349 0.350 0.373 0.456 0.514 0.522 0.467 0.382 0.374 0.376 0.400 0.413 0.420 0.411 0.421 0.473 0.459 0.414 0.384 0.376 0.414 0.409 0.384 0.462 0.506 0.483 0.453 0.422 0.469 0.489 0.455 0.444 0.445 0.389 
0.385 0.486 0.501 0.474 0.466 0.475 0.516 0.452 0.334 0.376 0.407 0.419 0.448 0.485 0.512 0.510 0.448 0.407 0.376 0.367 0.389 0.469 0.451 0.385 0.409 0.446 0.508 0.466 0.371 0.452 0.490 0.443 0.448 0.479 0.478 0.472 0.455 0.473 0.508 0.463 0.443 0.473 0.483 0.484 0.497 0.510 0.524 0.465 0.371 0.464 0.509 0.458 0.469 0.510 0.553 0.543 0.427 0.412 0.447 0.451 
0.444 0.416 0.424 0.451 0.478 0.478 0.427 0.429 0.459 0.505 0.487 0.343 0.322 0.362 0.363 0.371 0.395 0.398 0.390 0.536 0.587 0.448 0.367 0.315 0.438 0.483 0.371 0.343 0.355 0.349 0.359 0.401 0.452 0.509 0.419 0.353 0.335 0.364 0.417 0.402 0.395 0.406 0.413 0.417 0.419 0.407 0.369 0.364 0.376 0.431 0.451 0.402 0.441 0.522 0.422 0.370 0.416 0.419 0.400 0.348 
0.314 0.319 0.333 0.351 0.371 0.362 0.294 0.283 0.300 0.358 0.406 0.432 0.481 0.541 0.536 0.520 0.483 0.462 0.449 0.404 0.373 0.372 0.332 0.272 0.402 0.462 0.384 0.350 0.338 0.375 0.422 0.492 0.475 0.414 0.425 0.414 0.360 0.351 0.365 0.407 0.421 0.380 0.364 0.362 0.419 0.442 0.398 0.388 0.395 0.391 0.413 0.485 0.518 0.532 0.498 0.438 0.328 0.313 0.347 0.373 
0.388 0.384 0.409 0.450 0.451 0.454 0.461 0.409 0.328 0.326 0.328 0.336 0.360 0.394 0.326 0.308 0.385 0.399 0.381 0.408 0.421 0.407 0.428 0.466 0.482 0.476 0.425 0.427 0.455 0.425 0.417 0.452 0.428 0.373 0.416 0.443 0.437 0.425 0.409 0.388 0.371 0.360 0.372 0.394 0.500 0.545 0.468 0.444 0.447 0.380 0.369 0.468 0.468 0.418 0.456 0.468 0.428 0.422 0.433 0.356 
0.318 0.356 0.395 0.434 0.375 0.349 0.386 0.349 0.276 0.313 0.328 0.297 0.341 0.421 0.376 0.322 0.252 0.280 0.357 0.353 0.332 0.278 0.273 0.293 0.361 0.401 0.385 0.415 0.468 0.464 0.445 0.394 0.424 0.494 0.413 0.365 0.383 0.367 0.333 0.325 0.315 0.298 0.301 0.314 0.294 0.277 0.271 0.287 0.314 0.325 0.319 0.280 0.285 0.311 0.329 0.330 0.297 0.291 0.299 0.351 
0.368 0.315 0.287 0.272 0.232 0.221 0.271 0.353 0.451 0.401 0.357 0.327 0.308 0.295 0.316 0.329 0.329 0.338 0.351 0.295 0.260 0.270 0.285 0.304 0.303 0.299 0.286 0.322 0.383 0.328 0.296 0.308 0.352 0.413 0.462 0.501 0.519 0.524 0.524 0.449 0.382 0.331 0.343 0.385 0.469 0.498 0.419 0.400 0.411 0.380 0.356 0.347 0.391 0.463 0.419 0.390 0.391 0.363 0.319 0.384 
0.427 0.427 0.400 0.361 0.360 0.345 0.301 0.318 0.367 0.358 0.351 0.350 0.329 0.299 0.281 0.282 0.319 0.314 0.288 0.363 0.417 0.429 0.428 0.419 0.371 0.342 0.347 0.350 0.352 0.372 0.384 0.378 0.364 0.347 0.310 0.274 0.240 0.331 0.485 0.410 0.356 0.345 0.334 0.324 0.354 0.381 0.398 0.388 0.364 0.342 0.348 0.411 0.409 0.375 0.369 0.376 0.408 0.399 0.370 0.325 
0.287 0.262 0.312 0.400 0.316 0.278 0.329 0.372 0.411 0.399 0.392 0.396 0.342 0.261 0.317 0.379 0.454 0.463 0.438 0.432 0.439 0.471 0.484 0.488 0.390 0.337 0.374 0.397 0.412 0.389 0.371 0.362 0.358 0.356 0.339 0.325 0.317 0.304 0.290 0.322 0.342 0.336 0.362 0.405 0.370 0.350 0.358 0.369 0.381 0.330 0.318 0.382 0.384 0.353 0.342 0.335 0.337 0.310 0.269 0.294 
0.326 0.374 0.386 0.380 0.344 0.322 0.329 0.302 0.257 0.311 0.364 0.416 0.424 0.410 0.390 0.384 0.409 0.404 0.385 0.316 0.269 0.265 0.281 0.307 0.295 0.316 0.403 0.435 0.440 0.461 0.442 0.343 0.331 0.362 0.378 0.401 0.439 0.482 0.527 0.436 0.375 0.372 0.382 0.398 0.378 0.364 0.366 0.397 0.443 0.432 0.425 0.428 0.408 0.375 0.388 0.386 0.356 0.362 0.384 0.348 
