0.252 0.222 0.244 0.258 0.222 0.226 0.234 0.235 0.209 0.244 0.232 0.205 0.222 0.255 0.226 0.221 0.270 0.213 0.234 0.256 0.254 0.231 0.187 0.218 0.247 0.278 0.236 0.248 0.236 0.243 0.198 0.223 0.279 0.254 0.287 0.214 0.281 0.453 0.299 0.257 0.216 0.222 0.220 0.231 0.202 0.238 0.244 0.196 0.218 0.226 0.197 0.194 0.234 0.275 0.208 0.241 0.213 0.222 0.241 0.242 
0.232 0.180 0.217 0.138 0.221 0.224 0.218 0.220 0.196 0.182 0.174 0.187 0.198 0.170 0.214 0.183 0.218 0.203 0.214 0.215 0.214 0.194 0.185 0.202 0.218 0.215 0.194 0.212 0.200 0.254 0.211 0.220 0.222 0.213 0.197 0.244 0.233 0.224 0.213 0.210 0.191 0.247 0.223 0.233 0.180 0.212 0.224 0.184 0.257 0.249 0.207 0.200 0.170 0.220 0.201 0.230 0.227 0.187 0.237 0.223 
0.220 0.199 0.239 0.206 0.191 0.230 0.207 0.216 0.263 0.184 0.198 0.208 0.226 0.223 0.184 0.242 0.203 0.206 0.184 0.225 0.202 0.189 0.259 0.173 0.220 0.249 0.181 0.226 0.247 0.214 0.192 0.292 0.270 0.206 0.234 0.225 0.228 0.243 0.211 0.210 0.180 0.222 0.229 0.223 0.221 0.183 0.020 0.268 0.172 0.190 0.217 0.191 0.250 0.191 0.166 0.193 0.219 0.196 0.219 0.240 
0.219 0.205 0.164 0.226 0.197 0.220 0.207 0.223 0.203 0.206 0.182 0.197 0.215 0.188 0.184 0.210 0.177 0.209 0.202 0.199 0.204 0.186 0.178 0.169 0.173 0.169 0.159 0.187 0.167 0.147 0.189 0.174 0.168 0.150 0.158 0.183 0.153 0.187 0.142 0.171 0.178 0.171 0.173 0.163 0.152 0.162 0.151 0.212 0.143 0.167 0.163 0.150 0.205 0.160 0.211 0.203 0.206 0.210 0.199 0.192 
0.178 0.241 0.161 0.157 0.160 0.141 0.193 0.146 0.150 0.155 0.167 0.159 0.116 0.198 0.141 0.185 0.181 0.167 0.198 0.168 0.197 0.173 0.183 0.172 0.137 0.217 0.161 0.145 0.162 0.150 0.163 0.144 0.145 0.173 0.115 0.130 0.127 0.131 0.144 0.136 0.138 0.120 0.129 0.151 0.118 0.142 0.125 0.574 0.422 0.439 0.463 0.438 0.451 0.450 0.437 0.473 0.647 0.620 0.617 0.615 
0.650 0.644 0.616 0.638 0.638 0.685 0.657 0.478 0.349 0.414 0.405 0.443 0.455 0.468 0.552 0.514 0.666 0.617 0.608 0.616 0.608 0.578 0.628 0.613 0.611 0.652 0.680 0.605 0.544 0.545 0.523 0.548 0.544 0.579 0.616 0.524 0.310 0.303 0.290 0.324 0.366 0.339 0.343 0.291 0.310 0.349 0.305 0.370 0.339 0.289 0.316 0.285 0.304 0.289 0.302 0.352 0.285 0.322 0.295 0.271 
0.255 0.249 0.300 0.339 0.285 0.292 0.294 0.305 0.314 0.256 0.285 0.291 0.307 0.349 0.411 0.399 0.345 0.380 0.391 0.325 0.352 0.313 0.355 0.287 0.323 0.305 0.298 0.386 0.385 0.396 0.382 0.367 0.388 0.386 0.391 0.333 0.297 0.295 0.282 0.289 0.288 0.297 0.281 0.260 0.299 0.257 0.313 0.289 0.324 0.248 0.320 0.286 0.261 0.302 0.287 0.328 0.261 0.236 0.287 0.207 
0.272 0.505 0.558 0.281 0.232 0.231 0.242 0.242 0.235 0.250 0.233 0.233 0.260 0.240 0.266 0.283 0.267 0.319 0.371 0.265 0.270 0.215 0.248 0.274 0.250 0.232 0.249 0.283 0.268 0.290 0.329 0.275 0.280 0.254 0.309 0.263 0.254 0.215 0.273 0.257 0.264 0.277 0.234 0.251 0.231 0.243 0.301 0.260 0.263 0.226 0.234 0.257 0.276 0.244 0.253 0.247 0.274 0.280 0.288 0.255 
0.251 0.250 0.320 0.248 0.281 0.274 0.263 0.261 0.227 0.213 0.254 0.246 0.263 0.229 0.222 0.222 0.261 0.223 0.221 0.224 0.248 0.224 0.229 0.230 0.228 0.254 0.254 0.278 0.221 0.215 0.240 0.230 0.257 0.294 0.255 0.238 0.225 0.208 0.219 0.225 0.222 0.218 0.218 0.222 0.246 0.291 0.251 0.196 0.231 0.216 0.257 0.212 0.229 0.246 0.245 0.249 0.270 0.310 0.252 0.244 
0.270 0.250 0.292 0.242 0.242 0.266 0.269 0.242 0.284 0.271 0.241 0.271 0.271 0.247 0.301 0.203 0.227 0.221 0.215 0.245 0.227 0.280 0.287 0.246 0.281 0.235 0.264 0.258 0.280 0.269 0.271 0.257 0.221 0.270 0.248 0.248 0.276 0.200 0.250 0.210 0.262 0.238 0.227 0.300 0.306 0.263 0.198 0.231 0.235 0.237 0.219 0.213 0.248 0.254 0.269 0.251 0.195 0.275 0.243 0.286 
0.261 0.232 0.279 0.235 0.261 0.263 0.284 0.246 0.277 0.227 0.167 0.249 0.035 0.331 0.217 0.213 0.189 0.221 0.279 0.258 0.209 0.178 0.197 0.230 0.232 0.226 0.234 0.270 0.204 0.213 0.207 0.227 0.219 0.196 0.189 0.185 0.199 0.208 0.241 0.223 0.243 0.200 0.222 0.233 0.205 0.226 0.203 0.243 0.210 0.210 0.215 0.178 0.204 0.186 0.187 0.226 0.186 0.219 0.207 0.194 
0.202 0.189 0.195 0.185 0.202 0.185 0.152 0.177 0.190 0.187 0.179 0.183 0.232 0.192 0.179 0.168 0.157 0.183 0.228 0.236 0.206 0.168 0.219 0.205 0.298 0.207 0.212 0.199 0.151 0.195 0.188 0.181 0.188 0.191 0.182 0.203 0.208 0.169 0.215 0.185 0.172 0.235 0.190 0.188 0.191 0.206 0.185 0.173 0.171 0.191 0.237 0.215 0.178 0.172 0.170 0.172 0.188 0.176 0.153 0.206 
0.155 0.175 0.206 0.210 0.184 0.177 0.197 0.167 0.155 0.184 0.151 0.174 0.164 0.656 0.474 0.466 0.460 0.454 0.483 0.452 0.419 0.482 0.697 0.646 0.649 0.673 0.667 0.647 0.669 0.652 0.612 0.638 0.672 0.691 0.651 0.533 0.384 0.406 0.386 0.355 0.405 0.453 0.449 0.577 0.680 0.682 0.620 0.644 0.652 0.628 0.645 0.593 0.656 0.609 0.636 0.703 0.659 0.270 0.188 0.348 
0.451 0.390 0.468 0.492 0.502 0.555 0.506 0.628 0.587 0.594 0.577 0.347 0.182 0.194 0.181 0.636 0.661 0.799 0.440 0.395 0.659 0.742 0.581 0.639 0.933 0.852 0.945 0.970 0.866 1.019 1.013 1.011 0.982 0.945 0.971 0.941 0.848 0.857 0.812 0.789 0.789 0.784 0.573 0.527 0.180 0.261 0.495 0.651 0.679 0.824 0.818 0.657 0.459 0.729 0.867 0.753 0.545 0.764 0.290 0.807 
0.717 0.746 0.740 0.729 0.606 0.344 0.826 0.605 0.193 0.312 0.181 0.263 0.174 0.190 0.157 0.161 0.394 0.688 0.528 0.167 0.421 0.691 0.642 0.556 0.658 0.689 0.524 0.632 0.618 0.639 0.180 0.170 0.464 0.618 0.682 0.687 0.685 0.683 0.684 0.695 0.692 0.682 0.679 0.682 0.692 0.687 0.697 0.669 0.686 0.688 0.691 0.688 0.679 0.691 0.702 0.610 0.690 0.665 0.697 0.246 
0.227 0.647 0.682 0.679 0.687 0.705 0.689 0.701 0.683 0.695 0.688 0.693 0.693 0.693 0.677 0.698 0.697 0.710 0.716 0.732 0.727 0.738 0.722 0.713 0.695 0.708 0.711 0.736 0.708 0.704 0.731 0.729 0.715 0.709 0.735 0.716 0.729 0.701 0.711 0.714 0.720 0.713 0.708 0.703 0.709 0.712 0.735 0.715 0.718 0.722 0.713 0.720 0.721 0.733 0.731 0.758 0.724 0.740 0.735 0.732 
0.777 0.770 0.749 0.760 0.736 0.719 0.722 0.773 0.737 0.662 0.265 0.247 0.206 0.264 0.243 0.253 0.260 0.265 0.265 0.296 0.236 0.275 0.266 0.310 0.302 0.310 0.250 0.247 0.269 0.258 0.305 0.272 0.306 0.256 0.217 0.267 0.260 0.278 0.271 0.262 0.331 0.274 0.303 0.272 0.278 0.277 0.322 0.312 0.241 0.275 0.252 0.253 0.270 0.278 0.253 0.277 0.303 0.312 0.258 0.310 
0.255 0.302 0.303 0.269 0.257 0.263 0.296 0.309 0.278 0.313 0.306 0.334 0.282 0.325 0.291 0.272 0.337 0.290 0.281 0.298 0.271 0.317 0.318 0.336 0.327 0.283 0.336 0.268 0.310 0.289 0.285 0.264 0.301 0.323 0.281 0.382 0.304 0.326 0.324 0.342 0.306 0.342 0.337 0.323 0.336 0.324 0.291 0.279 0.296 0.281 0.276 0.303 0.325 0.264 0.319 0.292 0.288 0.307 0.304 0.304 
0.284 0.334 0.319 0.309 0.285 0.283 0.332 0.258 0.317 0.325 0.330 0.319 0.251 0.323 0.340 0.264 0.286 0.315 0.302 0.225 0.306 0.304 0.287 0.275 0.310 0.307 0.317 0.321 0.327 0.321 0.309 0.374 0.330 0.339 0.304 0.329 0.305 0.289 0.267 0.258 0.359 0.365 0.312 0.284 0.313 0.298 0.310 0.367 0.308 0.308 0.292 0.289 0.330 0.313 0.326 0.273 0.292 0.311 0.265 0.300 
0.298 0.329 0.321 0.338 0.280 0.301 0.304 0.276 0.334 0.337 0.286 0.287 0.380 0.326 0.292 0.323 0.313 0.366 0.307 0.285 0.334 0.295 0.339 0.360 0.267 0.267 0.300 0.343 0.270 0.360 0.312 0.274 0.368 0.301 0.304 0.290 0.319 0.295 0.320 0.283 0.296 0.367 0.360 0.329 0.338 0.305 0.311 0.273 0.287 0.271 0.359 0.351 0.331 0.393 0.304 0.384 0.357 0.306 0.364 0.323 
0.274 0.360 0.388 0.301 0.243 0.252 0.262 0.297 0.341 0.316 0.353 0.280 0.394 0.341 0.361 0.340 0.352 0.346 0.264 0.276 0.294 0.328 0.364 0.277 0.351 0.303 0.375 0.293 0.274 0.307 0.322 0.355 0.328 0.330 0.332 0.259 0.259 0.323 0.301 0.279 0.352 0.370 0.292 0.295 0.277 0.271 0.290 0.300 0.315 0.281 0.296 0.282 0.353 0.297 0.325 0.362 0.358 0.361 0.317 0.323 
0.348 0.358 0.377 0.326 0.269 0.310 0.329 0.328 0.337 0.338 0.297 0.338 0.287 0.329 0.288 0.278 0.391 0.358 0.281 0.311 0.294 0.301 0.291 0.299 0.313 0.302 0.308 0.295 0.329 0.314 0.501 0.359 0.361 0.331 0.302 0.322 0.286 0.317 0.303 0.289 0.282 0.313 0.316 0.294 0.290 0.333 0.335 0.360 0.279 0.299 0.317 0.308 0.350 0.296 0.285 0.311 0.322 0.313 0.280 0.335 
0.319 0.359 0.345 0.378 0.290 0.304 0.292 0.283 0.379 0.308 0.322 0.329 0.318 0.295 0.322 0.279 0.339 0.298 0.277 0.305 0.307 0.285 0.333 0.326 0.280 0.317 0.336 0.264 0.304 0.299 0.278 0.378 0.292 0.318 0.300 0.301 0.234 0.333 0.303 0.276 0.306 0.339 0.331 0.295 0.262 0.343 0.323 0.285 0.315 0.322 0.291 0.287 0.327 0.296 0.303 0.317 0.324 0.334 0.321 0.366 
0.303 0.325 0.365 0.303 0.269 0.295 0.316 0.345 0.312 0.354 0.293 0.350 0.318 0.326 0.276 0.353 0.348 0.315 0.316 0.251 0.304 0.316 0.307 0.335 0.298 0.302 0.303 0.316 0.337 0.257 0.331 0.378 0.278 0.331 0.333 0.294 0.322 0.320 0.341 0.336 0.277 0.290 0.295 0.338 0.325 0.299 0.292 0.328 0.301 0.273 0.314 0.305 0.336 0.310 0.262 0.274 0.278 0.292 0.335 0.301 
