-0.093 -0.085 -0.102 -0.104 -0.075 -0.107 -0.081 -0.069 -0.082 -0.066 -0.105 -0.112 -0.107 -0.111 -0.073 -0.075 -0.109 -0.091 -0.101 -0.078 -0.076 -0.083 -0.075 -0.080 -0.078 -0.116 -0.117 -0.082 -0.080 -0.110 -0.077 -0.112 -0.073 -0.081 -0.082 -0.068 -0.115 -0.108 -0.083 -0.114 -0.112 -0.079 -0.084 -0.116 -0.087 -0.113 -0.117 -0.115 -0.085 -0.084 -0.080 -0.114 -0.115 -0.117 -0.087 -0.081 -0.114 -0.114 -0.077 -0.114 
-0.111 -0.084 -0.083 -0.075 -0.084 -0.071 -0.115 -0.109 -0.081 -0.066 -0.116 -0.107 -0.082 -0.110 -0.085 -0.077 -0.085 -0.111 -0.085 -0.111 -0.112 -0.077 -0.112 -0.065 -0.107 -0.066 -0.113 -0.107 -0.105 -0.078 -0.103 -0.084 -0.062 -0.105 -0.073 -0.079 -0.094 -0.110 -0.068 -0.106 -0.099 -0.073 -0.074 -0.077 -0.101 -0.101 -0.106 -0.063 -0.062 -0.093 -0.091 -0.087 -0.112 -0.107 -0.078 -0.106 -0.078 -0.097 -0.078 -0.096 
-0.114 -0.106 -0.114 -0.104 -0.101 -0.089 -0.070 -0.069 -0.107 -0.101 -0.073 -0.057 -0.066 -0.087 -0.104 -0.109 -0.099 -0.112 -0.105 -0.105 -0.078 -0.061 -0.063 -0.091 -0.075 -0.074 -0.097 -0.070 -0.065 -0.066 -0.060 -0.060 -0.048 -0.051 -0.090 -0.041 -0.084 -0.084 -0.084 -0.042 -0.044 -0.052 -0.028 -0.053 -0.066 -0.064 -0.064 -0.058 -0.066 -0.085 -0.050 -0.047 -0.084 -0.066 -0.056 -0.066 -0.095 -0.063 -0.058 -0.064 
-0.073 -0.092 -0.069 -0.051 -0.048 -0.045 -0.089 -0.043 -0.061 -0.073 -0.053 -0.076 -0.096 -0.063 -0.068 -0.056 -0.097 -0.062 -0.053 -0.054 -0.029 -0.047 -0.064 -0.044 -0.051 -0.047 -0.040 -0.078 -0.041 -0.057 -0.072 -0.075 -0.050 -0.037 -0.072 -0.041 -0.066 -0.049 -0.059 -0.090 -0.068 -0.043 -0.043 -0.081 -0.052 -0.054 -0.055 -0.072 -0.063 -0.069 -0.056 -0.057 -0.051 -0.043 -0.087 -0.053 -0.056 -0.045 -0.048 -0.078 
-0.042 -0.050 -0.048 -0.054 -0.077 -0.043 -0.051 -0.058 -0.084 -0.083 -0.056 -0.057 -0.075 -0.045 -0.052 -0.057 -0.053 -0.078 -0.063 -0.049 -0.064 -0.049 -0.081 -0.043 -0.049 -0.055 -0.083 -0.079 -0.055 -0.040 -0.028 -0.052 -0.069 -0.056 -0.070 -0.053 -0.064 -0.066 -0.082 -0.063 -0.053 -0.044 -0.071 -0.062 -0.049 -0.051 -0.060 -0.066 -0.097 -0.047 -0.040 -0.022 -0.076 -0.067 -0.041 -0.053 -0.080 -0.044 -0.023 -0.051 
-0.081 -0.062 -0.058 -0.035 -0.053 -0.066 -0.080 -0.050 -0.035 -0.054 -0.091 -0.065 -0.061 -0.041 -0.054 -0.075 -0.041 -0.049 -0.075 -0.050 -0.036 -0.051 -0.070 -0.091 -0.069 -0.065 -0.058 -0.042 -0.090 -0.052 -0.059 -0.071 -0.078 -0.100 -0.063 -0.050 -0.052 -0.060 -0.084 -0.059 -0.027 -0.090 -0.095 -0.056 -0.045 -0.051 -0.051 -0.068 -0.045 -0.055 -0.062 -0.047 -0.042 -0.061 -0.071 -0.066 -0.091 -0.058 -0.037 -0.043 
-0.082 -0.075 -0.054 -0.071 -0.076 -0.079 -0.054 -0.057 -0.064 -0.075 -0.063 -0.061 -0.063 -0.095 -0.061 -0.040 -0.040 -0.062 -0.086 -0.088 -0.046 -0.049 -0.092 -0.052 -0.051 -0.062 -0.078 -0.052 -0.066 -0.070 -0.087 -0.074 -0.048 -0.059 -0.108 -0.053 -0.098 -0.073 -0.063 -0.050 -0.081 -0.051 -0.047 -0.104 -0.048 -0.044 -0.096 -0.066 -0.030 -0.062 -0.043 -0.094 -0.044 -0.070 -0.074 -0.081 -0.063 -0.088 -0.040 -0.051 
-0.083 -0.051 -0.059 -0.075 -0.063 -0.056 -0.036 -0.091 -0.057 -0.069 -0.066 -0.094 -0.089 -0.039 -0.071 -0.054 -0.099 -0.065 -0.060 -0.060 -0.049 -0.086 -0.063 -0.040 -0.050 -0.059 -0.106 -0.058 -0.082 -0.094 -0.052 -0.063 -0.063 -0.101 -0.060 -0.032 -0.053 -0.083 -0.059 -0.072 -0.077 -0.055 -0.074 -0.093 -0.065 -0.056 -0.059 -0.088 -0.091 -0.067 -0.054 -0.045 -0.079 -0.094 -0.060 -0.061 -0.069 -0.090 -0.041 -0.048 
-0.082 -0.072 -0.060 -0.053 -0.080 -0.068 -0.061 -0.039 -0.038 -0.008 -0.093 -0.072 -0.080 -0.065 -0.075 -0.102 -0.069 -0.073 -0.067 -0.090 -0.042 -0.058 -0.069 -0.070 -0.083 -0.086 -0.054 -0.032 -0.053 -0.088 -0.072 -0.076 -0.062 -0.094 -0.069 -0.058 -0.079 -0.077 -0.105 -0.081 -0.065 -0.079 -0.072 -0.064 -0.077 -0.063 -0.071 -0.039 -0.066 -0.099 -0.047 -0.060 -0.048 -0.053 -0.096 -0.059 -0.057 -0.044 -0.105 -0.072 
-0.096 -0.075 -0.063 -0.057 -0.095 -0.061 -0.056 -0.062 -0.099 -0.064 -0.072 -0.097 -0.061 -0.050 -0.073 -0.064 -0.105 -0.076 -0.091 -0.082 -0.054 -0.096 -0.076 -0.060 -0.061 -0.057 -0.069 -0.088 -0.068 -0.072 -0.075 -0.106 -0.060 -0.074 -0.059 -0.093 -0.079 -0.088 -0.058 -0.062 -0.103 -0.075 -0.026 -0.063 -0.092 -0.065 -0.064 -0.067 -0.095 -0.075 -0.042 -0.034 -0.066 -0.087 -0.072 -0.103 -0.068 -0.070 -0.075 -0.104 
-0.075 -0.069 -0.079 -0.057 -0.103 -0.054 -0.064 -0.081 -0.074 -0.094 -0.061 -0.067 -0.064 -0.074 -0.084 -0.096 -0.103 -0.067 -0.075 -0.074 -0.050 -0.083 -0.063 -0.064 -0.089 -0.036 -0.073 -0.090 -0.075 -0.064 -0.071 -0.065 -0.068 -0.086 -0.079 -0.054 -0.057 -0.068 -0.074 -0.077 -0.041 -0.058 -0.056 -0.059 -0.061 -0.064 -0.062 -0.065 -0.073 -0.065 -0.069 -0.047 -0.059 -0.056 -0.100 -0.094 -0.055 -0.064 -0.085 -0.048 
-0.068 -0.004 -0.068 -0.054 -0.018 -0.090 -0.046 -0.107 -0.074 -0.059 -0.078 -0.092 -0.065 -0.068 -0.098 -0.074 -0.072 -0.066 -0.097 -0.054 -0.069 -0.059 -0.047 -0.048 -0.078 -0.065 -0.070 -0.078 -0.081 -0.102 -0.058 -0.103 -0.072 -0.068 -0.099 -0.055 -0.065 -0.109 -0.068 -0.092 -0.068 -0.083 -0.059 -0.099 -0.100 -0.070 -0.071 -0.057 -0.105 -0.005 0.057 0.077 0.051 0.037 0.015 0.029 -0.015 -0.024 -0.032 -0.047 
-0.064 -0.048 0.016 0.051 0.050 0.061 0.029 0.010 0.003 -0.017 -0.061 -0.044 -0.062 -0.068 -0.084 -0.085 -0.100 -0.096 -0.083 -0.103 -0.050 -0.070 -0.092 -0.017 0.071 0.006 -0.088 -0.037 -0.001 -0.042 -0.065 -0.060 -0.077 -0.074 -0.086 -0.103 -0.094 -0.087 -0.071 -0.072 -0.066 -0.097 -0.055 -0.062 -0.108 -0.071 -0.072 -0.067 -0.084 -0.064 -0.084 -0.080 -0.074 -0.103 -0.064 -0.081 -0.092 -0.073 -0.077 -0.055 
-0.095 -0.073 -0.081 -0.107 -0.042 -0.061 -0.051 -0.102 -0.052 -0.076 -0.089 -0.091 -0.117 -0.072 -0.077 -0.076 -0.093 -0.096 -0.099 -0.069 -0.094 -0.076 -0.069 -0.083 -0.082 -0.068 -0.063 -0.103 -0.070 -0.072 -0.056 -0.080 -0.062 -0.051 -0.075 -0.050 -0.078 -0.057 -0.113 -0.058 -0.094 -0.080 -0.059 -0.105 -0.068 -0.086 -0.067 -0.109 -0.055 -0.067 -0.091 -0.057 -0.070 -0.071 -0.105 -0.052 -0.075 -0.071 -0.076 -0.102 
-0.065 -0.063 -0.078 -0.082 -0.081 -0.094 -0.076 -0.114 -0.073 -0.072 -0.063 -0.104 -0.069 -0.080 -0.076 -0.061 -0.103 -0.051 -0.081 -0.101 -0.091 -0.060 -0.070 -0.063 -0.096 -0.074 -0.087 -0.068 -0.072 -0.086 -0.079 -0.078 -0.069 -0.072 -0.119 -0.056 -0.071 -0.087 -0.096 -0.098 -0.101 -0.066 -0.054 -0.063 -0.111 -0.071 -0.113 -0.065 -0.072 -0.071 -0.046 -0.028 -0.063 -0.076 -0.067 -0.077 -0.096 -0.075 -0.098 -0.039 
-0.120 -0.070 -0.058 -0.063 -0.104 -0.074 -0.076 -0.068 -0.088 -0.103 -0.086 -0.083 -0.087 -0.093 -0.102 -0.126 -0.076 -0.091 -0.082 -0.089 -0.070 -0.063 -0.116 -0.064 -0.083 -0.079 -0.038 -0.089 -0.072 -0.081 -0.093 -0.085 -0.082 -0.049 -0.090 -0.063 -0.086 -0.069 -0.072 -0.066 -0.075 -0.081 -0.044 0.069 -0.005 -0.011 0.001 0.007 -0.033 -0.013 0.012 0.002 -0.027 -0.044 -0.031 0.038 0.010 0.011 0.008 -0.003 
0.008 0.016 0.003 -0.037 0.001 0.005 0.006 0.017 0.014 -0.026 -0.035 0.015 0.011 0.007 0.009 -0.028 0.000 -0.031 -0.044 -0.020 -0.021 -0.022 -0.033 -0.012 -0.030 -0.023 0.005 -0.046 0.025 -0.017 0.011 -0.011 -0.038 -0.052 -0.025 -0.003 0.025 -0.051 -0.007 -0.024 -0.020 -0.017 -0.012 -0.032 0.013 -0.018 -0.036 -0.032 -0.044 -0.064 -0.046 -0.045 -0.030 -0.044 -0.024 -0.016 -0.054 0.004 -0.029 0.000 
-0.041 -0.041 -0.060 -0.023 -0.022 -0.014 -0.045 -0.045 -0.055 -0.061 -0.044 -0.045 -0.049 -0.039 -0.063 -0.048 -0.050 -0.058 -0.049 -0.045 -0.019 -0.015 -0.042 -0.065 -0.026 0.009 -0.047 -0.009 0.123 -0.036 -0.028 -0.042 -0.044 -0.075 -0.031 0.016 -0.035 -0.028 -0.033 -0.033 -0.059 -0.046 -0.049 -0.063 -0.030 -0.008 -0.060 -0.022 -0.019 -0.037 -0.072 -0.023 -0.023 -0.070 -0.020 -0.021 -0.045 -0.060 -0.019 -0.029 
-0.003 -0.054 -0.047 -0.022 -0.019 -0.036 -0.036 -0.006 -0.014 0.007 -0.054 0.007 0.039 0.001 -0.042 -0.076 -0.045 -0.047 -0.045 -0.055 -0.041 -0.037 -0.062 -0.048 -0.034 -0.044 -0.060 -0.033 0.004 -0.049 -0.028 -0.053 -0.047 -0.027 -0.054 -0.035 -0.064 -0.056 -0.087 -0.043 -0.030 -0.042 -0.041 -0.079 -0.058 -0.058 -0.062 -0.052 -0.067 -0.052 -0.052 -0.046 -0.050 -0.040 -0.049 -0.032 -0.083 -0.024 -0.081 -0.063 
-0.047 -0.053 -0.028 -0.046 -0.007 -0.011 -0.056 -0.032 -0.048 -0.054 -0.016 -0.065 -0.018 -0.005 -0.049 -0.052 -0.012 -0.037 -0.027 -0.080 -0.045 -0.076 -0.056 -0.020 0.004 -0.029 -0.050 -0.048 -0.056 -0.080 -0.037 -0.027 -0.055 -0.038 -0.041 -0.039 -0.021 -0.029 -0.047 -0.053 -0.023 -0.016 -0.037 0.005 -0.052 -0.056 -0.080 -0.040 -0.040 -0.042 -0.030 -0.053 -0.054 -0.058 -0.033 -0.049 -0.058 -0.016 -0.074 -0.073 
-0.068 -0.050 -0.035 -0.007 -0.025 -0.029 0.007 -0.028 -0.034 -0.034 -0.021 -0.017 -0.030 -0.045 -0.046 -0.072 -0.045 -0.042 -0.045 -0.074 -0.070 -0.176 -0.063 -0.060 -0.063 -0.057 -0.041 -0.060 -0.059 -0.060 -0.061 -0.042 -0.049 -0.044 -0.024 -0.046 -0.051 -0.063 -0.043 -0.068 -0.059 -0.076 -0.039 -0.047 -0.050 -0.072 -0.063 -0.052 -0.059 -0.060 -0.088 -0.050 -0.055 -0.054 -0.057 -0.053 -0.065 -0.077 -0.070 -0.079 
-0.094 -0.092 -0.098 -0.070 -0.078 -0.069 -0.073 -0.079 -0.091 -0.084 -0.067 -0.085 -0.064 -0.090 -0.082 -0.080 -0.076 -0.075 -0.071 -0.094 -0.090 -0.092 -0.080 -0.111 -0.113 -0.084 -0.072 -0.077 -0.083 -0.078 -0.075 -0.086 -0.070 -0.080 -0.079 -0.072 -0.080 -0.075 -0.087 -0.093 -0.094 -0.051 -0.087 -0.090 -0.101 -0.109 -0.083 -0.126 -0.069 -0.093 -0.073 -0.074 -0.087 -0.064 -0.080 -0.059 -0.076 -0.084 -0.079 -0.099 
-0.082 -0.088 -0.096 -0.086 -0.095 -0.099 -0.095 -0.134 -0.110 -0.139 -0.104 -0.105 -0.109 -0.103 -0.106 -0.137 -0.110 -0.108 -0.100 -0.107 -0.099 -0.106 0.461 0.222 0.213 0.223 0.193 0.209 0.213 0.217 0.528 0.455 0.452 0.429 0.445 0.424 0.389 0.458 0.561 0.575 0.404 0.347 0.262 0.209 0.178 0.172 0.212 0.474 0.456 0.451 0.498 0.457 0.427 0.380 0.479 0.544 0.419 -0.103 -0.100 -0.097 
-0.106 -0.103 -0.112 -0.130 -0.100 -0.109 -0.096 -0.125 -0.136 -0.098 -0.086 -0.095 -0.101 -0.099 -0.076 -0.090 -0.116 -0.100 -0.097 -0.101 -0.104 -0.094 -0.098 -0.104 -0.087 -0.104 -0.137 -0.132 -0.117 -0.124 -0.096 -0.097 -0.138 -0.127 -0.093 -0.100 -0.101 -0.135 -0.084 -0.110 -0.096 -0.130 -0.114 -0.132 -0.073 0.004 0.022 0.014 0.024 -0.024 -0.019 -0.022 0.185 0.324 0.213 0.090 -0.084 -0.007 0.011 0.006 
