0.194 0.183 0.182 0.182 0.223 0.212 0.186 0.215 0.215 0.225 0.229 0.224 0.229 0.221 0.228 0.226 0.224 0.225 0.217 0.223 0.222 0.232 0.207 0.218 0.229 0.222 0.216 0.218 0.224 0.223 0.224 0.221 0.217 0.213 0.208 0.214 0.214 0.211 0.219 0.215 0.217 0.218 0.218 0.217 0.225 0.206 0.194 0.216 0.223 0.231 0.231 0.227 0.219 0.228 0.251 0.239 0.245 0.234 0.226 0.229 
0.217 0.214 0.211 0.224 0.225 0.220 0.228 0.225 0.235 0.190 0.199 0.230 0.205 0.239 0.197 0.224 0.189 0.191 0.213 0.230 0.224 0.228 0.228 0.190 0.229 0.210 0.222 0.193 0.201 0.225 0.229 0.187 0.229 0.193 0.239 0.206 0.210 0.239 0.190 0.240 0.190 0.197 0.188 0.233 0.221 0.233 0.203 0.207 0.217 0.242 0.225 0.211 0.239 0.217 0.212 0.214 0.218 0.223 0.218 0.218 
0.248 0.239 0.208 0.214 0.216 0.239 0.260 0.234 0.244 0.252 0.248 0.215 0.241 0.238 0.242 0.264 0.251 0.269 0.231 0.263 0.234 0.282 0.249 0.249 0.247 0.268 0.230 0.225 0.227 0.279 0.268 0.451 0.280 0.259 0.271 0.297 0.291 0.283 0.269 0.279 0.233 0.277 0.288 0.279 0.292 0.277 0.283 0.288 0.274 0.282 0.290 0.288 0.290 0.278 0.286 0.314 0.297 0.282 0.298 0.292 
0.276 0.291 0.295 0.317 0.318 0.306 0.305 0.300 0.319 0.325 0.298 0.314 0.284 0.365 0.317 0.322 0.276 0.303 0.290 0.297 0.316 0.296 0.343 0.307 0.316 0.339 0.322 0.325 0.315 0.337 0.298 0.315 0.314 0.309 0.330 0.332 0.326 0.292 0.351 0.318 0.338 0.317 0.348 0.328 0.321 0.326 0.330 0.351 0.287 0.290 0.313 0.350 0.379 0.317 0.326 0.327 0.314 0.286 0.339 0.340 
0.336 0.300 0.325 0.315 0.301 0.329 0.311 0.297 0.326 0.318 0.325 0.324 0.306 0.311 0.292 0.314 0.322 0.329 0.315 0.329 0.273 0.341 0.351 0.319 0.304 0.308 0.320 0.328 0.316 0.353 0.307 0.290 0.325 0.342 0.325 0.307 0.309 0.351 0.318 0.310 0.328 0.323 0.330 0.307 0.332 0.344 0.309 0.295 0.334 0.351 0.331 0.320 0.296 0.314 0.325 0.342 0.325 0.330 0.357 0.312 
0.336 0.295 0.315 0.334 0.359 0.325 0.297 0.330 0.346 0.326 0.301 0.322 0.333 0.348 0.322 0.325 0.291 0.292 0.313 0.312 0.322 0.333 0.300 0.329 0.321 0.356 0.321 0.316 0.322 0.356 0.302 0.322 0.317 0.337 0.321 0.355 0.327 0.310 0.342 0.325 0.358 0.353 0.348 0.424 0.336 0.332 0.305 0.327 0.328 0.343 0.319 0.338 0.372 0.312 0.312 0.340 0.325 0.333 0.331 0.309 
0.320 0.319 0.314 0.343 0.346 0.364 0.320 0.340 0.317 0.334 0.333 0.364 0.293 0.368 0.325 0.367 0.413 0.457 0.479 0.387 0.416 0.394 0.328 0.295 0.289 0.329 0.351 0.324 0.328 0.311 0.327 0.303 0.344 0.329 0.364 0.303 0.346 0.327 0.293 0.305 0.343 0.291 0.356 0.344 0.314 0.324 0.321 0.324 0.332 0.300 0.322 0.305 0.329 0.310 0.314 0.316 0.326 0.332 0.317 0.322 
0.318 0.285 0.307 0.323 0.325 0.313 0.356 0.342 0.329 0.321 0.372 0.322 0.293 0.331 0.304 0.314 0.348 0.310 0.297 0.307 0.334 0.335 0.353 0.348 0.309 0.329 0.327 0.327 0.356 0.388 0.297 0.326 0.327 0.309 0.315 0.361 0.347 0.356 0.313 0.304 0.339 0.358 0.355 0.299 0.361 0.294 0.331 0.285 0.293 0.321 0.299 0.323 0.340 0.333 0.302 0.349 0.325 0.299 0.378 0.336 
0.339 0.320 0.358 0.343 0.340 0.340 0.356 0.354 0.330 0.391 0.333 0.317 0.350 0.358 0.331 0.303 0.347 0.372 0.306 0.355 0.312 0.348 0.338 0.325 0.342 0.321 0.325 0.343 0.330 0.327 0.313 0.316 0.338 0.363 0.332 0.310 0.332 0.324 0.365 0.352 0.321 0.340 0.358 0.292 0.316 0.313 0.317 0.319 0.332 0.359 0.321 0.339 0.336 0.336 0.340 0.355 0.286 0.336 0.321 0.317 
0.297 0.316 0.351 0.340 0.368 0.299 0.339 0.367 0.338 0.336 0.341 0.358 0.316 0.352 0.350 0.316 0.346 0.302 0.310 0.350 0.346 0.312 0.307 0.297 0.325 0.331 0.338 0.366 0.355 0.322 0.323 0.315 0.336 0.327 0.335 0.357 0.359 0.336 0.334 0.341 0.343 0.343 0.326 0.340 0.328 0.302 0.297 0.327 0.344 0.351 0.337 0.353 0.352 0.303 0.324 0.339 0.317 0.331 0.320 0.322 
0.312 0.327 0.298 0.362 0.351 0.326 0.360 0.346 0.295 0.327 0.337 0.331 0.334 0.361 0.347 0.347 0.308 0.319 0.311 0.305 0.330 0.369 0.330 0.337 0.401 0.349 0.348 0.339 0.373 0.327 0.350 0.297 0.334 0.359 0.354 0.307 0.345 0.345 0.336 0.336 0.308 0.372 0.362 0.343 0.342 0.339 0.300 0.326 0.332 0.324 0.310 0.347 0.332 0.333 0.337 0.342 0.318 0.332 0.340 0.326 
0.327 0.291 0.344 0.350 0.364 0.359 0.362 0.379 0.317 0.330 0.346 0.358 0.285 0.337 0.348 0.358 0.369 0.333 0.323 0.355 0.357 0.376 0.320 0.325 0.337 0.342 0.304 0.362 0.343 0.325 0.311 0.321 0.349 0.336 0.362 0.352 0.332 0.358 0.333 0.323 0.342 0.331 0.409 0.467 0.425 0.427 0.456 0.455 0.451 0.414 0.422 0.448 0.422 0.396 0.354 0.442 0.377 0.359 0.394 0.358 
0.476 0.480 0.459 0.444 0.466 0.468 0.393 0.438 0.439 0.386 0.403 0.380 0.377 0.342 0.360 0.348 0.356 0.319 0.352 0.360 0.314 0.366 0.337 0.341 0.331 0.344 0.351 0.369 0.368 0.347 0.342 0.319 0.356 0.334 0.374 0.356 0.365 0.353 0.308 0.351 0.345 0.352 0.357 0.343 0.361 0.354 0.320 0.338 0.339 0.307 0.351 0.382 0.373 0.339 0.296 0.323 0.299 0.312 0.331 0.358 
0.360 0.321 0.357 0.353 0.363 0.360 0.379 0.340 0.344 0.332 0.335 0.351 0.396 0.321 0.312 0.356 0.354 0.349 0.358 0.361 0.364 0.385 0.372 0.344 0.354 0.310 0.355 0.323 0.384 0.347 0.350 0.317 0.352 0.360 0.388 0.361 0.378 0.354 0.317 0.344 0.350 0.368 0.383 0.374 0.340 0.334 0.344 0.393 0.326 0.352 0.344 0.384 0.329 0.356 0.351 0.366 0.343 0.325 0.389 0.342 
0.321 0.350 0.353 0.353 0.338 0.352 0.345 0.379 0.334 0.353 0.339 0.346 0.363 0.330 0.348 0.358 0.360 0.320 0.375 0.357 0.311 0.325 0.351 0.359 0.361 0.348 0.333 0.345 0.370 0.333 0.343 0.328 0.326 0.366 0.361 0.359 0.342 0.364 0.336 0.328 0.329 0.348 0.380 0.349 0.355 0.344 0.353 0.354 0.309 0.346 0.360 0.354 0.349 0.348 0.332 0.334 0.339 0.338 0.372 0.352 
0.368 0.342 0.369 0.367 0.332 0.359 0.376 0.343 0.343 0.368 0.319 0.316 0.351 0.348 0.333 0.339 0.353 0.331 0.338 0.366 0.337 0.350 0.348 0.333 0.307 0.337 0.381 0.351 0.366 0.358 0.317 0.350 0.369 0.359 0.315 0.348 0.347 0.343 0.336 0.339 0.345 0.320 0.372 0.339 0.376 0.366 0.359 0.345 0.338 0.390 0.315 0.368 0.388 0.342 0.314 0.363 0.371 0.342 0.365 0.315 
0.374 0.347 0.312 0.352 0.379 0.314 0.368 0.359 0.332 0.350 0.355 0.375 0.311 0.345 0.316 0.324 0.334 0.366 0.353 0.340 0.301 0.341 0.378 0.343 0.348 0.353 0.328 0.326 0.347 0.360 0.316 0.302 0.349 0.360 0.347 0.321 0.364 0.375 0.339 0.342 0.337 0.327 0.323 0.348 0.354 0.309 0.352 0.327 0.317 0.341 0.341 0.350 0.329 0.311 0.336 0.352 0.323 0.333 0.315 0.335 
0.343 0.334 0.339 0.306 0.327 0.326 0.334 0.376 0.361 0.359 0.306 0.346 0.360 0.323 0.323 0.322 0.323 0.313 0.339 0.350 0.300 0.322 0.315 0.327 0.368 0.348 0.336 0.328 0.339 0.464 0.358 0.324 0.344 0.322 0.360 0.338 0.355 0.357 0.314 0.326 0.314 0.317 0.346 0.350 0.318 0.315 0.326 0.335 0.328 0.339 0.315 0.328 0.337 0.331 0.349 0.334 0.336 0.277 0.305 0.323 
0.337 0.323 0.299 0.338 0.346 0.314 0.358 0.340 0.333 0.330 0.346 0.305 0.358 0.345 0.351 0.313 0.302 0.324 0.320 0.348 0.339 0.357 0.303 0.317 0.311 0.328 0.325 0.317 0.332 0.332 0.322 0.288 0.350 0.340 0.367 0.324 0.343 0.336 0.331 0.319 0.316 0.322 0.343 0.357 0.327 0.316 0.332 0.361 0.345 0.295 0.342 0.345 0.328 0.315 0.322 0.341 0.327 0.307 0.330 0.344 
0.335 0.324 0.335 0.361 0.308 0.352 0.358 0.307 0.353 0.347 0.337 0.322 0.344 0.390 0.331 0.312 0.321 0.320 0.335 0.320 0.319 0.324 0.342 0.322 0.348 0.338 0.324 0.302 0.306 0.332 0.349 0.322 0.358 0.310 0.340 0.340 0.338 0.358 0.312 0.329 0.365 0.343 0.328 0.358 0.336 0.325 0.340 0.295 0.304 0.341 0.325 0.353 0.346 0.315 0.334 0.367 0.339 0.336 0.331 0.328 
0.336 0.340 0.344 0.358 0.320 0.307 0.349 0.323 0.334 0.341 0.335 0.307 0.356 0.357 0.317 0.310 0.330 0.290 0.295 0.327 0.314 0.325 0.193 0.311 0.323 0.323 0.312 0.323 0.363 0.300 0.314 0.320 0.310 0.303 0.320 0.327 0.346 0.333 0.324 0.318 0.329 0.288 0.276 0.308 0.322 0.346 0.311 0.311 0.315 0.319 0.335 0.282 0.335 0.353 0.328 0.342 0.308 0.326 0.294 0.316 
0.328 0.343 0.303 0.292 0.321 0.319 0.335 0.337 0.296 0.274 0.295 0.291 0.298 0.287 0.296 0.296 0.295 0.308 0.290 0.302 0.277 0.277 0.259 0.298 0.332 0.309 0.269 0.295 0.297 0.300 0.296 0.291 0.299 0.289 0.264 0.304 0.293 0.317 0.318 0.315 0.257 0.248 0.249 0.268 0.269 0.256 0.267 0.264 0.261 0.260 0.267 0.271 0.264 0.264 0.244 0.265 0.276 0.270 0.259 0.266 
0.259 0.262 0.269 0.258 0.240 0.254 0.264 0.235 0.264 0.264 0.258 0.269 0.265 0.259 0.265 0.263 0.270 0.266 0.279 0.265 0.261 0.264 0.259 0.824 0.627 0.591 0.597 0.608 0.593 0.572 0.759 0.884 0.783 0.836 0.782 0.771 0.808 0.818 0.772 0.797 0.980 0.995 0.777 0.654 0.629 0.592 0.580 0.592 0.649 0.824 0.810 0.811 0.752 0.820 0.796 0.811 0.834 0.813 0.931 0.822 
0.263 0.264 0.257 0.264 0.255 0.234 0.243 0.263 0.270 0.260 0.266 0.260 0.265 0.266 0.259 0.262 0.257 0.264 0.233 0.258 0.264 0.260 0.264 0.274 0.260 0.268 0.257 0.258 0.235 0.258 0.265 0.260 0.265 0.270 0.260 0.272 0.236 0.263 0.265 0.263 0.269 0.264 0.271 0.284 0.266 0.237 0.280 0.794 0.639 0.428 0.267 0.226 0.240 0.236 0.232 0.278 0.258 0.234 0.262 0.232 
