0.052 0.088 0.092 0.082 0.073 0.023 0.075 0.079 0.066 0.092 0.075 0.065 0.066 0.041 0.056 0.051 -0.062 0.060 0.052 0.054 0.030 0.023 0.082 0.056 0.066 0.089 0.059 0.083 0.061 0.034 0.063 0.076 0.059 0.057 0.057 0.077 0.060 0.054 0.065 0.067 0.037 0.034 0.068 0.050 0.058 0.055 0.042 0.042 0.060 0.077 0.075 0.025 0.085 0.076 0.068 0.047 0.058 0.002 0.030 0.031 
0.026 0.036 0.032 0.059 0.046 0.054 0.033 0.052 0.026 0.032 0.010 0.037 0.035 0.040 0.038 0.042 0.007 0.048 0.032 0.033 0.027 0.016 0.057 0.024 0.034 0.036 0.025 0.025 0.018 0.025 -0.007 0.024 0.027 0.044 0.050 0.018 0.039 -0.000 0.035 0.027 0.021 0.034 0.013 0.035 0.029 0.049 0.042 0.059 0.028 0.047 0.028 0.047 -0.011 -0.006 0.022 0.022 0.020 0.016 0.040 0.004 
0.019 0.020 0.003 0.028 0.044 0.029 0.020 0.021 0.025 0.022 0.042 0.027 0.023 0.024 0.019 0.014 0.030 0.591 0.396 0.333 0.314 0.291 0.318 0.308 0.296 0.570 0.677 0.590 0.744 0.609 0.555 0.516 0.386 0.443 0.434 0.651 0.614 0.568 0.555 0.559 0.535 0.586 0.503 0.554 0.672 0.472 0.016 0.011 0.015 0.007 0.008 0.003 0.012 -0.017 0.007 0.010 0.008 0.008 0.017 0.010 
0.021 0.013 -0.008 0.005 -0.020 0.015 0.028 0.027 0.027 0.012 0.019 0.014 0.014 0.023 0.009 0.018 -0.019 0.024 0.020 0.011 0.022 0.014 -0.010 0.022 0.019 0.004 -0.004 0.047 0.024 0.025 -0.005 -0.007 0.027 0.011 0.016 0.025 -0.012 0.048 0.017 0.022 0.023 0.008 -0.018 -0.024 0.018 0.011 0.016 0.015 0.108 0.141 0.140 0.153 0.143 0.107 0.106 0.143 0.494 0.361 0.262 0.127 
0.018 0.124 0.130 0.143 0.160 0.087 0.102 0.120 0.080 0.053 0.059 0.056 0.048 0.027 -0.014 0.010 0.013 0.009 0.011 0.085 0.486 0.432 0.150 -0.017 0.013 -0.008 -0.009 0.009 0.016 0.015 0.024 0.015 0.015 0.022 0.019 0.041 0.016 0.008 0.031 0.027 0.021 0.005 -0.018 0.022 0.019 0.027 0.003 0.003 0.012 0.011 -0.023 0.011 0.010 0.008 0.013 -0.014 0.023 -0.013 -0.000 0.007 
0.011 -0.022 0.018 -0.004 -0.003 0.019 -0.004 0.017 0.016 -0.014 -0.014 0.010 -0.020 0.017 -0.018 0.021 -0.017 -0.013 -0.011 -0.010 0.046 0.038 0.028 0.036 0.023 0.026 0.024 0.020 -0.015 0.027 0.010 0.051 -0.006 -0.008 0.016 0.037 -0.015 0.025 0.031 0.009 0.039 -0.001 0.025 0.005 0.026 0.004 -0.004 0.043 -0.004 0.000 0.035 0.013 0.006 0.006 -0.002 0.002 0.043 0.018 0.061 0.048 
0.031 0.038 0.022 0.038 0.038 0.058 0.016 0.071 0.039 0.021 0.039 0.064 0.034 0.057 0.043 0.035 0.048 0.042 0.070 0.031 0.036 0.062 0.065 0.062 0.040 0.045 0.051 0.057 0.099 0.088 0.113 0.045 0.070 0.083 0.080 0.086 0.101 0.090 0.084 0.078 0.076 0.078 0.051 0.076 0.079 0.177 0.089 0.077 0.104 0.048 0.077 0.085 0.071 0.081 0.071 0.075 0.080 0.110 0.110 0.099 
0.115 0.056 0.107 0.078 0.089 0.111 0.117 0.060 0.110 0.100 0.100 0.093 0.095 0.090 0.121 0.124 0.088 0.068 0.096 0.099 0.098 0.109 0.090 0.102 0.095 0.060 0.099 0.087 0.120 0.121 0.117 0.108 0.087 0.064 0.229 0.191 0.142 0.068 0.066 0.091 0.093 0.091 0.132 0.096 0.082 0.150 0.091 0.117 0.091 0.080 0.129 0.090 0.101 0.080 0.119 0.108 0.108 0.079 0.121 0.081 
0.098 0.108 0.099 0.096 0.155 0.108 0.135 0.091 0.107 0.093 0.053 0.111 0.106 0.127 0.129 0.149 0.073 0.056 0.101 0.106 0.118 0.093 0.094 0.112 0.086 0.094 0.130 0.070 0.131 0.093 0.115 0.099 0.117 0.093 0.100 0.154 0.092 0.124 0.097 0.109 0.118 0.092 0.091 0.121 0.105 0.111 0.068 0.101 0.074 0.093 0.113 0.104 0.071 0.106 0.074 0.077 0.135 0.125 0.117 0.070 
0.110 0.102 0.122 0.129 0.107 0.109 0.122 0.109 0.103 0.101 0.106 0.090 0.072 0.089 0.101 0.132 0.077 0.147 0.111 0.086 0.050 0.099 0.086 0.054 0.113 0.115 0.109 0.114 0.103 0.093 0.081 0.097 0.070 0.099 0.106 0.143 0.110 0.094 0.105 0.094 0.103 0.106 0.046 0.100 0.072 0.101 0.068 0.082 0.087 0.067 0.076 0.078 0.062 0.105 0.059 0.046 0.041 0.046 0.061 0.066 
0.085 0.095 0.075 0.086 0.086 0.076 0.066 0.113 0.083 0.098 0.077 0.079 0.117 0.071 0.046 0.096 0.082 0.114 0.083 0.067 0.087 0.024 0.080 0.086 0.072 0.047 0.066 0.064 0.088 0.086 0.108 0.059 0.074 0.078 0.097 0.068 0.085 0.050 0.102 0.099 0.032 0.076 0.060 0.063 0.079 0.065 0.101 0.100 0.062 0.086 0.067 0.090 0.081 0.096 0.061 0.088 0.090 0.102 0.088 0.057 
0.054 0.109 0.086 0.096 0.069 0.080 0.076 0.095 0.067 0.059 0.050 0.080 0.082 0.075 0.082 0.060 0.081 0.074 0.065 0.079 0.071 0.063 0.055 0.065 0.046 0.076 0.083 0.092 0.066 0.090 0.069 0.100 0.064 0.098 0.095 0.117 0.080 0.055 0.051 0.079 0.066 0.071 0.070 0.061 0.069 0.059 0.102 0.066 0.086 0.087 0.090 0.084 0.069 0.078 0.099 0.088 0.048 0.079 0.089 0.067 
0.102 0.054 0.078 0.113 0.081 0.115 0.070 0.066 0.033 0.065 0.082 0.089 0.098 0.091 0.068 0.077 0.084 0.079 0.059 0.096 0.081 0.095 0.097 0.109 0.041 0.079 0.094 0.084 0.065 0.073 0.104 0.100 0.054 0.095 0.061 0.087 0.103 0.069 0.111 0.104 0.077 0.068 0.089 0.078 0.048 0.110 0.105 0.079 0.081 0.097 0.089 0.087 0.064 0.069 0.067 0.079 0.090 0.052 0.089 0.078 
0.100 0.092 0.093 0.055 0.118 0.087 0.091 0.122 0.101 0.096 0.117 0.068 0.074 0.108 0.113 0.099 0.105 0.108 0.083 0.114 0.104 0.077 0.096 0.063 0.085 0.124 0.099 0.087 0.089 0.064 0.100 0.045 0.065 0.053 0.113 0.127 0.071 0.093 0.051 0.103 0.085 0.104 0.118 0.115 0.087 0.097 0.103 0.112 0.072 0.107 0.091 0.110 0.113 0.049 0.082 0.093 0.099 0.103 0.112 0.101 
0.109 0.084 0.123 0.134 0.089 0.101 0.116 0.102 0.061 0.107 0.089 0.111 0.106 0.094 0.076 0.156 0.073 0.083 0.092 0.107 0.080 0.074 0.092 0.065 0.111 0.093 0.100 0.114 0.102 0.112 0.135 0.113 0.103 0.099 0.090 0.123 0.106 0.075 0.099 0.102 0.060 0.106 0.059 0.085 0.111 0.134 0.095 0.101 0.121 0.071 0.076 0.052 0.110 0.096 0.098 0.105 0.097 0.135 0.099 0.071 
0.099 0.090 0.107 0.096 0.109 0.116 0.120 0.089 0.083 0.083 0.107 0.110 0.094 0.077 0.080 0.131 0.079 0.100 0.139 0.101 0.144 0.101 0.079 0.138 0.126 0.093 0.110 0.104 0.163 0.094 0.148 0.105 0.067 0.085 0.069 0.099 0.103 0.151 0.117 0.107 0.105 0.083 0.107 0.067 0.085 0.111 0.076 0.102 0.079 0.077 0.097 0.120 0.096 0.075 0.083 0.122 0.118 0.087 0.143 0.085 
0.147 0.097 0.118 0.071 0.115 0.106 0.109 0.074 0.079 0.112 0.125 0.118 0.078 0.119 0.130 0.142 0.083 0.108 0.144 0.095 0.111 0.088 0.100 0.107 0.086 0.106 0.097 0.094 0.106 0.092 0.122 0.048 0.074 0.104 0.123 0.119 0.090 0.118 0.102 0.098 0.106 0.072 0.110 0.116 0.099 0.132 0.104 0.095 0.085 0.131 0.139 0.130 0.126 0.107 0.107 0.097 0.139 0.098 0.132 0.112 
0.118 0.098 0.081 0.130 0.125 0.136 0.117 0.136 0.135 0.127 0.076 0.124 0.095 0.113 0.093 0.158 0.124 0.108 0.113 0.085 0.069 0.086 0.127 0.111 0.095 0.117 0.092 0.079 0.072 0.058 0.145 0.096 0.097 0.138 0.145 0.086 0.090 0.079 0.155 0.125 0.143 0.124 0.092 0.128 0.151 0.128 0.130 0.095 0.118 0.113 0.116 0.059 0.098 0.107 0.112 0.127 0.117 0.096 0.130 0.114 
0.143 0.127 0.065 0.115 0.135 0.083 0.159 0.119 0.113 0.075 0.082 0.099 0.100 0.131 0.123 0.088 0.118 0.131 0.085 0.115 0.108 0.091 0.076 0.108 0.098 0.132 0.156 0.101 0.087 0.122 0.108 0.092 0.101 0.100 0.134 0.116 0.104 0.096 0.111 0.096 0.100 0.088 0.112 0.101 0.207 0.103 0.121 0.088 0.057 0.066 0.113 0.102 0.100 0.100 0.074 0.105 0.104 0.117 0.148 0.134 
0.104 0.103 0.092 0.154 0.151 0.124 0.170 0.126 0.131 0.083 0.099 0.136 0.125 0.078 0.117 0.202 0.118 0.076 0.073 0.091 0.116 0.161 0.120 0.107 0.103 0.122 0.125 0.134 0.130 0.133 0.141 0.100 0.121 0.124 0.091 0.114 0.117 0.159 0.119 0.126 0.107 0.105 0.085 0.093 0.103 0.123 0.073 0.096 0.113 0.120 0.130 0.074 0.091 0.111 0.078 0.098 0.087 0.084 0.088 0.091 
0.105 0.109 0.114 0.075 0.126 0.117 0.080 0.118 0.103 0.130 0.099 0.118 0.074 0.100 0.099 0.106 0.083 0.088 0.126 0.093 0.128 0.119 0.097 0.120 0.094 0.100 0.133 0.069 0.107 0.129 0.139 0.084 0.081 0.098 0.092 0.086 0.134 0.106 0.101 0.087 0.125 0.090 0.069 0.099 0.095 0.112 0.098 0.108 0.122 0.125 0.089 0.057 0.069 0.085 0.104 0.117 0.093 0.106 0.054 0.109 
0.142 0.126 0.101 0.130 0.118 0.079 0.126 0.099 0.077 0.099 0.049 0.097 0.098 0.058 0.103 0.080 0.098 0.106 0.093 0.065 0.096 0.096 0.243 0.098 0.090 0.101 0.068 0.087 0.148 0.096 0.140 0.056 0.097 0.101 0.101 0.118 0.129 0.098 0.089 0.058 0.056 0.086 0.085 0.080 0.097 0.065 0.096 0.076 0.086 0.078 0.081 0.080 0.062 0.092 0.097 0.081 0.115 0.113 0.085 0.095 
0.090 0.105 0.108 0.127 0.101 0.100 0.099 0.077 0.094 0.085 0.111 0.093 0.094 0.108 0.070 0.132 0.085 0.051 0.059 0.093 0.084 0.099 0.055 0.094 0.082 0.075 0.133 0.089 0.107 0.064 0.126 0.096 0.111 0.073 0.097 0.090 0.107 0.070 0.108 0.099 0.083 0.094 0.060 0.092 0.089 0.045 0.093 0.104 0.089 0.089 0.050 0.083 0.070 0.072 0.085 0.078 0.097 0.067 0.074 0.083 
0.090 0.096 0.084 0.090 0.090 0.108 0.087 0.072 0.070 0.045 0.072 0.088 0.078 0.073 0.067 0.082 0.073 0.047 0.064 0.080 0.080 0.092 0.079 0.088 0.082 0.050 0.079 0.083 0.086 0.110 0.054 0.087 0.083 0.088 0.098 0.114 0.080 0.060 0.098 0.098 0.094 0.094 0.095 0.048 0.089 0.062 0.084 0.071 0.085 0.100 0.054 0.066 0.062 0.064 0.075 0.103 0.089 0.092 0.089 0.060 
