0.094 0.103 0.102 0.120 0.093 0.123 0.161 0.132 0.155 0.107 0.130 0.132 0.140 0.117 0.137 0.125 0.110 0.119 0.142 0.111 0.118 0.114 0.119 0.112 -0.007 0.096 0.101 0.106 0.104 0.118 0.164 0.123 0.066 0.095 0.142 0.115 0.121 0.132 0.129 0.103 0.111 0.076 0.083 0.098 0.119 0.115 0.121 0.111 0.085 0.101 0.109 0.105 0.101 0.119 0.105 0.106 0.108 0.074 0.096 0.087 
0.095 0.087 0.070 0.070 0.083 0.092 0.095 0.114 0.086 0.105 0.130 0.100 0.112 0.115 0.112 0.116 0.100 0.091 0.075 0.096 0.087 0.095 0.093 0.068 0.057 0.115 0.087 0.085 0.089 0.089 0.080 0.061 0.073 0.102 0.080 0.077 0.076 0.102 0.083 0.095 0.084 0.044 0.085 0.087 0.074 0.039 0.084 0.070 0.084 0.078 0.070 0.077 0.065 0.074 0.073 0.070 0.084 0.069 0.077 0.075 
0.062 0.039 0.077 0.071 0.076 0.070 0.122 0.084 0.063 0.090 0.081 0.073 0.072 0.085 0.084 0.070 0.072 0.072 0.071 0.083 0.061 0.045 0.069 0.074 0.073 0.699 0.674 0.693 0.594 0.731 0.740 0.559 0.453 0.433 0.431 0.412 0.716 0.627 0.641 0.640 0.632 0.760 0.479 0.071 0.031 0.068 0.060 0.068 0.067 0.053 0.050 0.029 0.067 0.065 0.063 0.066 0.062 0.077 0.067 0.057 
0.032 0.063 0.066 0.064 0.058 0.066 0.059 0.066 0.064 0.062 0.074 0.046 0.075 0.078 0.066 0.070 0.039 0.065 0.070 0.065 0.074 0.072 0.082 0.100 0.067 0.080 0.068 0.076 0.079 0.068 0.082 0.075 0.048 0.048 0.069 0.076 0.085 0.085 0.096 0.075 0.074 0.062 0.045 0.041 0.029 0.052 0.095 0.604 0.441 0.259 0.060 0.067 0.068 0.062 0.074 0.080 0.075 0.088 0.070 0.076 
0.092 0.071 0.078 0.084 0.071 0.068 0.063 0.065 0.028 0.072 0.080 0.078 0.042 0.070 0.049 0.085 0.064 0.074 0.063 0.068 0.066 0.060 0.066 0.061 0.123 0.122 0.126 0.139 0.083 0.173 0.137 0.129 0.131 0.089 0.111 0.104 0.137 0.147 0.150 0.166 0.174 0.157 0.105 0.143 0.135 0.155 0.135 0.138 0.137 0.136 0.102 0.119 0.139 0.181 0.155 0.139 0.132 0.140 0.139 0.113 
0.129 0.133 0.115 0.132 0.162 0.157 0.132 0.172 0.155 0.122 0.108 0.107 0.131 0.139 0.124 0.147 0.131 0.122 0.138 0.130 0.147 0.114 0.121 0.132 0.129 0.151 0.136 0.123 0.123 0.139 0.104 0.121 0.127 0.095 0.137 0.136 0.137 0.131 0.134 0.150 0.138 0.160 0.162 0.157 0.170 0.133 0.144 0.135 0.129 0.131 0.104 0.090 0.122 0.126 0.117 0.123 0.128 0.137 0.117 0.112 
0.106 0.144 0.132 0.136 0.147 0.147 0.152 0.106 0.132 0.120 0.120 0.114 0.129 0.156 0.127 0.119 0.132 0.126 0.116 0.116 0.119 0.111 0.125 -0.002 0.129 0.111 0.096 0.142 0.143 0.151 0.095 0.061 0.114 0.111 0.109 0.117 0.119 0.115 0.098 0.123 0.131 0.093 0.123 0.126 0.122 0.119 0.118 0.148 0.068 0.070 0.063 0.082 0.083 0.080 0.072 0.037 0.074 0.071 0.064 0.067 
0.071 0.068 0.072 0.065 0.065 0.066 0.071 0.065 0.076 0.039 0.055 0.042 0.063 0.064 0.069 0.062 0.065 0.063 0.067 0.066 0.061 0.072 0.064 0.070 0.067 0.066 0.067 0.066 0.031 0.073 0.067 0.071 0.064 0.041 0.048 0.057 0.070 0.062 0.068 0.069 0.064 0.079 0.091 0.098 0.031 0.079 0.063 0.071 0.076 0.067 0.058 0.062 0.065 0.065 0.057 0.046 0.062 0.069 0.059 0.065 
0.066 0.058 0.067 0.065 0.067 0.066 0.054 0.062 0.062 0.057 0.065 0.059 0.032 0.064 0.064 0.068 0.062 0.047 0.053 0.062 0.079 0.067 0.076 0.068 0.604 0.404 0.334 0.311 0.328 0.343 0.658 0.622 0.640 0.558 0.632 0.789 0.605 0.501 0.386 0.367 0.387 0.553 0.610 0.654 0.606 0.599 0.718 0.624 0.067 0.064 0.056 0.065 0.031 0.066 0.063 0.059 0.056 0.030 0.064 0.063 
0.059 0.088 0.059 0.062 0.063 0.061 0.064 0.059 0.033 0.065 0.057 0.067 0.062 0.068 0.070 0.062 0.071 0.063 0.067 0.042 0.055 0.067 0.060 0.065 0.062 0.066 0.066 0.060 0.066 0.060 0.032 0.064 0.056 0.068 0.060 0.070 0.071 0.062 0.032 0.058 0.057 0.040 0.058 0.039 0.082 0.387 0.466 0.339 0.071 0.033 0.040 0.028 0.036 0.028 0.041 0.067 0.026 0.071 0.064 0.068 
0.040 0.036 0.082 0.035 0.034 0.064 0.072 0.046 0.066 0.041 0.056 0.066 0.063 0.071 0.065 0.061 0.070 0.071 0.062 0.070 0.062 0.067 0.065 0.061 0.070 0.059 0.068 0.063 0.059 0.059 0.060 0.060 0.056 0.028 0.055 0.058 0.061 0.058 0.056 0.062 0.026 0.065 0.072 0.041 0.068 0.066 0.061 0.064 0.060 0.060 0.061 0.066 0.032 0.030 0.059 0.063 0.063 0.031 0.065 0.061 
0.059 0.059 0.027 0.066 0.062 0.061 0.065 0.028 0.066 0.034 0.058 0.053 0.040 0.036 0.029 0.069 0.067 0.037 0.031 0.049 0.037 0.059 0.071 0.068 0.068 0.043 0.036 0.087 0.029 0.037 0.065 0.070 0.062 0.036 0.067 0.030 0.068 0.031 0.039 0.030 0.034 0.029 0.037 0.070 0.045 0.064 0.068 0.033 0.073 0.052 0.081 0.037 0.038 0.037 0.042 0.042 0.066 0.070 0.066 0.041 
0.034 0.039 0.036 0.089 0.070 0.046 0.055 0.046 0.046 0.047 0.070 0.049 0.050 0.057 0.043 0.045 0.070 0.075 0.037 0.080 0.060 0.051 0.086 0.076 0.090 0.081 0.084 0.084 0.046 0.087 0.085 0.087 0.094 0.112 0.095 0.085 0.102 0.101 0.087 0.095 0.044 0.083 0.069 0.090 0.084 0.092 0.091 0.060 0.092 0.091 0.077 0.088 0.100 0.087 0.059 0.084 0.085 0.077 0.082 0.082 
0.088 0.085 0.047 0.055 0.065 0.104 0.099 0.079 0.087 0.085 0.107 0.074 0.090 0.112 0.081 0.071 0.084 0.106 0.118 0.101 0.106 0.070 0.090 0.111 0.110 0.091 0.087 0.091 0.106 0.108 0.072 0.110 0.111 0.096 0.099 0.103 0.071 0.096 0.105 0.078 0.058 0.110 0.110 0.098 0.095 0.067 0.098 0.088 0.095 0.101 0.057 0.109 0.104 0.102 0.083 0.080 0.122 0.119 0.097 0.073 
0.085 0.111 0.091 0.091 0.102 0.096 0.074 0.101 0.086 0.073 0.063 0.085 0.107 0.100 0.083 0.087 0.064 0.073 0.087 0.089 0.083 0.079 0.067 0.120 0.122 0.090 0.094 0.077 0.103 0.123 0.095 0.062 0.098 0.106 0.097 0.061 0.075 0.101 0.102 0.094 0.101 0.097 0.071 0.069 0.102 0.072 0.090 0.094 0.116 0.093 0.100 0.089 0.064 0.099 0.099 0.083 0.095 0.109 0.077 0.087 
0.109 0.106 0.104 0.065 0.113 0.100 0.069 0.102 0.070 0.079 0.098 0.077 0.103 0.121 0.279 0.174 0.174 0.166 0.147 0.177 0.195 0.185 0.144 0.142 0.149 0.171 0.211 0.193 0.205 0.182 0.142 0.187 0.187 0.163 0.131 0.192 0.180 0.193 0.199 0.204 0.157 0.152 0.189 0.130 0.150 0.177 0.164 0.169 0.166 0.155 0.173 0.179 0.229 0.145 0.174 0.190 0.145 0.195 0.147 0.173 
0.163 0.148 0.128 0.177 0.175 0.159 0.196 0.148 0.179 0.158 0.160 0.179 0.148 0.189 0.161 0.204 0.202 0.139 0.133 0.167 0.163 0.175 0.182 0.161 0.176 0.184 0.130 0.161 0.181 0.137 0.151 0.171 0.165 0.166 0.144 0.183 0.201 0.138 0.148 0.205 0.191 0.164 0.207 0.191 0.164 0.156 0.160 0.152 0.159 0.260 0.297 0.337 0.334 0.331 0.313 0.297 0.280 0.270 0.274 0.264 
0.222 0.214 0.227 0.236 0.207 0.227 0.203 0.308 0.314 0.291 0.267 0.334 0.320 0.297 0.257 0.255 0.200 0.235 0.227 0.204 0.221 0.171 0.203 0.169 0.120 0.147 0.125 0.176 0.151 0.186 0.132 0.139 0.161 0.153 0.144 0.163 0.176 0.164 0.167 0.158 0.128 0.145 0.174 0.184 0.146 0.166 0.172 0.145 0.136 0.125 0.158 0.158 0.161 0.171 0.125 0.165 0.168 0.142 0.131 0.150 
0.136 0.166 0.140 0.145 0.171 0.212 0.202 0.184 0.155 0.149 0.160 0.168 0.150 0.194 0.162 0.147 0.152 0.137 0.183 0.164 0.175 0.187 0.188 0.165 0.144 0.186 0.164 0.141 0.134 0.171 0.174 0.186 0.179 0.144 0.177 0.152 0.195 0.170 0.170 0.155 0.186 0.174 0.156 0.160 0.158 0.200 0.171 0.167 0.148 0.187 0.183 0.187 0.231 0.171 0.151 0.163 0.181 0.135 0.190 0.159 
0.147 0.152 0.184 0.132 0.205 0.143 0.185 0.169 0.132 0.130 0.202 0.145 0.190 0.157 0.164 0.161 0.141 0.156 0.160 0.154 0.154 0.150 0.161 0.144 0.168 0.123 0.137 0.144 0.155 0.165 0.127 0.160 0.184 0.157 0.149 0.176 0.163 0.155 0.184 0.135 0.163 0.160 0.150 0.146 0.124 0.131 0.150 0.174 0.115 0.156 0.163 0.185 0.176 0.164 0.132 0.151 0.180 0.141 0.152 0.147 
0.134 0.157 0.156 0.184 0.175 0.157 0.131 0.157 0.184 0.140 0.166 0.200 0.163 0.178 0.157 0.123 0.158 0.177 0.173 0.130 0.154 0.148 0.164 0.142 0.153 0.149 0.158 0.161 0.150 0.136 0.147 0.144 0.198 0.181 0.172 0.151 0.191 0.182 0.161 0.171 0.165 0.130 0.161 0.188 0.183 0.115 0.153 0.152 0.147 0.133 0.147 0.159 0.198 0.185 0.166 0.172 0.145 0.161 0.167 0.206 
0.270 0.285 0.285 0.282 0.350 0.336 0.265 0.277 0.244 0.263 0.213 0.214 0.206 0.182 0.205 0.167 0.203 0.254 0.251 0.300 0.258 0.349 0.273 0.230 0.236 0.238 0.244 0.168 0.198 0.196 0.218 0.195 0.206 0.156 0.177 0.170 0.163 0.171 0.168 0.150 0.173 0.193 0.193 0.132 0.176 0.150 0.145 0.152 0.172 0.187 0.137 0.167 0.197 0.172 0.160 0.172 0.152 0.190 0.176 0.171 
0.180 0.165 0.161 0.160 0.156 0.172 0.170 0.173 0.156 0.169 0.149 0.211 0.136 0.138 0.165 0.150 0.170 0.169 0.185 0.170 0.161 0.162 0.183 0.178 0.177 0.172 0.153 0.237 0.174 0.145 0.183 0.147 0.148 0.206 0.166 0.151 0.180 0.201 0.189 0.161 0.180 0.191 0.214 0.193 0.147 0.155 0.218 0.178 0.203 0.172 0.144 0.144 0.168 0.160 0.185 0.168 0.132 0.210 0.197 0.169 
0.148 0.164 0.188 0.166 0.153 0.176 0.196 0.196 0.168 0.146 0.252 0.206 0.188 0.152 0.184 0.172 0.155 0.142 0.168 0.175 0.174 0.190 0.168 0.140 0.160 0.157 0.145 0.147 0.164 0.160 0.175 0.167 0.145 0.187 0.190 0.202 0.175 0.182 0.185 0.173 0.139 0.204 0.187 0.195 0.162 0.158 0.180 0.145 0.172 0.154 0.157 0.141 0.179 0.179 0.136 0.171 0.179 0.141 0.146 0.190 
