0.167 0.185 0.239 0.229 0.257 0.163 0.135 0.162 0.190 0.189 0.190 0.201 0.228 0.258 0.229 0.239 0.194 0.179 0.215 0.174 0.229 0.187 0.174 0.233 0.192 0.211 0.210 0.263 0.234 0.161 0.214 0.191 0.203 0.229 0.215 0.220 0.209 0.224 0.195 0.233 0.213 0.172 0.254 0.233 0.291 0.254 0.255 0.239 0.252 0.239 0.250 0.260 0.247 0.248 0.289 0.300 0.289 0.257 0.246 0.212 
0.266 0.224 0.234 0.329 0.247 0.237 0.253 0.231 0.221 0.202 0.260 0.248 0.270 0.253 0.239 0.195 0.212 0.248 0.237 0.241 0.238 0.199 0.296 0.251 0.271 0.232 0.247 0.239 0.249 0.265 0.209 0.207 0.265 0.264 0.255 0.243 0.284 0.235 0.219 0.236 0.232 0.255 0.250 0.263 0.187 0.257 0.261 0.237 0.248 0.231 0.252 0.228 0.215 0.261 0.245 0.248 0.243 0.222 0.225 0.224 
0.226 0.220 0.242 0.260 0.209 0.236 0.222 0.268 0.200 0.231 0.259 0.210 0.291 0.267 0.227 0.280 0.239 0.258 0.241 0.304 0.221 0.212 0.262 0.239 0.259 0.240 0.247 0.208 0.259 0.249 0.252 0.225 0.201 0.238 0.280 0.284 0.210 0.290 0.288 0.207 0.219 0.233 0.233 0.293 0.249 0.261 0.200 0.194 0.203 0.262 0.293 0.249 0.290 0.208 0.241 0.222 0.242 0.234 0.242 0.230 
0.220 0.244 0.264 0.228 0.258 0.227 0.194 0.210 0.233 0.214 0.212 0.253 0.208 0.268 0.260 0.215 0.267 0.248 0.298 0.261 0.250 0.231 0.184 0.242 0.236 0.249 0.273 0.247 0.214 0.180 0.204 0.184 0.280 0.284 0.390 0.224 0.253 0.255 0.176 0.214 0.241 0.222 0.277 0.272 0.246 0.269 0.217 0.250 0.271 0.230 0.259 0.244 0.207 0.238 0.243 0.258 0.232 0.226 0.249 0.199 
0.198 0.223 0.255 0.265 0.236 0.278 0.205 0.222 0.266 0.210 0.216 0.222 0.258 0.217 0.222 0.247 0.229 0.262 0.265 0.223 0.201 0.255 0.213 0.225 0.257 0.230 0.276 0.246 0.250 0.237 0.237 0.212 0.254 0.303 0.255 0.257 0.176 0.208 0.185 0.204 0.213 0.224 0.248 0.247 0.217 0.255 0.226 0.206 0.305 0.285 0.227 0.243 0.212 0.207 0.233 0.256 0.237 0.283 0.267 0.253 
0.282 0.225 0.268 0.275 0.237 0.275 0.228 0.212 0.221 0.224 0.227 0.250 0.253 0.256 0.219 0.229 0.247 0.217 0.219 0.240 0.191 0.220 0.219 0.223 0.251 0.267 0.257 0.221 0.231 0.194 0.284 0.238 0.262 0.238 0.250 0.201 0.215 0.272 0.231 0.254 0.234 0.213 0.278 0.270 0.219 0.256 0.205 0.284 0.250 0.260 0.217 0.228 0.203 0.234 0.277 0.220 0.228 0.223 0.245 0.217 
0.229 0.257 0.221 0.290 0.250 0.246 0.187 0.208 0.219 0.219 0.234 0.246 0.233 0.221 0.206 0.213 0.272 0.188 0.297 0.205 0.201 0.219 0.196 0.200 0.223 0.217 0.218 0.264 0.272 0.152 0.240 0.230 0.232 0.203 0.262 0.223 0.178 0.255 0.218 0.224 0.300 0.192 0.283 0.243 0.215 0.266 0.297 0.237 0.290 0.231 0.231 0.210 0.237 0.258 0.277 0.219 0.246 0.271 0.226 0.225 
0.188 0.238 0.252 0.287 0.190 0.191 0.182 0.224 0.222 0.252 0.214 0.220 0.209 0.220 0.194 0.246 0.227 0.239 0.260 0.233 0.186 0.215 0.212 0.227 0.205 0.247 0.206 0.250 0.242 0.224 0.240 0.228 0.236 0.278 0.290 0.230 0.221 0.301 0.233 0.207 0.175 0.221 0.242 0.194 0.188 0.195 0.210 0.208 0.286 0.216 0.212 0.225 0.207 0.217 0.224 0.249 0.242 0.235 0.230 0.184 
0.213 0.232 0.310 0.264 0.228 0.236 0.200 0.239 0.214 0.216 0.195 0.210 0.222 0.229 0.218 0.236 0.233 0.226 0.258 0.249 0.165 0.210 0.205 0.222 0.218 0.261 0.207 0.248 0.215 0.240 0.239 0.231 0.207 0.265 0.301 0.306 0.244 0.245 0.206 0.232 0.215 0.198 0.195 0.255 0.212 0.235 0.227 0.186 0.273 0.180 0.179 0.340 0.367 0.215 0.263 0.289 0.254 0.243 0.249 0.233 
0.234 0.279 0.246 0.310 0.238 0.205 0.232 0.206 0.212 0.249 0.267 0.246 0.228 0.241 0.232 0.274 0.278 0.231 0.257 0.219 0.258 0.222 0.242 0.222 0.227 0.247 0.324 0.369 0.329 0.215 0.227 0.234 0.267 0.331 0.212 0.222 0.231 0.268 0.251 0.271 0.258 0.241 0.285 0.226 0.246 0.265 0.247 0.262 0.272 0.227 0.226 0.272 0.201 0.236 0.243 0.217 0.240 0.242 0.252 0.245 
0.214 0.221 0.204 0.239 0.266 0.217 0.252 0.231 0.221 0.251 0.226 0.265 0.253 0.326 0.202 0.227 0.252 0.267 0.284 0.231 0.272 0.228 0.176 0.257 0.234 0.297 0.302 0.284 0.273 0.206 0.243 0.235 0.258 0.310 0.293 0.261 0.240 0.252 0.265 0.210 0.276 0.237 0.271 0.231 0.250 0.260 0.235 0.230 0.247 0.299 0.299 0.244 0.236 0.217 0.269 0.253 0.210 0.247 0.233 0.261 
0.211 0.288 0.260 0.284 0.262 0.272 0.265 0.255 0.202 0.300 0.205 0.270 0.237 0.239 0.220 0.238 0.208 0.245 0.215 0.212 0.296 0.236 0.218 0.258 0.235 0.291 0.273 0.219 0.235 0.231 0.217 0.275 0.276 0.285 0.212 0.278 0.214 0.263 0.241 0.219 0.231 0.267 0.269 0.269 0.276 0.395 0.239 0.264 0.239 0.236 0.258 0.218 0.277 0.235 0.289 0.239 0.279 0.243 0.237 0.238 
0.230 0.211 0.232 0.266 0.211 0.285 0.251 0.263 0.236 0.236 0.213 0.288 0.285 0.274 0.227 0.254 0.226 0.219 0.239 0.227 0.247 0.307 0.266 0.222 0.206 0.261 0.192 0.235 0.246 0.256 0.213 0.201 0.270 0.261 0.298 0.266 0.191 0.184 0.185 0.239 0.197 0.269 0.282 0.257 0.210 0.252 0.262 0.221 0.316 0.258 0.250 0.248 0.252 0.287 0.259 0.234 0.282 0.223 0.257 0.220 
0.234 0.219 0.195 0.218 0.209 0.302 0.227 0.256 0.229 0.242 0.218 0.242 0.236 0.245 0.228 0.209 0.216 0.223 0.283 0.249 0.228 0.208 0.267 0.251 0.203 0.221 0.228 0.199 0.226 0.270 0.261 0.210 0.236 0.253 0.243 0.279 0.265 0.252 0.223 0.249 0.266 0.227 0.248 0.245 0.158 0.202 0.207 0.200 0.261 0.259 0.239 0.242 0.203 0.218 0.223 0.196 0.204 0.236 0.223 0.191 
0.212 0.216 0.245 0.203 0.253 0.275 0.207 0.228 0.215 0.221 0.176 0.194 0.216 0.181 0.189 0.205 0.180 0.253 0.216 0.226 0.198 0.251 0.229 0.223 0.261 0.194 0.251 0.207 0.222 0.236 0.203 0.234 0.197 0.270 0.225 0.225 0.244 0.206 0.174 0.176 0.210 0.214 0.194 0.243 0.213 0.204 0.180 0.219 0.264 0.329 0.172 0.235 0.217 0.262 0.215 0.262 0.180 0.211 0.239 0.237 
0.233 0.391 0.267 0.270 0.285 0.266 0.279 0.263 0.242 0.251 0.248 0.290 0.237 0.259 0.270 0.232 0.283 0.237 0.243 0.257 0.264 0.270 0.230 0.224 0.247 0.247 0.280 0.200 0.275 0.246 0.239 0.270 0.216 0.206 0.245 0.234 0.219 0.228 0.201 0.188 0.211 0.222 0.260 0.248 0.227 0.327 0.314 0.326 0.335 0.325 0.349 0.306 0.263 0.242 0.303 0.284 0.281 0.243 0.230 0.272 
0.245 0.272 0.286 0.330 0.364 0.333 0.291 0.328 0.317 0.273 0.298 0.285 0.271 0.265 0.218 0.255 0.219 0.218 0.235 0.194 0.190 0.128 0.246 0.211 0.200 0.212 0.207 0.210 0.212 0.166 0.271 0.170 0.206 0.201 0.210 0.201 0.142 0.204 0.183 0.207 0.218 0.164 0.172 0.169 0.171 0.207 0.212 0.199 0.202 0.156 0.183 0.234 0.219 0.164 0.219 0.155 0.225 0.208 0.218 0.249 
0.235 0.229 0.181 0.209 0.225 0.163 0.202 0.177 0.139 0.209 0.217 0.155 0.178 0.188 0.147 0.174 0.191 0.164 0.197 0.193 0.180 0.211 0.112 0.172 0.182 0.206 0.218 0.176 0.201 0.179 0.195 0.172 0.212 0.185 0.255 0.222 0.194 0.154 0.164 0.143 0.163 0.147 0.190 -0.009 0.290 0.188 0.141 0.158 0.140 0.225 0.170 0.168 0.124 0.144 0.183 0.172 0.206 0.176 0.165 0.160 
0.152 0.163 0.163 0.162 0.143 0.159 0.166 0.155 0.184 0.136 0.154 0.200 0.166 0.176 0.171 0.168 0.164 0.152 0.166 0.169 0.131 0.119 0.152 0.126 0.175 0.144 0.135 0.129 0.162 0.157 0.122 0.173 0.151 0.134 0.114 0.117 0.139 0.143 0.163 0.117 0.122 0.150 0.117 0.147 0.143 0.111 0.147 0.119 0.128 0.134 0.140 0.179 0.137 0.184 0.165 0.169 0.128 0.214 0.185 0.145 
0.132 0.152 0.127 0.147 0.117 0.138 0.182 0.109 0.124 0.106 0.128 0.129 0.123 0.133 0.151 0.124 0.121 0.115 0.098 0.105 0.153 0.133 0.102 0.114 0.094 0.133 0.200 0.344 0.139 0.115 0.136 0.121 0.115 0.136 0.114 0.115 0.115 0.100 0.142 0.140 0.066 0.113 0.098 0.108 0.641 0.384 0.382 0.369 0.382 0.373 0.379 0.387 0.390 0.616 0.627 0.562 0.585 0.555 0.577 0.592 
0.561 0.560 0.548 0.598 0.641 0.677 0.573 0.415 0.393 0.375 0.396 0.368 0.388 0.445 0.522 0.657 0.589 0.577 0.619 0.593 0.577 0.585 0.594 0.585 0.591 0.577 0.639 0.587 0.146 0.162 0.366 0.336 0.341 0.400 0.392 0.454 0.452 0.596 0.553 0.517 0.525 0.517 0.165 0.118 0.198 0.168 0.622 0.554 0.688 0.414 0.585 0.648 0.697 0.336 0.794 0.881 0.870 0.887 0.908 0.790 
0.965 0.960 0.959 0.913 0.911 0.917 0.861 0.770 0.748 0.772 0.728 0.738 0.698 0.598 0.215 0.097 0.162 0.451 0.635 0.570 0.733 0.730 0.618 0.389 0.801 0.809 0.678 0.363 0.782 0.124 0.665 0.671 0.678 0.674 0.656 0.509 0.571 0.807 0.216 0.146 0.130 0.634 0.620 0.495 0.567 0.625 0.474 0.563 0.604 0.584 0.101 0.098 0.442 0.568 0.620 0.634 0.638 0.632 0.638 0.655 
0.640 0.647 0.664 0.643 0.628 0.634 0.636 0.631 0.628 0.622 0.642 0.636 0.634 0.634 0.636 0.632 0.633 0.650 0.458 0.116 0.261 0.610 0.632 0.625 0.638 0.627 0.636 0.652 0.665 0.640 0.664 0.660 0.666 0.636 0.649 0.632 0.639 0.633 0.642 0.630 0.647 0.647 0.644 0.665 0.636 0.642 0.631 0.652 0.645 0.656 0.645 0.658 0.639 0.640 0.633 0.648 0.672 0.641 0.673 0.649 
0.658 0.676 0.674 0.689 0.656 0.663 0.662 0.642 0.654 0.643 0.645 0.655 0.654 0.643 0.651 0.640 0.653 0.666 0.659 0.672 0.653 0.658 0.653 0.612 0.149 0.147 0.151 0.653 0.659 0.693 0.676 0.693 0.392 0.167 0.175 0.164 0.139 0.155 0.135 0.168 0.155 0.168 0.172 0.213 0.174 0.208 0.162 0.198 0.178 0.176 0.245 0.184 0.203 0.204 0.211 0.246 0.215 0.219 0.159 0.222 
