0.125 0.172 0.182 0.196 0.174 0.139 0.137 0.156 0.180 0.158 0.147 0.098 0.145 0.143 0.177 0.158 0.162 0.120 0.168 0.166 0.106 0.164 0.148 0.117 0.158 0.140 0.161 0.162 0.157 0.178 0.162 0.160 0.156 0.132 0.129 0.131 0.137 0.151 0.153 0.180 0.175 0.136 0.120 0.135 0.141 0.146 0.125 0.140 0.143 0.160 0.144 0.146 0.117 0.110 0.178 0.135 0.134 0.176 0.168 0.103 
0.129 0.148 0.116 0.188 0.171 0.141 0.112 0.151 0.148 0.152 0.121 0.141 0.158 0.136 0.109 0.156 0.141 0.110 0.142 0.127 0.156 0.171 0.154 0.156 0.145 0.133 0.106 0.151 0.137 0.115 0.134 0.146 0.143 0.155 0.162 0.165 0.168 0.150 0.164 0.170 0.116 0.145 0.175 0.120 0.137 0.118 0.135 0.154 0.158 0.114 0.142 0.166 0.141 0.140 0.130 0.153 0.147 0.193 0.182 0.166 
0.148 0.136 0.170 0.171 0.147 0.145 0.121 0.120 0.117 0.176 0.149 0.140 0.171 0.166 0.141 0.145 0.149 0.135 0.182 0.191 0.180 0.197 0.252 0.157 0.173 0.129 0.171 0.201 0.128 0.134 0.121 0.163 0.166 0.120 0.148 0.093 0.131 0.146 0.158 0.141 0.142 0.151 0.185 0.143 0.155 0.114 0.144 0.137 0.164 0.163 0.126 0.142 0.129 0.138 0.149 0.118 0.111 0.176 0.173 0.149 
0.162 0.146 0.130 0.143 0.161 0.133 0.131 0.119 0.149 0.169 0.148 0.150 0.146 0.145 0.144 0.132 0.166 0.180 0.178 0.118 0.150 0.150 0.127 0.159 0.140 0.155 0.174 0.170 0.187 0.155 0.132 0.143 0.164 0.136 0.172 0.158 0.120 0.158 0.161 0.175 0.146 0.134 0.198 0.144 0.161 0.161 0.148 0.138 0.171 0.178 0.124 0.128 0.144 0.128 0.177 0.145 0.148 0.159 0.179 0.166 
0.196 0.171 0.142 0.143 0.189 0.161 0.143 0.153 0.149 0.167 0.143 0.118 0.146 0.183 0.159 0.173 0.165 0.155 0.140 0.160 0.147 0.166 0.162 0.144 0.165 0.132 0.163 0.215 0.187 0.159 0.152 0.154 0.162 0.188 0.190 0.185 0.126 0.139 0.154 0.157 0.137 0.152 0.141 0.156 0.169 0.124 0.138 0.163 0.167 0.167 0.155 0.161 0.138 0.139 0.133 0.148 0.154 0.164 0.180 0.141 
0.146 0.140 0.150 0.145 0.189 0.188 0.141 0.131 0.156 0.171 0.166 0.119 0.167 0.157 0.147 0.115 0.142 0.180 0.161 0.174 0.144 0.167 0.124 0.123 0.139 0.154 0.154 0.162 0.187 0.150 0.119 0.176 0.146 0.162 0.152 0.120 0.147 0.170 0.165 0.173 0.122 0.126 0.140 0.146 0.168 0.183 0.157 0.184 0.131 0.163 0.173 0.146 0.148 0.148 0.177 0.164 0.170 0.207 0.148 0.168 
0.216 0.160 0.112 0.209 0.151 0.168 0.157 0.136 0.174 0.176 0.130 0.167 0.174 0.191 0.168 0.158 0.122 0.137 0.170 0.176 0.181 0.154 0.157 0.129 0.173 0.139 0.158 0.181 0.138 0.148 0.164 0.153 0.139 0.188 0.125 0.158 0.170 0.141 0.147 0.153 0.155 0.154 0.123 0.143 0.166 0.139 0.143 0.163 0.164 0.183 0.126 0.191 0.140 0.173 0.150 0.148 0.130 0.167 0.201 0.147 
0.104 0.150 0.146 0.179 0.138 0.163 0.175 0.122 0.150 0.144 0.136 0.135 0.157 0.160 0.177 0.174 0.168 0.154 0.158 0.155 0.187 0.142 0.143 0.166 0.167 0.156 0.150 0.167 0.184 0.278 0.273 0.251 0.241 0.185 0.186 0.154 0.119 0.135 0.153 0.148 0.145 0.159 0.144 0.131 0.111 0.142 0.161 0.136 0.196 0.166 0.125 0.178 0.139 0.149 0.142 0.157 0.153 0.164 0.180 0.142 
0.143 0.111 0.121 0.179 0.188 0.176 0.178 0.165 0.153 0.142 0.136 0.149 0.166 0.156 0.151 0.157 0.143 0.120 0.145 0.167 0.155 0.125 0.134 0.166 0.141 0.135 0.155 0.147 0.218 0.268 0.277 0.308 0.304 0.295 0.257 0.268 0.209 0.217 0.188 0.183 0.167 0.201 0.196 0.211 0.248 0.293 0.261 0.299 0.268 0.232 0.222 0.229 0.180 0.143 0.171 0.156 0.213 0.190 0.151 0.147 
0.128 0.160 0.215 0.254 0.137 0.133 0.147 0.128 0.125 0.114 0.109 0.147 0.139 0.138 0.135 0.149 0.162 0.109 0.142 0.109 0.304 0.161 0.134 0.130 0.151 0.128 0.148 0.135 0.156 0.165 0.144 0.152 0.180 0.177 0.153 0.141 0.164 0.129 0.143 0.150 0.137 0.156 0.171 0.141 0.120 0.104 0.114 0.169 0.107 0.148 0.130 0.151 0.145 0.121 0.121 0.140 0.157 0.167 0.181 0.188 
0.157 0.142 0.106 0.139 0.156 0.169 0.116 0.145 0.145 0.126 0.126 0.151 0.103 0.142 0.119 0.142 0.127 0.154 0.124 0.091 0.126 0.128 0.125 0.135 0.140 0.116 0.150 0.159 0.166 0.136 0.106 0.140 0.157 0.149 0.156 0.130 0.140 0.130 0.125 0.130 0.103 0.123 0.114 0.130 0.119 0.135 0.154 0.136 0.093 0.124 0.116 0.140 0.136 0.131 0.144 0.148 0.140 0.143 0.139 0.123 
0.135 0.159 0.134 0.160 0.121 0.135 0.139 0.168 0.141 0.124 0.147 0.135 0.174 0.134 0.131 0.152 0.137 0.092 0.115 0.126 0.143 0.091 0.156 0.144 0.144 0.148 0.139 0.145 0.131 0.146 0.142 0.136 0.145 0.136 0.146 0.118 0.098 0.162 0.120 0.110 0.134 0.134 0.150 0.133 0.169 0.156 0.163 0.132 0.089 0.092 0.125 0.131 0.112 0.118 0.144 0.141 0.158 0.133 0.151 0.135 
0.127 0.148 0.123 0.150 0.116 0.144 0.150 0.145 0.131 0.108 0.125 0.107 0.098 0.001 0.143 0.126 0.121 0.114 0.118 0.153 0.130 0.078 0.113 0.104 0.123 0.126 0.096 0.137 0.138 0.117 0.121 0.102 0.126 0.120 0.093 0.102 0.099 0.122 0.107 0.135 0.146 0.121 0.116 0.113 0.117 0.106 0.120 0.118 0.134 0.109 0.123 0.111 0.072 0.091 0.095 0.118 0.113 0.101 0.075 0.075 
0.101 0.097 0.102 0.102 0.097 0.109 0.061 0.082 0.091 0.102 0.097 0.098 0.070 0.121 0.103 0.095 0.099 0.100 0.102 0.089 0.095 0.101 0.090 0.097 0.091 0.104 0.090 0.088 0.098 0.080 0.092 0.094 0.100 0.094 0.071 0.088 0.062 0.102 0.095 0.114 0.092 0.087 0.108 0.090 0.098 0.066 0.103 0.091 0.087 0.086 0.094 0.120 0.102 0.088 0.083 0.056 0.054 0.091 0.086 0.071 
0.108 0.077 0.083 0.107 0.111 0.086 0.088 0.096 0.088 0.083 0.089 0.081 0.090 0.085 0.642 0.360 0.352 0.379 0.383 0.351 0.374 0.368 0.543 0.647 0.621 0.592 0.552 0.631 0.608 0.632 0.619 0.612 0.735 0.760 0.611 0.441 0.399 0.363 0.378 0.380 0.374 0.587 0.666 0.651 0.609 0.606 0.599 0.574 0.594 0.625 0.673 0.712 0.121 0.074 0.072 0.074 0.072 0.051 0.081 0.079 
0.058 0.081 0.078 0.087 0.083 0.093 0.088 0.078 0.081 0.074 0.063 0.083 0.050 0.098 0.087 0.088 0.062 0.072 0.090 0.076 0.054 0.054 0.080 0.084 0.073 0.087 0.079 0.054 0.063 0.044 0.050 0.081 0.069 0.071 0.085 0.079 0.072 0.083 0.077 0.076 0.080 0.079 0.080 0.399 0.571 0.439 0.155 0.089 0.097 0.085 0.087 0.090 0.089 0.077 0.040 0.045 0.074 0.078 0.045 0.049 
0.100 0.081 0.115 0.093 0.079 0.058 0.080 0.062 0.090 0.082 0.087 0.086 0.125 0.082 0.082 0.073 0.215 0.627 0.579 0.172 0.082 0.089 0.084 0.097 0.039 0.078 0.082 0.052 0.110 0.081 0.076 0.061 0.048 0.074 0.070 0.076 0.040 0.071 0.047 0.074 0.078 0.078 0.043 0.073 0.040 0.076 0.042 0.043 0.037 0.076 0.043 0.077 0.047 0.084 0.050 0.078 0.056 0.049 0.047 0.075 
0.101 0.067 0.066 0.085 0.089 0.047 0.088 0.077 0.051 0.041 0.080 0.074 0.047 0.070 0.053 0.076 0.046 0.053 0.059 0.103 0.078 0.069 0.105 0.063 0.084 0.049 0.092 0.057 0.066 0.090 0.054 0.067 0.103 0.062 0.057 0.075 0.094 0.077 0.090 0.093 0.058 0.115 0.068 0.093 0.064 0.061 0.105 0.067 0.061 0.090 0.072 0.095 0.070 0.062 0.111 0.072 0.146 0.074 0.117 0.076 
0.085 0.108 0.097 0.089 0.130 0.084 0.068 0.072 0.131 0.080 0.114 0.162 0.121 0.095 0.144 0.143 0.141 0.105 0.138 0.135 0.166 0.127 0.135 0.140 0.166 0.163 0.210 0.147 0.113 0.150 0.161 0.106 0.087 0.072 0.077 0.082 0.094 0.082 0.082 0.086 0.053 0.116 0.104 0.112 0.100 0.089 0.066 0.109 0.094 0.074 0.083 0.082 0.082 0.086 0.053 0.056 0.126 0.089 0.098 0.081 
0.100 0.087 0.091 0.060 0.087 0.083 0.083 0.097 0.094 0.076 0.064 0.134 0.106 0.094 0.068 0.094 0.085 0.102 0.066 0.082 0.088 0.080 0.093 0.092 0.106 0.069 0.109 0.104 0.086 0.096 0.063 0.089 0.088 0.094 0.073 0.093 0.080 0.089 0.102 0.096 0.108 0.080 0.107 0.105 0.099 0.095 0.108 0.052 0.086 0.084 0.093 0.089 0.092 0.076 0.074 0.063 0.097 0.088 0.105 0.095 
0.060 0.090 0.105 0.070 0.092 0.091 0.082 0.098 0.092 0.067 0.098 0.104 0.077 0.084 0.069 0.115 0.084 0.056 0.100 0.093 0.083 0.098 0.095 0.055 0.093 0.092 0.104 0.070 0.099 0.066 0.062 0.066 0.119 0.097 0.069 0.094 0.102 0.102 0.063 0.083 0.101 0.116 0.107 0.064 0.088 0.094 0.088 0.071 0.095 0.066 0.091 0.091 0.055 0.097 0.091 0.073 0.089 0.089 0.102 0.079 
0.065 0.091 0.107 0.095 0.077 0.058 0.085 0.089 0.090 0.102 0.070 0.097 0.092 0.075 0.111 0.094 0.103 0.091 0.078 0.089 0.092 0.099 0.060 0.066 0.107 0.086 0.061 0.093 0.104 0.087 0.074 0.100 0.085 0.127 0.091 0.063 0.082 0.099 0.097 0.092 0.084 0.063 0.083 0.091 0.070 0.071 0.200 0.106 0.056 0.093 0.091 0.107 0.080 0.093 0.118 0.098 0.100 0.116 0.082 0.102 
0.076 0.096 0.118 0.090 0.102 0.081 0.087 0.060 0.101 0.070 0.101 0.081 0.097 0.119 0.105 0.098 0.088 0.102 0.102 0.087 0.095 0.086 0.064 0.104 0.094 0.101 0.115 0.085 0.094 0.087 0.091 0.091 0.081 0.101 0.104 0.081 0.083 0.094 0.091 0.093 0.051 0.122 0.149 0.059 0.092 0.085 0.096 0.105 0.093 0.071 0.086 0.093 0.094 0.100 0.064 0.065 0.151 0.105 0.113 0.101 
0.079 0.110 0.114 0.083 0.067 0.060 0.106 0.104 0.100 0.090 0.067 0.081 0.117 0.095 0.109 0.098 0.094 0.086 0.071 0.060 0.095 0.056 0.106 0.088 0.095 0.099 0.105 0.101 0.088 0.063 0.095 0.102 0.122 0.107 0.102 0.089 0.093 0.063 0.095 0.096 0.085 0.112 0.072 0.100 0.091 0.088 0.068 0.088 0.091 0.095 0.095 0.097 0.067 0.102 0.093 0.097 0.107 0.079 0.087 0.088 
