0.120 0.124 0.142 0.133 0.114 0.153 0.120 0.132 0.188 0.170 0.130 0.129 0.143 0.138 0.141 0.123 0.111 0.123 0.136 0.099 0.130 0.114 0.119 0.126 0.661 0.631 0.597 0.614 0.609 0.680 0.591 0.360 0.451 0.453 0.470 0.470 0.452 0.548 0.655 0.621 0.576 0.600 0.571 0.622 0.666 0.478 0.573 0.527 0.506 0.560 0.586 0.519 0.510 0.187 0.118 0.104 0.138 0.108 0.090 0.114 
0.095 0.090 0.106 0.091 0.120 0.096 0.109 0.108 0.099 0.116 0.125 0.122 0.110 0.114 0.115 0.099 0.122 0.097 0.113 0.138 0.112 0.129 0.149 0.078 0.143 0.100 0.523 0.703 0.131 0.202 0.822 0.299 0.664 0.661 0.816 0.737 0.873 0.888 0.847 0.925 0.982 0.989 0.951 0.911 0.902 0.892 0.876 0.887 0.743 0.717 0.739 0.747 0.722 0.755 0.692 0.673 0.158 0.127 0.183 0.514 
0.563 0.562 0.679 0.790 0.681 0.437 0.754 0.827 0.553 0.470 0.494 0.516 0.377 0.726 0.700 0.674 0.666 0.608 0.233 0.814 0.541 0.130 0.122 0.196 0.239 0.223 0.246 0.183 0.289 0.206 0.178 0.236 0.185 0.214 0.244 0.216 0.226 0.248 0.291 0.262 0.284 0.252 0.299 0.239 0.252 0.223 0.248 0.189 0.205 0.227 0.227 0.240 0.316 0.233 0.253 0.243 0.250 0.219 0.235 0.222 
0.230 0.215 0.225 0.239 0.266 0.244 0.278 0.252 0.199 0.222 0.229 0.193 0.226 0.246 0.214 0.196 0.223 0.236 0.245 0.270 0.181 0.246 0.202 0.201 0.240 0.228 0.201 0.227 0.214 0.185 0.250 0.215 0.228 0.219 0.221 0.223 0.208 0.203 0.250 0.223 0.239 0.240 0.282 0.269 0.204 0.224 0.207 0.204 0.202 0.233 0.201 0.188 0.215 0.179 0.223 0.233 0.237 0.174 0.168 0.217 
0.228 0.248 0.241 0.240 0.241 0.247 0.205 0.193 0.182 0.215 0.211 0.217 0.255 0.239 0.189 0.185 0.216 0.208 0.204 0.189 0.203 0.247 0.009 0.318 0.177 0.231 0.228 0.259 0.223 0.202 0.178 0.190 0.213 0.189 0.187 0.203 0.216 0.172 0.205 0.203 0.212 0.174 0.203 0.200 0.228 0.219 0.208 0.280 0.223 0.212 0.206 0.200 0.211 0.174 0.156 0.160 0.121 0.157 0.158 0.177 
0.153 0.151 0.166 0.169 0.157 0.169 0.149 0.187 0.150 0.124 0.154 0.139 0.146 0.152 0.151 0.137 0.127 0.148 0.133 0.134 0.157 0.136 0.151 0.160 0.139 0.148 0.125 0.147 0.163 0.176 0.551 0.504 0.534 0.185 0.103 0.151 0.295 0.574 0.532 0.477 0.159 0.177 0.219 0.314 0.597 0.521 0.567 0.189 0.134 0.147 0.183 0.560 0.515 0.558 0.148 0.122 0.153 0.120 0.131 0.128 
0.109 0.128 0.118 0.130 0.130 0.106 0.120 0.105 0.120 0.114 0.081 0.140 0.124 0.133 0.142 0.118 0.134 0.139 0.130 0.168 0.151 0.142 0.145 0.631 0.449 0.418 0.433 0.416 0.421 0.708 0.635 0.604 0.604 0.626 0.575 0.715 0.494 0.360 0.403 0.401 0.442 0.479 0.475 0.660 0.622 0.632 0.614 0.632 0.646 0.678 0.503 0.136 0.190 0.488 0.369 0.472 0.542 0.543 0.589 0.502 
0.542 0.419 0.128 0.124 0.115 0.127 0.110 0.113 0.137 0.102 0.134 0.118 0.129 0.131 0.134 0.152 0.123 0.122 0.119 0.144 0.122 0.103 0.121 0.128 0.119 0.122 0.426 0.697 0.285 0.823 0.266 0.098 0.515 0.802 0.909 0.850 0.859 0.879 0.812 0.989 0.984 0.948 0.931 0.932 0.824 0.727 0.745 0.663 0.695 0.764 0.745 0.757 0.751 0.716 0.712 0.635 0.222 0.343 0.528 0.645 
0.582 0.831 0.780 0.538 0.431 0.848 0.875 0.582 0.764 0.370 0.730 0.690 0.689 0.708 0.652 0.381 0.779 0.652 0.148 0.141 0.121 0.567 0.652 0.464 0.601 0.650 0.541 0.577 0.586 0.642 0.204 0.125 0.116 0.443 0.601 0.645 0.651 0.646 0.643 0.638 0.647 0.692 0.664 0.656 0.656 0.644 0.649 0.649 0.638 0.649 0.650 0.650 0.644 0.635 0.649 0.098 0.134 0.115 0.439 0.646 
0.640 0.197 0.134 0.440 0.666 0.668 0.639 0.639 0.660 0.669 0.646 0.673 0.658 0.671 0.672 0.684 0.674 0.669 0.700 0.677 0.711 0.685 0.675 0.656 0.676 0.665 0.695 0.663 0.674 0.673 0.673 0.670 0.670 0.672 0.665 0.668 0.676 0.678 0.662 0.673 0.662 0.679 0.677 0.697 0.668 0.685 0.675 0.694 0.689 0.705 0.672 0.689 0.658 0.689 0.670 0.678 0.683 0.689 0.689 0.689 
0.691 0.686 0.719 0.679 0.702 0.706 0.700 0.689 0.698 0.695 0.715 0.724 0.727 0.553 0.176 0.188 0.170 0.141 0.187 0.200 0.206 0.193 0.181 0.202 0.171 0.196 0.211 0.202 0.214 0.218 0.223 0.221 0.253 0.236 0.218 0.241 0.240 0.210 0.240 0.187 0.219 0.244 0.249 0.215 0.226 0.189 0.223 0.218 0.229 0.205 0.205 0.243 0.215 0.246 0.224 0.208 0.201 0.192 0.227 0.214 
0.208 0.197 0.203 0.228 0.254 0.189 0.184 0.219 0.209 0.247 0.200 0.251 0.265 0.207 0.253 0.225 0.258 0.263 0.259 0.271 0.207 0.290 0.288 0.270 0.227 0.205 0.288 0.259 0.275 0.288 0.279 0.307 0.256 0.249 0.282 0.239 0.282 0.263 0.309 0.230 0.279 0.283 0.265 0.239 0.223 0.251 0.218 0.242 0.262 0.234 0.300 0.270 0.249 0.210 0.275 0.279 0.285 0.251 0.252 0.299 
0.261 0.238 0.240 0.245 0.253 0.244 0.277 0.220 0.269 0.234 0.223 0.282 0.244 0.294 0.222 0.236 0.274 0.209 0.219 0.234 0.252 0.265 0.294 0.241 0.218 0.205 0.285 0.257 0.259 0.217 0.236 0.267 0.268 0.251 0.260 0.238 0.238 0.240 0.248 0.251 0.315 0.229 0.224 0.235 0.252 0.235 0.234 0.249 0.248 0.271 0.242 0.262 0.222 0.229 0.232 0.236 0.231 0.257 0.217 0.257 
0.250 0.257 0.236 0.254 0.237 0.238 0.273 0.279 0.269 0.218 0.282 0.267 0.255 0.221 0.261 0.253 0.210 0.245 0.250 0.284 0.225 0.214 0.264 0.283 0.258 0.308 0.295 0.265 0.257 0.259 0.259 0.278 0.243 0.224 0.286 0.272 0.300 0.265 0.290 0.222 0.262 0.300 0.257 0.447 0.346 0.305 0.301 0.296 0.299 0.326 0.291 0.366 0.312 0.314 0.343 0.351 0.325 0.300 0.306 0.302 
0.331 0.259 0.314 0.295 0.301 0.300 0.280 0.282 0.274 0.283 0.304 0.296 0.288 0.324 0.307 0.293 0.252 0.260 0.252 0.261 0.270 0.328 0.248 0.275 0.301 0.259 0.220 0.330 0.259 0.279 0.259 0.309 0.358 0.355 0.370 0.420 0.378 0.358 0.385 0.370 0.332 0.388 0.335 0.279 0.271 0.288 0.313 0.335 0.374 0.372 0.423 0.419 0.402 0.411 0.418 0.385 0.361 0.356 0.354 0.342 
0.338 0.309 0.328 0.278 0.323 0.342 0.291 0.303 0.254 0.273 0.316 0.298 0.319 0.247 0.238 0.222 0.227 0.250 0.226 0.254 0.229 0.223 0.271 0.258 0.241 0.264 0.291 0.285 0.292 0.243 0.249 0.249 0.227 0.287 0.316 0.280 0.251 0.245 0.255 0.232 0.284 0.274 0.286 0.284 0.237 0.275 0.229 0.196 0.219 0.239 0.266 0.247 0.256 0.248 0.243 0.254 0.223 0.197 0.262 0.244 
0.227 0.181 0.237 0.266 0.329 0.297 0.286 0.240 0.255 0.222 0.263 0.311 0.325 0.273 0.236 0.253 0.262 0.298 0.252 0.270 0.252 0.292 0.225 0.280 0.252 0.265 0.220 0.268 0.268 0.258 0.256 0.277 0.264 0.255 0.219 0.286 0.235 0.251 0.219 0.254 0.229 0.241 0.284 0.260 0.312 0.283 0.281 0.241 0.252 0.244 0.244 0.346 0.293 0.241 0.287 0.252 0.271 0.297 0.258 0.279 
0.304 0.309 0.256 0.311 0.281 0.292 0.253 0.232 0.243 0.281 0.293 0.313 0.305 0.262 0.217 0.277 0.240 0.231 0.234 0.255 0.260 0.270 0.248 0.254 0.276 0.265 0.235 0.263 0.246 0.246 0.260 0.276 0.287 0.231 0.267 0.236 0.235 0.271 0.244 0.250 0.274 0.236 0.257 0.230 0.212 0.246 0.243 0.224 0.223 0.248 0.261 0.269 0.276 0.275 0.202 0.246 0.219 0.213 0.236 0.239 
0.236 0.260 0.310 0.272 0.223 0.240 0.277 0.247 0.186 0.438 0.299 0.273 0.292 0.276 0.307 0.278 0.376 0.363 0.351 0.364 0.354 0.356 0.285 0.319 0.287 0.314 0.325 0.290 0.246 0.252 0.227 0.297 0.277 0.277 0.224 0.247 0.262 0.268 0.282 0.264 0.249 0.365 0.389 0.361 0.360 0.373 0.377 0.348 0.317 0.294 0.322 0.356 0.324 0.263 0.292 0.308 0.281 0.263 0.310 0.363 
0.346 0.318 0.367 0.403 0.400 0.289 0.381 0.282 0.334 0.309 0.260 0.295 0.224 0.272 0.166 0.201 0.180 0.204 0.207 0.169 0.166 0.189 0.210 0.213 0.212 0.243 0.192 0.196 0.227 0.187 0.258 0.193 0.228 0.176 0.214 0.157 0.183 0.255 0.211 0.216 0.213 0.204 0.219 0.188 0.212 0.201 0.212 0.201 0.178 0.237 0.163 0.206 0.198 0.212 0.238 0.210 0.206 0.186 0.218 0.204 
0.195 0.203 0.216 0.207 0.218 0.236 0.223 0.242 0.246 0.215 0.205 0.211 0.189 0.215 0.175 0.204 0.196 0.168 0.200 0.158 0.182 0.188 0.190 0.208 0.190 0.228 0.205 0.245 0.201 0.194 0.231 0.197 0.224 0.217 0.251 0.231 0.234 0.220 0.196 0.215 0.210 0.216 0.179 0.240 0.204 0.187 0.183 0.224 0.203 0.222 0.200 0.221 0.178 0.272 0.253 0.185 0.214 0.216 0.177 0.244 
0.200 0.232 0.198 0.210 0.247 0.213 0.258 0.256 0.211 0.244 0.171 0.207 0.201 0.250 0.187 0.227 0.183 0.236 0.237 0.207 0.227 0.210 0.205 0.210 0.207 0.221 0.175 0.223 0.192 0.216 0.246 0.253 0.245 0.264 0.216 0.241 0.277 0.318 0.230 0.281 0.262 0.206 0.227 0.220 0.212 0.246 0.281 0.200 0.198 0.282 0.234 0.245 0.313 0.212 0.240 0.253 0.253 0.212 0.239 0.262 
0.254 0.218 0.231 0.197 0.230 0.249 0.251 0.249 0.310 0.247 0.281 0.242 0.224 0.235 0.193 0.220 0.242 0.230 0.168 0.174 0.232 0.205 0.284 0.227 0.209 0.246 0.265 0.261 0.297 0.230 0.316 0.265 0.228 0.232 0.222 0.218 0.247 0.258 0.288 0.198 0.252 0.266 0.293 0.230 0.217 0.225 0.262 0.230 0.233 0.244 0.170 0.147 0.227 0.236 0.184 0.197 0.201 0.245 0.175 0.227 
0.216 0.215 0.180 0.218 0.209 0.180 0.204 0.246 0.235 0.214 0.169 0.182 0.187 0.180 0.183 0.186 0.196 0.168 0.262 0.234 0.204 0.233 0.178 0.165 0.183 0.192 0.260 0.191 0.220 0.189 0.210 0.205 0.203 0.193 0.198 0.199 0.245 0.229 0.221 0.188 0.216 0.214 0.229 0.174 0.172 0.197 0.164 0.168 0.214 0.187 0.157 0.210 0.207 0.171 0.160 0.196 0.188 0.231 0.187 0.188 
