0.360 0.290 0.272 0.299 0.291 0.341 0.334 0.348 0.338 0.295 0.350 0.283 0.324 0.302 0.299 0.277 0.315 0.337 0.294 0.396 0.317 0.340 0.337 0.355 0.319 0.355 0.350 0.336 0.350 0.338 0.304 0.293 0.309 0.294 0.290 0.316 0.338 0.277 0.332 0.305 0.301 0.320 0.317 0.317 0.297 0.346 0.332 0.322 0.298 0.296 0.345 0.270 0.329 0.338 0.343 0.332 0.264 0.335 0.353 0.276 
0.299 0.328 0.315 0.237 0.318 0.316 0.299 0.287 0.323 0.319 0.329 0.333 0.339 0.333 0.321 0.386 0.342 0.351 0.316 0.341 0.317 0.301 0.279 0.270 0.371 0.377 0.324 0.296 0.325 0.310 0.321 0.379 0.320 0.320 0.304 0.301 0.341 0.324 0.338 0.284 0.303 0.323 0.276 0.311 0.309 0.341 0.333 0.350 0.291 0.312 0.315 0.287 0.345 0.348 0.297 0.298 0.391 0.337 0.303 0.334 
0.324 0.377 0.318 0.296 0.345 0.306 0.349 0.370 0.278 0.278 0.310 0.354 0.281 0.370 0.322 0.285 0.379 0.311 0.315 0.300 0.330 0.305 0.330 0.294 0.306 0.377 0.370 0.339 0.348 0.316 0.321 0.283 0.298 0.281 0.369 0.361 0.342 0.403 0.314 0.394 0.367 0.316 0.374 0.333 0.284 0.370 0.398 0.311 0.253 0.261 0.272 0.307 0.351 0.326 0.363 0.289 0.404 0.351 0.371 0.349 
0.361 0.356 0.274 0.286 0.304 0.337 0.374 0.286 0.361 0.312 0.384 0.302 0.283 0.316 0.331 0.364 0.337 0.339 0.341 0.268 0.269 0.332 0.310 0.288 0.361 0.379 0.301 0.304 0.286 0.280 0.299 0.308 0.323 0.289 0.305 0.290 0.361 0.306 0.334 0.370 0.367 0.369 0.326 0.331 0.356 0.366 0.386 0.334 0.277 0.319 0.338 0.336 0.345 0.347 0.305 0.347 0.295 0.337 0.296 0.286 
0.399 0.366 0.289 0.319 0.302 0.309 0.299 0.307 0.321 0.310 0.316 0.303 0.337 0.322 0.508 0.367 0.369 0.338 0.310 0.329 0.294 0.324 0.310 0.297 0.290 0.321 0.324 0.302 0.297 0.340 0.342 0.368 0.286 0.306 0.324 0.315 0.357 0.303 0.292 0.319 0.329 0.320 0.287 0.342 0.326 0.366 0.352 0.385 0.297 0.310 0.299 0.290 0.386 0.315 0.329 0.335 0.325 0.301 0.329 0.285 
0.346 0.304 0.284 0.311 0.313 0.291 0.340 0.332 0.286 0.324 0.342 0.270 0.310 0.306 0.284 0.384 0.298 0.325 0.306 0.307 0.240 0.339 0.309 0.282 0.312 0.345 0.337 0.301 0.268 0.349 0.329 0.291 0.321 0.328 0.297 0.293 0.333 0.302 0.308 0.322 0.330 0.339 0.326 0.371 0.309 0.330 0.370 0.308 0.275 0.301 0.321 0.350 0.317 0.359 0.298 0.356 0.324 0.332 0.281 0.358 
0.353 0.320 0.321 0.256 0.309 0.321 0.312 0.340 0.303 0.307 0.308 0.320 0.342 0.262 0.335 0.383 0.283 0.336 0.338 0.299 0.326 0.324 0.345 0.340 0.281 0.294 0.299 0.343 0.330 0.304 0.296 0.333 0.306 0.277 0.318 0.309 0.340 0.314 0.266 0.278 0.282 0.296 0.339 0.305 0.335 0.333 0.290 0.292 0.285 0.294 0.306 0.298 0.353 0.323 0.353 0.355 0.358 0.325 0.354 0.362 
0.334 0.333 0.287 0.313 0.317 0.310 0.320 0.321 0.300 0.320 0.340 0.298 0.348 0.277 0.320 0.315 0.315 0.308 0.300 0.374 0.345 0.337 0.301 0.309 0.328 0.311 0.307 0.352 0.352 0.316 0.352 0.283 0.343 0.271 0.283 0.254 0.330 0.390 0.257 0.332 0.350 0.317 0.490 0.378 0.372 0.408 0.382 0.336 0.320 0.367 0.349 0.388 0.375 0.449 0.422 0.362 0.357 0.405 0.321 0.317 
0.360 0.311 0.388 0.359 0.268 0.297 0.312 0.345 0.340 0.330 0.334 0.389 0.449 0.401 0.427 0.459 0.438 0.407 0.383 0.411 0.355 0.367 0.374 0.345 0.369 0.434 0.455 0.446 0.441 0.432 0.417 0.361 0.364 0.358 0.368 0.356 0.384 0.373 0.390 0.323 0.292 0.278 0.265 0.327 0.301 0.355 0.338 0.274 0.259 0.314 0.315 0.311 0.327 0.344 0.301 0.354 0.328 0.331 0.343 0.376 
0.331 0.330 0.347 0.276 0.327 0.316 0.298 0.340 0.347 0.331 0.322 0.314 0.341 0.286 0.331 0.323 0.291 0.302 0.359 0.353 0.278 0.329 0.362 0.350 0.347 0.319 0.283 0.312 0.321 0.299 0.368 0.371 0.303 0.330 0.289 0.335 0.307 0.372 0.326 0.313 0.303 0.297 0.291 0.357 0.341 0.427 0.530 0.400 0.353 0.362 0.380 0.417 0.393 0.360 0.375 0.437 0.399 0.430 0.375 0.418 
0.409 0.444 0.385 0.317 0.381 0.352 0.412 0.365 0.374 0.380 0.366 0.372 0.358 0.361 0.298 0.382 0.372 0.333 0.334 0.348 0.328 0.331 0.344 0.314 0.335 0.393 0.297 0.344 0.382 0.320 0.330 0.401 0.339 0.333 0.426 0.474 0.446 0.463 0.469 0.460 0.477 0.385 0.461 0.423 0.432 0.358 0.365 0.345 0.410 0.401 0.393 0.458 0.407 0.446 0.441 0.435 0.454 0.637 0.452 0.368 
0.419 0.385 0.407 0.374 0.342 0.397 0.321 0.405 0.388 0.342 0.339 0.297 0.298 0.285 0.353 0.355 0.300 0.342 0.296 0.287 0.294 0.317 0.315 0.306 0.328 0.328 0.306 0.351 0.297 0.321 0.328 0.340 0.335 0.417 0.255 0.272 0.340 0.314 0.342 0.315 0.346 0.300 0.294 0.330 0.304 0.364 0.349 0.320 0.332 0.296 0.328 0.340 0.345 0.355 0.355 0.293 0.328 0.484 0.324 0.341 
0.348 0.317 0.332 0.343 0.320 0.321 0.281 0.351 0.386 0.346 0.320 0.282 0.343 0.324 0.331 0.335 0.331 0.298 0.287 0.313 0.281 0.293 0.293 0.309 0.327 0.280 0.305 0.323 0.369 0.321 0.326 0.388 0.336 0.307 0.287 0.346 0.306 0.343 0.308 0.284 0.297 0.311 0.353 0.336 0.304 0.372 0.323 0.256 0.244 0.337 0.297 0.276 0.367 0.309 0.338 0.322 0.239 0.334 0.329 0.349 
0.366 0.325 0.315 0.299 0.296 0.284 0.298 0.316 0.317 0.337 0.322 0.290 0.326 0.336 0.291 0.335 0.332 0.366 0.351 0.293 0.307 0.292 0.298 0.350 0.293 0.321 0.265 0.357 0.329 0.300 0.372 0.312 0.336 0.430 0.343 0.305 0.268 0.399 0.326 0.304 0.329 0.406 0.305 0.296 0.334 0.341 0.335 0.293 0.415 0.323 0.338 0.299 0.348 0.300 0.376 0.258 0.310 0.284 0.276 0.327 
0.344 0.362 0.268 0.270 0.256 0.297 0.288 0.305 0.300 0.309 0.281 0.285 0.313 0.300 0.321 0.347 0.311 0.305 0.307 0.286 0.279 0.271 0.294 0.288 0.315 0.297 0.249 0.283 0.296 0.296 0.330 0.316 0.280 0.335 0.343 0.249 0.276 0.293 0.290 0.283 0.285 0.311 0.290 0.347 0.292 0.306 0.342 0.294 0.313 0.334 0.305 0.280 0.366 0.302 0.260 0.324 0.278 0.281 0.247 0.310 
0.312 0.299 0.283 0.301 0.336 0.312 0.304 0.292 0.274 0.298 0.286 0.296 0.280 0.325 0.344 0.311 0.306 0.318 0.349 0.312 0.373 0.336 0.253 0.283 0.288 0.316 0.305 0.272 0.325 0.273 0.264 0.292 0.289 0.298 0.300 0.311 0.265 0.274 0.365 0.272 0.304 0.282 0.259 0.284 0.288 0.341 0.292 0.270 0.331 0.317 0.300 0.253 0.258 0.253 0.278 0.329 0.242 0.300 0.301 0.335 
0.261 0.303 0.278 0.292 0.265 0.254 0.280 0.262 0.282 0.295 0.276 0.320 0.307 0.290 0.272 0.312 0.297 0.299 0.299 0.275 0.280 0.297 0.266 0.312 0.348 0.282 0.273 0.280 0.268 0.270 0.268 0.295 0.255 0.310 0.369 0.278 0.310 0.278 0.278 0.327 0.298 0.281 0.244 0.282 0.297 0.283 0.322 0.273 0.313 0.270 0.311 0.286 0.255 0.310 0.237 0.074 0.389 0.259 0.233 0.269 
0.281 0.340 0.247 0.220 0.241 0.281 0.273 0.254 0.272 0.257 0.256 0.251 0.266 0.244 0.277 0.280 0.292 0.266 0.237 0.263 0.261 0.228 0.275 0.247 0.270 0.276 0.247 0.268 0.264 0.253 0.220 0.238 0.300 0.281 0.282 0.240 0.194 0.281 0.229 0.226 0.220 0.259 0.258 0.236 0.250 0.226 0.269 0.209 0.218 0.219 0.223 0.184 0.277 0.211 0.237 0.231 0.220 0.216 0.254 0.184 
0.201 0.231 0.214 0.271 0.205 0.211 0.227 0.215 0.230 0.208 0.262 0.205 0.177 0.237 0.258 0.213 0.203 0.207 0.205 0.189 0.196 0.194 0.193 0.204 0.176 0.205 0.195 0.211 0.205 0.181 0.216 0.205 0.218 0.206 0.160 0.210 0.226 0.194 0.232 0.185 0.198 0.193 0.220 0.218 0.241 0.210 0.201 0.197 0.201 0.185 0.197 0.216 0.198 0.258 0.237 0.183 0.715 0.467 0.470 0.451 
0.450 0.462 0.512 0.469 0.573 0.707 0.696 0.683 0.698 0.645 0.674 0.703 0.663 0.651 0.694 0.682 0.696 0.647 0.718 0.716 0.717 0.706 0.546 0.401 0.445 0.502 0.490 0.511 0.584 0.627 0.713 0.688 0.655 0.645 0.647 0.621 0.691 0.661 0.657 0.634 0.672 0.648 0.664 0.683 0.644 0.720 0.697 0.676 0.239 0.224 0.496 0.523 0.525 0.541 0.501 0.625 0.716 0.683 0.597 0.789 
1.004 0.843 0.974 0.360 0.168 0.654 0.856 0.950 0.847 0.954 0.963 0.582 1.043 1.043 1.033 1.009 0.988 0.994 0.965 0.932 0.963 0.780 0.776 0.790 0.879 0.773 0.790 0.801 0.432 0.663 0.277 0.422 0.547 0.805 0.739 0.871 0.824 0.579 0.600 0.931 0.975 0.768 0.616 0.666 0.787 0.782 0.825 0.746 0.675 0.620 0.893 0.284 0.206 0.207 0.581 0.715 0.696 0.718 0.711 0.655 
0.703 0.702 0.514 0.195 0.190 0.398 0.684 0.718 0.720 0.730 0.716 0.704 0.722 0.731 0.723 0.726 0.723 0.724 0.721 0.719 0.715 0.711 0.716 0.721 0.720 0.722 0.707 0.714 0.714 0.707 0.721 0.730 0.353 0.209 0.378 0.717 0.727 0.725 0.742 0.744 0.728 0.720 0.733 0.752 0.742 0.737 0.729 0.740 0.726 0.749 0.722 0.736 0.723 0.732 0.727 0.739 0.726 0.709 0.723 0.745 
0.738 0.737 0.735 0.737 0.741 0.743 0.740 0.747 0.738 0.766 0.740 0.730 0.738 0.737 0.760 0.743 0.762 0.746 0.753 0.737 0.746 0.741 0.745 0.735 0.759 0.734 0.749 0.721 0.751 0.736 0.744 0.727 0.745 0.732 0.750 0.738 0.738 0.874 0.721 0.741 0.734 0.762 0.736 0.494 0.271 0.194 0.189 0.193 0.169 0.193 0.214 0.184 0.291 0.177 0.224 0.217 0.201 0.195 0.185 0.204 
0.186 0.201 0.192 0.196 0.238 0.240 0.222 0.289 0.191 0.258 0.215 0.355 0.369 0.198 0.376 0.302 0.346 0.227 0.222 0.228 0.190 0.214 0.172 0.251 0.275 0.213 0.275 0.206 0.210 0.252 0.206 0.237 0.219 0.232 0.283 0.253 0.364 0.303 0.257 0.254 0.223 0.245 0.237 0.279 0.326 0.275 0.240 0.227 0.234 0.234 0.253 0.259 0.271 0.345 0.286 0.293 0.354 0.286 0.315 0.261 
