0.130 0.139 0.123 0.135 0.138 0.137 0.186 0.205 0.134 0.162 0.139 0.172 0.161 0.143 0.190 0.174 0.166 0.171 0.143 0.143 0.135 0.142 0.187 0.160 0.134 0.157 0.144 0.147 0.143 0.175 0.135 0.182 0.134 0.130 0.150 0.168 0.181 0.200 0.147 0.173 0.157 0.206 0.204 0.173 0.383 0.359 0.345 0.524 0.797 0.736 0.476 0.565 0.809 0.555 0.342 0.688 0.702 0.335 0.274 0.206 
0.182 0.220 0.178 0.177 0.147 0.190 0.154 0.149 0.220 0.159 0.190 0.216 0.193 0.171 0.168 0.177 0.162 0.187 0.198 0.192 0.197 0.179 0.186 0.205 0.210 0.196 0.171 0.176 0.149 0.199 0.255 0.188 0.215 0.215 0.183 0.262 0.212 0.197 0.210 0.218 0.191 0.217 0.203 0.193 0.193 0.226 0.182 0.250 0.184 0.195 0.264 0.225 0.206 0.180 0.208 0.238 0.230 0.272 0.204 0.249 
0.218 0.213 0.207 0.180 0.222 0.218 0.209 0.185 0.212 0.202 0.181 0.213 0.189 0.196 0.183 0.191 0.206 0.211 0.214 0.244 0.236 0.251 0.202 0.213 0.235 0.216 0.241 0.243 0.251 0.248 0.239 0.204 0.225 0.236 0.242 0.260 0.205 0.223 0.238 0.203 0.215 0.226 0.211 0.200 0.223 0.224 0.262 0.235 0.220 0.177 0.247 0.221 0.223 0.256 0.243 0.298 0.273 0.236 0.272 0.251 
0.241 0.227 0.212 0.226 0.235 0.244 0.204 0.223 0.206 0.208 0.217 0.206 0.209 0.221 0.196 0.234 0.214 0.267 0.192 0.234 0.263 0.231 0.304 0.267 0.317 0.212 0.207 0.275 0.245 0.260 0.245 0.240 0.249 0.231 0.210 0.236 0.191 0.225 0.209 0.245 0.199 0.270 0.238 0.212 0.236 0.227 0.222 0.254 0.205 0.227 0.231 0.207 0.198 0.211 0.231 0.221 0.233 0.249 0.226 0.270 
0.270 0.220 0.228 0.245 0.262 0.229 0.242 0.220 0.253 0.217 0.246 0.208 0.194 0.232 0.224 0.240 0.231 0.200 0.220 0.234 0.272 0.276 0.252 0.257 0.256 0.250 0.247 0.227 0.232 0.213 0.286 0.240 0.216 0.205 0.215 0.254 0.204 0.198 0.225 0.227 0.220 0.218 0.214 0.197 0.252 0.258 0.209 0.233 0.234 0.274 0.259 0.233 0.236 0.216 0.240 0.222 0.250 0.240 0.239 0.301 
0.219 0.246 0.226 0.206 0.212 0.253 0.263 0.203 0.228 0.199 0.187 0.237 0.195 0.235 0.242 0.259 0.223 0.252 0.242 0.243 0.273 0.249 0.232 0.261 0.269 0.240 0.244 0.190 0.205 0.276 0.263 0.239 0.180 0.225 0.237 0.267 0.221 0.234 0.247 0.201 0.277 0.246 0.214 0.205 0.234 0.226 0.202 0.243 0.242 0.233 0.300 0.213 0.238 0.250 0.206 0.231 0.239 0.206 0.235 0.233 
0.248 0.269 0.232 0.235 0.177 0.227 0.230 0.254 0.238 0.209 0.243 0.201 0.201 0.199 0.241 0.258 0.227 0.234 0.231 0.227 0.248 0.216 0.268 0.223 0.222 0.231 0.243 0.244 0.236 0.227 0.253 0.229 0.229 0.199 0.240 0.196 0.217 0.235 0.198 0.225 0.216 0.211 0.217 0.218 0.225 0.256 0.215 0.210 0.220 0.232 0.258 0.212 0.217 0.232 0.227 0.240 0.276 0.243 0.228 0.251 
0.200 0.255 0.215 0.254 0.180 0.254 0.190 0.202 0.261 0.208 0.216 0.214 0.209 0.195 0.210 0.261 0.206 0.221 0.191 0.225 0.215 0.204 0.302 0.243 0.264 0.280 0.237 0.238 0.239 0.228 0.250 0.252 0.263 0.227 0.289 0.250 0.230 0.223 0.230 0.211 0.227 0.224 0.197 0.219 0.264 0.213 0.263 0.223 0.209 0.221 0.302 0.314 0.269 0.233 0.223 0.230 0.252 0.226 0.243 0.262 
0.239 0.263 0.203 0.241 0.219 0.219 0.193 0.201 0.221 0.191 0.220 0.222 0.232 0.229 0.199 0.208 0.225 0.218 0.209 0.198 0.256 0.243 0.237 0.216 0.210 0.227 0.224 0.270 0.203 0.255 0.260 0.265 0.224 0.212 0.253 0.218 0.210 0.211 0.255 0.232 0.213 0.256 0.181 0.198 0.206 0.221 0.202 0.242 0.229 0.250 0.228 0.270 0.230 0.241 0.205 0.225 0.282 0.255 0.216 0.265 
0.295 0.223 0.231 0.236 0.204 0.272 0.237 0.233 0.200 0.216 0.222 0.255 0.446 0.416 0.281 0.215 0.243 0.189 0.205 0.233 0.239 0.246 0.237 0.234 0.220 0.214 0.254 0.213 0.219 0.242 0.252 0.232 0.208 0.183 0.202 0.217 0.209 0.217 0.188 0.186 0.199 0.255 0.215 0.223 0.197 0.224 0.236 0.220 0.252 0.249 0.221 0.211 0.201 0.218 0.228 0.199 0.243 0.214 0.244 0.218 
0.265 0.187 0.196 0.223 0.183 0.246 0.191 0.182 0.260 0.156 0.196 0.192 0.206 0.201 0.232 0.194 0.238 0.227 0.236 0.199 0.256 0.203 0.234 0.221 0.263 0.201 0.207 0.220 0.230 0.235 0.235 0.215 0.202 0.217 0.231 0.225 0.223 0.211 0.209 0.201 0.176 0.239 0.201 0.193 0.244 0.208 0.222 0.166 0.205 0.244 0.215 0.239 0.207 0.253 0.227 0.250 0.273 0.250 0.226 0.295 
0.225 0.263 0.220 0.254 0.204 0.207 0.221 0.220 0.232 0.228 0.230 0.232 0.254 0.211 0.231 0.259 0.207 0.228 0.255 0.227 0.252 0.234 0.244 0.237 0.235 0.198 0.214 0.251 0.225 0.269 0.311 0.214 0.248 0.258 0.289 0.240 0.226 0.252 0.176 0.242 0.199 0.325 0.252 0.240 0.249 0.235 0.265 0.206 0.213 0.238 0.231 0.270 0.258 0.271 0.292 0.241 0.229 0.217 0.234 0.246 
0.260 0.270 0.190 0.204 0.202 0.235 0.178 0.227 0.227 0.210 0.195 0.208 0.226 0.202 0.197 0.188 0.221 0.234 0.177 0.223 0.227 0.214 0.250 0.205 0.244 0.242 0.220 0.246 0.237 0.226 0.239 0.227 0.199 0.206 0.226 0.213 0.207 0.239 0.272 0.225 0.234 0.327 0.236 0.244 0.189 0.242 0.241 0.220 0.243 0.252 0.263 0.302 0.232 0.226 0.263 0.235 0.273 0.229 0.234 0.240 
0.271 0.257 0.203 0.239 0.208 0.248 0.195 0.246 0.250 0.188 0.240 0.241 0.237 0.238 0.229 0.223 0.226 0.265 0.206 0.214 0.219 0.257 0.236 0.231 0.278 0.212 0.232 0.269 0.209 0.297 0.253 0.279 0.226 0.217 0.245 0.225 0.199 0.196 0.240 0.231 0.211 0.265 0.211 0.225 0.233 0.195 0.235 0.217 0.250 0.258 0.252 0.258 0.239 0.233 0.193 0.217 0.295 0.224 0.252 0.269 
0.247 0.305 0.209 0.252 0.256 0.253 0.245 0.210 0.245 0.242 0.218 0.235 0.246 0.245 0.287 0.224 0.268 0.315 0.219 0.209 0.263 0.310 0.272 0.266 0.213 0.300 0.218 0.276 0.247 0.296 0.261 0.250 0.304 0.259 0.250 0.188 0.245 0.230 0.290 0.219 0.192 0.229 0.239 0.212 0.277 0.339 0.237 0.254 0.217 0.256 0.234 0.227 0.250 0.216 0.229 0.242 0.208 0.266 0.237 0.213 
0.220 0.252 0.221 0.248 0.229 0.220 0.208 0.226 0.238 0.215 0.187 0.198 0.212 0.210 0.213 0.184 0.221 0.188 0.196 0.238 0.190 0.255 0.205 0.212 0.231 0.174 0.240 0.210 0.241 0.229 0.221 0.217 0.216 0.198 0.224 0.219 0.225 0.210 0.228 0.202 0.185 0.237 0.208 0.228 0.195 0.213 0.223 0.206 0.208 0.205 0.209 0.255 0.191 0.224 0.217 0.248 0.231 0.213 0.223 0.191 
0.242 0.231 0.220 0.159 0.226 0.205 0.197 0.231 0.194 0.227 0.179 0.203 0.216 0.181 0.222 0.211 0.203 0.246 0.205 0.224 0.209 0.216 0.204 0.197 0.257 0.176 0.228 0.227 0.207 0.197 0.210 0.244 0.199 0.246 0.201 0.202 0.209 0.196 0.254 0.196 0.203 0.218 0.223 0.206 0.196 0.217 0.222 0.275 0.229 0.193 0.227 0.207 0.239 0.222 0.209 0.168 0.200 0.221 0.150 0.249 
0.234 0.239 0.258 0.208 0.176 0.194 0.215 0.204 0.222 0.200 0.180 0.218 0.229 0.162 0.219 0.206 0.218 0.221 0.172 0.219 0.204 0.241 0.217 0.208 0.211 0.213 0.187 0.215 0.242 0.222 0.222 0.231 0.203 0.190 0.187 0.210 0.207 0.191 0.221 0.023 0.295 0.211 0.178 0.198 0.196 0.244 0.208 0.189 0.170 0.204 0.236 0.216 0.230 0.176 0.191 0.176 0.199 0.177 0.180 0.206 
0.184 0.220 0.189 0.171 0.209 0.151 0.190 0.185 0.193 0.180 0.190 0.188 0.181 0.166 0.192 0.183 0.210 0.173 0.186 0.147 0.171 0.219 0.169 0.136 0.148 0.164 0.171 0.168 0.159 0.147 0.137 0.175 0.168 0.139 0.162 0.127 0.155 0.160 0.140 0.202 0.148 0.179 0.169 0.143 0.155 0.129 0.135 0.210 0.142 0.158 0.227 0.191 0.173 0.143 0.202 0.140 0.156 0.196 0.145 0.133 
0.140 0.142 0.127 0.158 0.148 0.136 0.182 0.110 0.147 0.132 0.149 0.179 0.179 0.157 0.127 0.153 0.153 0.127 0.133 0.139 0.151 0.156 0.123 0.129 0.131 0.143 0.179 0.140 0.158 0.150 0.106 0.163 0.166 0.168 0.132 0.137 0.147 0.125 0.137 0.129 0.551 0.432 0.412 0.414 0.423 0.403 0.467 0.440 0.621 0.652 0.631 0.677 0.642 0.660 0.655 0.653 0.665 0.674 0.713 0.516 
0.488 0.424 0.426 0.409 0.400 0.410 0.445 0.521 0.672 0.659 0.623 0.651 0.607 0.630 0.652 0.617 0.618 0.686 0.680 0.336 0.175 0.284 0.404 0.388 0.401 0.463 0.486 0.636 0.566 0.565 0.575 0.273 0.139 0.121 0.142 0.134 0.147 0.147 0.112 0.125 0.144 0.144 0.222 0.702 0.560 0.853 0.294 0.666 0.677 0.679 0.663 0.910 1.001 0.934 0.960 0.882 0.910 0.991 0.991 0.967 
0.952 0.947 0.939 0.897 0.881 0.756 0.777 0.743 0.625 0.657 0.127 0.559 0.675 0.595 0.512 0.673 0.848 0.730 0.577 0.811 0.153 0.489 0.752 0.616 0.679 0.669 0.709 0.392 0.832 0.485 0.131 0.147 0.149 0.116 0.244 0.161 0.130 0.148 0.111 0.158 0.193 0.217 0.174 0.233 0.183 0.201 0.238 0.212 0.189 0.182 0.253 0.237 0.223 0.232 0.191 0.225 0.190 0.239 0.197 0.211 
0.224 0.196 0.198 0.206 0.184 0.221 0.168 0.217 0.219 0.181 0.218 0.189 0.219 0.202 0.191 0.190 0.197 0.199 0.168 0.228 0.203 0.222 0.206 0.204 0.201 0.179 0.210 0.240 0.204 0.229 0.234 0.218 0.231 0.195 0.225 0.201 0.183 0.207 0.218 0.219 0.246 0.239 0.215 0.222 0.355 0.221 0.378 0.214 0.244 0.215 0.224 0.271 0.268 0.245 0.207 0.208 0.197 0.206 0.237 0.281 
0.181 0.230 0.223 0.185 0.231 0.179 0.220 0.201 0.210 0.211 0.189 0.232 0.186 0.191 0.204 0.209 0.237 0.172 0.181 0.215 0.224 0.212 0.221 0.212 0.195 0.209 0.217 0.153 0.200 0.194 0.208 0.218 0.169 0.198 0.231 0.197 0.204 0.175 0.260 0.175 0.226 0.195 0.207 0.227 0.223 0.273 0.267 0.231 0.261 0.295 0.306 0.237 0.349 0.244 0.240 0.231 0.217 0.230 0.215 0.259 
