0.109 0.157 0.151 0.184 0.166 0.171 0.129 0.177 0.175 0.115 0.173 0.156 0.126 0.167 0.149 0.169 0.171 0.166 0.187 0.171 0.169 0.165 0.141 0.138 0.139 0.146 0.159 0.162 0.188 0.183 0.145 0.129 0.144 0.149 0.155 0.134 0.149 0.152 0.169 0.153 0.155 0.126 0.119 0.187 0.143 0.142 0.185 0.177 0.112 0.138 0.157 0.125 0.197 0.180 0.150 0.121 0.160 0.157 0.161 0.130 
0.150 0.167 0.145 0.118 0.165 0.150 0.119 0.151 0.137 0.166 0.180 0.163 0.165 0.154 0.142 0.115 0.160 0.146 0.124 0.143 0.155 0.152 0.164 0.171 0.174 0.177 0.159 0.174 0.179 0.125 0.154 0.184 0.129 0.146 0.128 0.144 0.164 0.167 0.124 0.152 0.175 0.150 0.149 0.140 0.162 0.156 0.203 0.191 0.175 0.157 0.146 0.179 0.181 0.156 0.155 0.130 0.129 0.127 0.185 0.158 
0.149 0.180 0.175 0.150 0.155 0.158 0.144 0.191 0.201 0.189 0.206 0.262 0.166 0.183 0.139 0.180 0.211 0.137 0.144 0.130 0.173 0.175 0.129 0.157 0.102 0.141 0.156 0.167 0.150 0.152 0.160 0.194 0.153 0.165 0.124 0.154 0.147 0.173 0.173 0.136 0.151 0.138 0.148 0.159 0.128 0.121 0.185 0.182 0.158 0.172 0.155 0.140 0.152 0.171 0.142 0.141 0.128 0.159 0.178 0.158 
0.160 0.156 0.154 0.153 0.142 0.175 0.189 0.188 0.128 0.159 0.159 0.137 0.168 0.149 0.165 0.184 0.179 0.197 0.165 0.142 0.153 0.173 0.146 0.182 0.168 0.130 0.168 0.170 0.184 0.155 0.144 0.208 0.154 0.171 0.170 0.158 0.148 0.181 0.188 0.134 0.138 0.154 0.138 0.187 0.155 0.158 0.169 0.189 0.176 0.206 0.181 0.152 0.153 0.199 0.171 0.153 0.163 0.159 0.177 0.153 
0.128 0.156 0.193 0.169 0.183 0.175 0.165 0.150 0.170 0.157 0.176 0.172 0.154 0.175 0.142 0.173 0.225 0.197 0.169 0.162 0.164 0.172 0.199 0.200 0.195 0.136 0.149 0.164 0.167 0.147 0.162 0.152 0.166 0.179 0.134 0.148 0.173 0.177 0.177 0.165 0.171 0.148 0.149 0.143 0.158 0.164 0.174 0.190 0.152 0.156 0.150 0.161 0.155 0.200 0.198 0.151 0.142 0.167 0.182 0.176 
0.130 0.178 0.167 0.157 0.126 0.152 0.190 0.171 0.184 0.154 0.178 0.134 0.133 0.150 0.164 0.164 0.173 0.198 0.160 0.130 0.186 0.157 0.173 0.162 0.130 0.158 0.181 0.176 0.183 0.132 0.137 0.150 0.156 0.179 0.193 0.167 0.194 0.141 0.174 0.183 0.156 0.158 0.158 0.187 0.174 0.181 0.218 0.159 0.179 0.227 0.171 0.122 0.220 0.161 0.179 0.168 0.146 0.184 0.187 0.141 
0.178 0.185 0.202 0.179 0.169 0.133 0.147 0.181 0.187 0.192 0.165 0.168 0.140 0.183 0.150 0.168 0.192 0.149 0.159 0.175 0.163 0.149 0.198 0.136 0.169 0.181 0.152 0.158 0.163 0.166 0.165 0.134 0.153 0.177 0.150 0.154 0.174 0.175 0.194 0.137 0.202 0.151 0.184 0.161 0.158 0.141 0.178 0.212 0.158 0.115 0.161 0.157 0.190 0.149 0.174 0.186 0.132 0.161 0.155 0.147 
0.146 0.168 0.171 0.188 0.185 0.178 0.165 0.169 0.166 0.198 0.153 0.154 0.177 0.178 0.167 0.161 0.178 0.195 0.289 0.285 0.262 0.252 0.196 0.197 0.165 0.130 0.146 0.164 0.159 0.156 0.170 0.155 0.142 0.122 0.153 0.172 0.148 0.207 0.177 0.136 0.190 0.150 0.161 0.153 0.168 0.164 0.175 0.191 0.153 0.155 0.122 0.132 0.190 0.199 0.188 0.189 0.176 0.164 0.154 0.148 
0.160 0.177 0.167 0.163 0.169 0.154 0.132 0.156 0.179 0.166 0.137 0.145 0.178 0.152 0.147 0.167 0.158 0.229 0.280 0.289 0.320 0.315 0.307 0.268 0.280 0.220 0.228 0.200 0.194 0.179 0.212 0.207 0.223 0.260 0.304 0.272 0.311 0.280 0.244 0.234 0.241 0.192 0.155 0.182 0.168 0.225 0.202 0.163 0.158 0.140 0.172 0.226 0.265 0.149 0.145 0.159 0.140 0.137 0.126 0.121 
0.159 0.150 0.150 0.147 0.160 0.173 0.121 0.154 0.121 0.315 0.172 0.146 0.142 0.163 0.140 0.159 0.146 0.168 0.177 0.156 0.164 0.192 0.189 0.165 0.153 0.176 0.141 0.155 0.162 0.149 0.168 0.183 0.152 0.132 0.115 0.125 0.181 0.118 0.160 0.142 0.163 0.157 0.133 0.133 0.152 0.169 0.179 0.193 0.199 0.169 0.154 0.118 0.151 0.168 0.181 0.128 0.157 0.157 0.137 0.138 
0.163 0.115 0.154 0.131 0.154 0.139 0.166 0.136 0.103 0.138 0.140 0.137 0.147 0.152 0.128 0.162 0.171 0.178 0.148 0.118 0.152 0.169 0.161 0.168 0.142 0.152 0.142 0.137 0.142 0.115 0.135 0.126 0.142 0.131 0.147 0.166 0.148 0.106 0.136 0.128 0.152 0.148 0.143 0.157 0.161 0.152 0.155 0.151 0.135 0.147 0.171 0.146 0.172 0.133 0.147 0.151 0.180 0.153 0.136 0.159 
0.148 0.187 0.147 0.144 0.165 0.149 0.104 0.128 0.139 0.156 0.103 0.168 0.156 0.156 0.160 0.151 0.157 0.143 0.158 0.154 0.149 0.157 0.148 0.158 0.130 0.111 0.174 0.132 0.123 0.147 0.146 0.162 0.145 0.181 0.169 0.176 0.145 0.101 0.105 0.137 0.143 0.125 0.130 0.156 0.153 0.171 0.146 0.164 0.148 0.140 0.161 0.135 0.162 0.129 0.156 0.163 0.158 0.143 0.120 0.138 
0.120 0.111 0.013 0.155 0.139 0.133 0.127 0.130 0.166 0.142 0.091 0.125 0.117 0.135 0.139 0.109 0.150 0.151 0.130 0.134 0.115 0.138 0.133 0.106 0.114 0.112 0.134 0.120 0.147 0.159 0.134 0.129 0.126 0.130 0.119 0.133 0.131 0.147 0.122 0.136 0.124 0.085 0.104 0.108 0.131 0.126 0.114 0.088 0.088 0.114 0.109 0.115 0.114 0.110 0.122 0.074 0.095 0.104 0.115 0.110 
0.110 0.083 0.133 0.115 0.108 0.112 0.113 0.115 0.102 0.108 0.114 0.103 0.110 0.104 0.117 0.103 0.101 0.111 0.093 0.105 0.107 0.113 0.107 0.084 0.101 0.075 0.115 0.108 0.127 0.105 0.100 0.121 0.104 0.111 0.080 0.116 0.104 0.100 0.100 0.107 0.134 0.115 0.101 0.096 0.069 0.067 0.105 0.099 0.085 0.121 0.090 0.096 0.120 0.124 0.099 0.101 0.109 0.102 0.096 0.102 
0.094 0.103 0.099 0.655 0.373 0.366 0.393 0.397 0.364 0.388 0.381 0.556 0.660 0.634 0.605 0.565 0.644 0.622 0.645 0.632 0.626 0.748 0.774 0.625 0.454 0.412 0.376 0.392 0.394 0.388 0.600 0.679 0.664 0.623 0.620 0.612 0.587 0.607 0.639 0.687 0.725 0.135 0.087 0.085 0.087 0.085 0.065 0.094 0.093 0.072 0.094 0.091 0.101 0.097 0.106 0.102 0.092 0.094 0.088 0.076 
0.096 0.063 0.111 0.100 0.102 0.076 0.086 0.104 0.089 0.067 0.068 0.093 0.097 0.087 0.100 0.093 0.068 0.077 0.058 0.064 0.095 0.083 0.084 0.098 0.092 0.086 0.097 0.091 0.090 0.094 0.092 0.094 0.413 0.585 0.453 0.168 0.103 0.110 0.099 0.101 0.103 0.103 0.091 0.054 0.059 0.088 0.092 0.058 0.063 0.114 0.095 0.128 0.107 0.092 0.072 0.094 0.076 0.104 0.096 0.101 
0.100 0.139 0.096 0.096 0.087 0.229 0.641 0.593 0.186 0.096 0.103 0.098 0.110 0.053 0.092 0.096 0.066 0.124 0.095 0.090 0.075 0.062 0.088 0.084 0.090 0.054 0.085 0.061 0.088 0.092 0.092 0.057 0.087 0.054 0.090 0.057 0.057 0.051 0.090 0.057 0.091 0.061 0.098 0.064 0.092 0.070 0.063 0.062 0.089 0.115 0.081 0.080 0.099 0.103 0.062 0.102 0.091 0.065 0.055 0.094 
0.088 0.061 0.084 0.067 0.090 0.060 0.067 0.074 0.118 0.092 0.084 0.119 0.077 0.098 0.064 0.107 0.071 0.081 0.104 0.068 0.081 0.117 0.076 0.071 0.089 0.108 0.091 0.104 0.108 0.073 0.130 0.082 0.108 0.078 0.076 0.119 0.082 0.076 0.104 0.087 0.110 0.085 0.076 0.126 0.086 0.161 0.088 0.131 0.091 0.099 0.123 0.112 0.103 0.145 0.098 0.082 0.087 0.146 0.095 0.128 
0.177 0.136 0.109 0.158 0.157 0.156 0.120 0.152 0.150 0.180 0.142 0.149 0.155 0.181 0.178 0.224 0.162 0.128 0.164 0.176 0.121 0.102 0.086 0.092 0.097 0.108 0.097 0.097 0.101 0.067 0.130 0.119 0.127 0.115 0.103 0.081 0.124 0.109 0.089 0.098 0.097 0.097 0.100 0.068 0.071 0.140 0.103 0.113 0.095 0.115 0.102 0.105 0.075 0.102 0.098 0.098 0.112 0.109 0.091 0.079 
0.149 0.121 0.109 0.083 0.109 0.100 0.117 0.081 0.097 0.103 0.095 0.108 0.107 0.121 0.083 0.124 0.119 0.101 0.111 0.078 0.104 0.103 0.109 0.088 0.108 0.095 0.104 0.117 0.111 0.123 0.096 0.122 0.120 0.114 0.110 0.123 0.068 0.101 0.099 0.108 0.104 0.107 0.091 0.089 0.078 0.112 0.103 0.120 0.110 0.075 0.105 0.120 0.085 0.108 0.106 0.098 0.113 0.107 0.082 0.113 
0.119 0.092 0.099 0.084 0.130 0.099 0.071 0.115 0.108 0.098 0.114 0.110 0.070 0.108 0.107 0.119 0.085 0.114 0.082 0.077 0.081 0.134 0.112 0.085 0.109 0.118 0.117 0.078 0.099 0.116 0.131 0.122 0.079 0.104 0.109 0.103 0.087 0.110 0.081 0.107 0.106 0.070 0.113 0.106 0.089 0.105 0.104 0.118 0.094 0.080 0.107 0.122 0.111 0.093 0.073 0.100 0.105 0.105 0.117 0.086 
0.113 0.108 0.090 0.126 0.109 0.118 0.107 0.094 0.104 0.107 0.114 0.076 0.082 0.122 0.101 0.077 0.109 0.119 0.103 0.090 0.115 0.101 0.143 0.107 0.078 0.097 0.115 0.113 0.107 0.100 0.078 0.099 0.107 0.086 0.086 0.215 0.122 0.072 0.109 0.106 0.123 0.095 0.109 0.133 0.114 0.116 0.132 0.098 0.118 0.092 0.111 0.133 0.106 0.118 0.097 0.103 0.076 0.117 0.086 0.117 
0.097 0.113 0.135 0.121 0.114 0.103 0.118 0.118 0.103 0.111 0.102 0.079 0.120 0.110 0.117 0.131 0.100 0.110 0.103 0.107 0.107 0.097 0.117 0.120 0.097 0.099 0.110 0.107 0.109 0.067 0.138 0.165 0.075 0.109 0.101 0.112 0.121 0.109 0.087 0.102 0.109 0.110 0.116 0.080 0.081 0.167 0.121 0.129 0.117 0.096 0.126 0.130 0.099 0.083 0.077 0.122 0.120 0.116 0.107 0.083 
0.097 0.133 0.111 0.125 0.114 0.110 0.102 0.087 0.076 0.111 0.072 0.122 0.105 0.111 0.115 0.121 0.117 0.104 0.079 0.111 0.119 0.139 0.124 0.118 0.105 0.109 0.079 0.111 0.112 0.102 0.128 0.089 0.116 0.107 0.104 0.084 0.104 0.107 0.112 0.112 0.114 0.083 0.118 0.110 0.114 0.124 0.096 0.104 0.104 0.112 0.111 0.134 0.127 0.090 0.110 0.069 0.095 0.114 0.120 0.115 
