0.013 0.028 0.020 -0.011 0.049 0.319 0.688 0.695 0.687 0.705 0.624 0.069 0.015 0.015 0.028 0.009 -0.001 0.011 0.031 -0.009 0.003 0.002 0.011 0.013 0.022 -0.004 0.022 0.007 0.005 0.014 0.012 0.012 -0.008 0.014 0.015 0.017 -0.016 0.012 0.004 -0.017 0.013 0.019 -0.007 -0.003 0.021 0.008 -0.021 0.020 0.010 0.006 0.003 0.013 0.017 0.004 -0.020 0.006 -0.010 0.003 0.009 0.020 
0.011 0.017 0.016 0.017 -0.018 0.026 0.009 -0.031 0.009 -0.021 0.012 0.044 0.002 0.029 0.066 0.043 0.020 0.018 0.010 0.044 0.035 0.043 0.012 0.047 0.009 0.005 0.038 0.045 0.032 -0.013 0.007 -0.031 -0.022 0.019 -0.006 0.008 0.003 0.006 0.002 0.003 0.012 0.012 -0.019 0.012 0.005 0.004 -0.015 0.011 0.004 0.019 -0.016 0.005 -0.017 0.016 0.016 0.002 0.025 -0.029 -0.004 0.025 
0.023 0.023 0.025 -0.013 -0.009 0.035 -0.025 -0.017 0.055 0.018 -0.023 0.005 0.013 0.019 0.014 0.010 0.004 -0.022 -0.030 -0.011 -0.015 0.000 -0.009 0.010 0.012 0.001 -0.011 -0.011 -0.002 -0.018 -0.031 0.003 0.007 0.035 0.024 0.018 0.010 -0.005 0.014 -0.025 0.011 -0.028 -0.001 0.040 -0.004 0.010 0.005 0.016 0.009 0.004 -0.011 -0.006 0.010 0.008 0.005 -0.017 0.011 -0.028 -0.004 0.010 
-0.024 0.023 0.003 0.014 -0.004 0.038 0.017 0.013 0.009 0.012 -0.029 0.007 -0.004 0.015 -0.009 -0.026 0.015 0.010 0.006 -0.008 0.004 0.002 -0.022 -0.012 0.002 0.018 -0.020 0.009 0.023 0.021 0.008 0.002 -0.017 -0.022 0.036 0.017 -0.002 0.004 -0.034 0.004 0.005 0.021 0.014 0.019 -0.009 0.009 0.009 -0.005 0.000 0.013 -0.010 0.003 0.002 0.005 -0.027 0.001 0.005 0.024 -0.007 0.014 
0.005 0.002 -0.000 0.011 -0.010 0.001 0.005 0.001 0.008 0.011 -0.019 -0.026 -0.002 0.043 -0.019 -0.000 0.013 -0.001 0.015 -0.020 0.002 0.002 -0.018 -0.005 0.005 0.004 0.000 0.000 0.002 -0.025 0.004 -0.005 0.003 -0.002 -0.031 0.012 0.000 0.010 -0.031 0.005 0.011 -0.001 0.009 -0.012 0.032 0.001 -0.005 -0.020 -0.012 0.015 0.011 -0.015 0.002 -0.009 0.009 0.004 0.024 -0.016 0.031 0.018 
-0.035 0.002 0.001 0.014 -0.011 -0.021 0.014 -0.002 -0.003 0.012 -0.036 0.012 0.003 -0.010 0.002 0.014 0.021 -0.030 0.004 0.004 0.015 0.033 -0.025 -0.029 -0.006 0.018 0.008 -0.027 0.010 -0.002 0.015 0.006 -0.012 0.008 0.012 0.011 -0.023 0.012 0.001 -0.012 -0.016 -0.021 -0.004 0.013 0.010 0.011 -0.017 0.003 0.005 0.001 -0.028 0.023 -0.012 -0.003 0.003 0.011 -0.023 0.010 -0.027 -0.019 
0.005 -0.000 0.001 0.021 0.020 -0.031 0.025 0.001 -0.016 0.012 0.001 0.004 0.024 0.032 -0.002 0.018 -0.017 -0.025 0.009 -0.026 0.006 0.009 -0.030 0.021 0.014 -0.026 0.008 0.003 0.031 -0.032 0.003 0.009 0.005 -0.030 -0.032 -0.001 0.019 -0.033 0.005 0.006 0.006 -0.003 -0.016 0.029 0.017 0.009 -0.024 0.008 -0.005 0.003 -0.033 -0.020 0.017 -0.021 -0.006 -0.006 -0.016 -0.001 0.002 0.010 
-0.017 0.000 -0.005 0.009 0.000 -0.029 0.017 -0.020 -0.038 -0.044 -0.006 -0.006 -0.022 0.027 0.011 -0.035 -0.000 0.005 -0.033 0.000 0.011 -0.027 0.006 0.003 -0.024 0.007 -0.038 -0.023 0.002 0.001 -0.022 0.001 0.003 -0.008 -0.032 -0.001 0.022 -0.027 0.003 0.003 0.002 -0.002 -0.002 -0.036 -0.015 -0.031 0.001 -0.004 -0.033 0.004 0.006 -0.027 -0.005 0.002 0.003 -0.007 -0.012 -0.029 0.004 0.000 
0.009 -0.002 -0.031 -0.036 -0.001 -0.025 0.008 0.004 0.006 -0.034 -0.004 0.001 0.000 0.012 -0.026 -0.015 0.004 -0.011 -0.001 -0.028 -0.035 0.002 -0.020 -0.005 -0.001 -0.042 -0.003 -0.009 -0.003 0.010 -0.011 -0.012 -0.004 0.018 -0.038 -0.004 0.000 -0.025 -0.017 -0.013 0.003 -0.042 -0.008 -0.003 -0.017 -0.016 -0.017 -0.011 -0.009 -0.050 -0.041 -0.013 -0.008 -0.012 -0.014 -0.013 -0.019 -0.043 -0.007 -0.039 
-0.013 -0.049 -0.010 -0.014 0.001 -0.002 -0.037 0.011 -0.011 -0.012 -0.053 -0.013 -0.007 -0.005 -0.008 -0.041 -0.035 -0.018 -0.006 -0.015 -0.034 0.146 -0.004 -0.010 -0.006 -0.007 -0.030 -0.016 -0.013 0.006 0.082 -0.003 -0.013 0.047 0.051 0.077 0.067 -0.008 -0.038 -0.022 -0.013 -0.021 0.176 0.035 0.051 0.039 0.045 0.052 0.049 0.012 0.046 0.065 0.042 0.040 0.010 0.059 0.043 0.068 0.051 0.064 
0.057 0.041 0.086 0.058 0.051 0.058 0.052 0.056 0.078 0.030 0.000 0.005 0.061 0.052 0.040 0.040 0.041 0.035 0.046 0.019 0.050 0.044 0.031 0.025 0.020 0.059 0.046 0.035 0.057 0.051 0.027 0.041 0.027 0.133 0.174 0.197 0.163 0.160 0.179 0.128 0.123 0.124 0.122 0.129 0.046 0.065 0.106 0.066 0.053 0.077 0.048 0.146 0.140 0.182 0.186 0.198 0.151 0.141 0.138 0.142 
0.099 0.126 0.080 0.072 0.036 0.060 0.054 0.033 0.036 0.035 0.051 0.024 0.026 0.042 0.025 0.021 0.055 0.047 0.005 0.045 0.031 0.047 0.060 0.044 0.002 0.002 -0.021 -0.013 -0.009 -0.051 -0.001 -0.008 -0.013 -0.010 -0.019 -0.001 -0.031 -0.048 -0.028 -0.025 -0.014 -0.052 -0.050 -0.035 -0.019 -0.023 -0.063 -0.002 -0.013 -0.022 -0.017 -0.021 -0.013 -0.032 -0.023 -0.053 -0.019 -0.015 -0.027 -0.016 
-0.052 -0.025 -0.046 -0.024 -0.018 -0.027 -0.054 -0.016 -0.028 -0.030 -0.028 -0.027 -0.029 -0.053 -0.099 -0.009 -0.023 -0.035 -0.029 -0.035 0.008 -0.057 -0.030 -0.035 -0.030 -0.022 -0.023 -0.016 -0.056 -0.019 -0.028 -0.029 -0.059 -0.030 -0.024 -0.035 -0.027 -0.023 -0.034 -0.019 -0.025 -0.054 -0.044 -0.026 -0.014 -0.019 -0.030 -0.059 -0.035 -0.022 -0.027 -0.038 -0.031 -0.034 -0.034 -0.055 -0.062 -0.029 -0.036 -0.025 
-0.030 -0.067 -0.032 -0.062 -0.032 -0.030 -0.036 -0.029 -0.032 -0.022 -0.034 -0.038 -0.026 -0.071 -0.031 -0.029 -0.043 -0.034 -0.038 -0.035 -0.067 -0.073 -0.033 -0.038 -0.032 -0.028 -0.038 -0.033 -0.029 -0.022 -0.032 -0.033 -0.028 -0.034 -0.027 -0.037 -0.033 -0.021 -0.041 -0.032 -0.073 -0.034 -0.034 -0.063 -0.034 -0.031 -0.035 -0.033 -0.038 -0.032 -0.045 -0.028 -0.035 -0.042 -0.038 -0.045 -0.036 -0.035 -0.034 -0.034 
-0.036 -0.041 -0.037 -0.043 -0.066 -0.044 -0.068 -0.038 -0.044 -0.032 -0.038 -0.042 -0.038 -0.043 -0.038 0.503 0.240 0.255 0.260 0.258 0.240 0.242 0.234 0.313 0.608 0.514 0.527 0.496 0.434 0.438 0.452 0.470 0.475 0.598 0.581 0.470 0.329 0.286 0.230 0.237 0.216 0.243 0.203 0.286 0.585 0.473 0.499 0.506 0.476 0.490 0.451 0.502 0.458 0.656 0.603 -0.047 -0.044 -0.046 -0.042 -0.041 
-0.044 -0.040 -0.080 -0.042 -0.041 -0.043 -0.046 -0.066 -0.040 -0.046 -0.036 -0.039 -0.047 -0.039 -0.039 -0.044 -0.031 -0.047 -0.040 -0.045 -0.042 -0.041 -0.042 -0.039 -0.077 -0.037 -0.042 -0.075 -0.068 -0.077 -0.074 -0.073 -0.048 -0.041 -0.048 -0.026 -0.039 -0.048 -0.041 -0.047 -0.043 -0.049 -0.044 -0.042 -0.045 -0.040 -0.061 -0.064 -0.043 0.247 0.438 0.296 0.068 -0.039 -0.044 -0.075 -0.050 -0.040 -0.041 -0.047 
-0.071 -0.073 -0.043 -0.041 -0.045 -0.038 -0.075 -0.055 -0.043 -0.047 -0.043 -0.049 -0.072 -0.049 -0.078 -0.075 -0.077 -0.050 -0.083 -0.051 -0.083 -0.081 -0.084 -0.049 -0.051 -0.053 -0.052 -0.048 -0.050 -0.080 -0.039 -0.047 -0.048 -0.072 -0.048 -0.084 -0.051 -0.082 -0.083 -0.083 -0.084 -0.050 -0.046 -0.083 -0.050 -0.052 -0.085 -0.052 -0.083 -0.083 -0.078 -0.083 -0.077 -0.051 -0.050 -0.048 -0.052 -0.044 -0.043 -0.070 
-0.072 -0.040 -0.038 -0.071 -0.046 -0.075 -0.045 -0.083 -0.045 -0.082 -0.078 -0.051 -0.068 -0.047 -0.068 -0.047 -0.075 -0.083 -0.043 -0.081 -0.043 -0.048 -0.073 -0.079 -0.079 -0.045 -0.082 -0.064 -0.082 -0.038 -0.048 -0.072 -0.043 -0.074 -0.068 -0.070 -0.079 -0.071 -0.050 -0.037 -0.079 -0.046 -0.057 -0.043 -0.079 -0.074 -0.075 -0.074 -0.048 -0.050 -0.041 -0.079 -0.074 -0.080 -0.075 -0.076 -0.039 -0.028 -0.038 -0.076 
-0.031 -0.064 -0.028 -0.036 -0.028 -0.039 -0.070 -0.065 -0.045 -0.039 -0.032 -0.036 -0.020 -0.030 -0.026 -0.028 -0.055 -0.041 -0.035 -0.034 -0.043 -0.019 -0.028 -0.029 -0.065 -0.027 -0.022 0.002 -0.047 -0.051 -0.009 0.000 -0.062 -0.019 -0.028 -0.030 -0.034 -0.038 -0.045 -0.030 -0.059 -0.044 -0.006 -0.028 -0.019 -0.027 -0.034 -0.025 -0.075 -0.062 -0.043 -0.028 -0.044 -0.038 -0.022 -0.039 -0.034 -0.027 -0.028 -0.026 
-0.038 -0.033 -0.041 -0.006 -0.070 -0.029 -0.032 -0.033 -0.026 -0.063 -0.034 -0.036 -0.053 -0.014 -0.017 -0.009 -0.022 -0.050 -0.024 -0.028 -0.023 -0.024 -0.011 -0.053 -0.019 -0.016 -0.017 -0.028 -0.046 -0.021 -0.010 -0.026 -0.015 -0.016 -0.049 -0.012 -0.025 -0.015 -0.023 -0.036 -0.030 -0.063 -0.003 -0.027 -0.012 -0.050 -0.022 -0.063 -0.023 -0.020 -0.022 -0.012 -0.041 -0.062 -0.023 -0.040 -0.026 -0.011 -0.034 -0.038 
-0.033 -0.067 -0.023 -0.030 -0.025 -0.036 -0.012 -0.044 -0.062 -0.044 -0.065 -0.036 -0.018 -0.012 -0.030 -0.052 -0.019 -0.034 -0.016 -0.057 -0.025 -0.004 -0.022 -0.057 -0.024 -0.023 -0.066 -0.042 -0.016 -0.059 -0.028 -0.027 -0.029 -0.027 -0.023 -0.054 -0.023 -0.019 -0.039 -0.049 -0.061 -0.026 -0.024 -0.064 -0.061 -0.036 -0.023 -0.031 -0.039 -0.026 -0.067 -0.026 -0.034 -0.060 -0.030 -0.039 -0.058 -0.027 -0.023 -0.030 
-0.022 -0.026 -0.060 -0.041 -0.025 -0.044 -0.052 -0.028 -0.012 -0.050 -0.036 -0.026 -0.030 -0.021 -0.059 -0.016 -0.018 -0.054 -0.071 -0.013 -0.026 -0.040 -0.039 -0.055 -0.028 -0.017 -0.062 -0.015 -0.060 -0.031 -0.022 -0.032 -0.046 -0.025 -0.027 -0.022 -0.062 -0.061 -0.027 -0.025 -0.039 -0.064 0.167 0.067 0.014 0.033 0.051 0.006 0.060 0.058 0.049 -0.009 0.051 0.021 0.029 0.019 0.030 0.082 0.044 0.037 
0.002 0.035 0.020 0.083 0.068 0.036 0.058 0.052 0.007 0.039 0.043 0.015 0.049 0.014 0.040 0.034 0.070 0.032 0.032 0.022 0.063 0.020 0.018 0.074 0.013 0.041 0.039 0.048 0.050 0.019 0.012 0.014 0.046 0.033 0.020 0.069 0.022 0.021 -0.027 0.034 0.060 0.039 0.072 0.044 0.023 0.031 0.046 0.041 0.049 0.033 0.007 0.013 0.062 0.034 0.056 0.033 0.017 0.060 0.005 0.023 
0.003 0.027 0.037 0.055 0.042 0.036 0.037 0.018 0.058 0.043 0.028 -0.009 0.059 0.050 0.028 0.050 0.026 0.027 0.010 0.036 0.016 0.061 0.028 0.002 -0.012 0.013 0.046 0.063 0.056 0.023 0.032 -0.018 0.038 0.052 0.045 0.012 0.001 0.044 0.021 0.003 0.017 0.024 0.019 0.030 0.045 0.045 0.015 0.010 0.045 0.062 0.029 0.040 -0.009 0.056 0.039 0.038 0.024 0.060 0.036 0.020 
