0.136 0.114 0.099 0.116 0.170 0.255 0.134 0.240 0.173 0.233 0.175 0.152 0.127 0.150 0.180 0.228 0.128 0.176 0.132 0.115 0.126 0.158 0.169 0.169 0.104 0.138 0.147 0.102 0.120 0.152 0.153 0.128 0.175 0.134 0.135 0.186 0.118 0.137 0.179 0.169 0.181 0.160 0.179 0.177 0.176 0.153 0.191 0.180 0.201 0.154 0.207 0.177 0.166 0.146 0.169 0.153 0.135 0.161 0.138 0.140 
0.155 0.231 0.162 0.083 0.156 0.183 0.197 0.153 0.149 0.172 0.162 0.141 0.164 0.159 0.174 0.190 0.133 0.108 0.145 0.155 0.149 0.142 0.101 0.203 0.187 0.097 0.171 0.152 0.185 0.100 0.150 0.158 0.138 0.128 0.176 0.158 0.196 0.194 0.163 0.165 0.178 0.107 0.185 0.176 0.154 0.173 0.185 0.149 0.201 0.148 0.184 0.135 0.152 0.181 0.148 0.112 0.179 0.160 0.139 0.130 
0.139 0.093 0.150 0.104 0.130 0.196 0.176 0.225 0.136 0.189 0.167 0.179 0.142 0.162 0.196 0.169 0.134 0.133 0.131 0.139 0.145 0.119 0.112 0.117 0.175 0.148 0.180 0.177 0.128 0.120 0.125 0.133 0.130 0.100 0.150 0.121 0.195 0.175 0.165 0.157 0.130 0.165 0.123 0.168 0.180 0.160 0.125 0.180 0.128 0.141 0.182 0.158 0.131 0.138 0.181 0.183 0.182 0.143 0.143 0.097 
0.133 0.157 0.176 0.176 0.168 0.155 0.147 0.169 0.190 0.194 0.151 0.161 0.155 0.211 0.163 0.191 0.080 0.113 0.199 0.116 0.175 0.125 0.156 0.170 0.158 0.154 0.159 0.186 0.094 0.167 0.198 0.134 0.175 0.132 0.173 0.159 0.163 0.165 0.177 0.205 0.116 0.187 0.149 0.154 0.213 0.174 0.132 0.135 0.180 0.120 0.131 0.186 0.183 0.183 0.147 0.168 0.155 0.171 0.175 0.167 
0.120 0.186 0.138 0.154 0.176 0.160 0.185 0.161 0.190 0.211 0.130 0.229 0.185 0.144 0.197 0.177 0.155 0.145 0.157 0.138 0.171 0.142 0.113 0.175 0.154 0.160 0.145 0.181 0.133 0.139 0.127 0.133 0.132 0.129 0.152 0.156 0.155 0.188 0.168 0.120 0.148 0.163 0.176 0.168 0.202 0.182 0.157 0.119 0.142 0.141 0.156 0.130 0.139 0.153 0.170 0.128 0.135 0.209 0.144 0.159 
0.173 0.161 0.153 0.147 0.196 0.198 0.230 0.195 0.164 0.213 0.132 0.233 0.214 0.185 0.168 0.216 0.142 0.115 0.142 0.166 0.151 0.167 0.158 0.204 0.199 0.166 0.215 0.177 0.155 0.122 0.170 0.149 0.101 0.136 0.170 0.161 0.180 0.135 0.119 0.140 0.139 0.157 0.140 0.145 0.136 0.158 0.135 0.087 0.176 0.138 0.165 0.176 0.140 0.175 0.123 0.132 0.181 0.189 0.169 0.169 
0.204 0.173 0.152 0.122 0.158 0.146 0.143 0.129 0.145 0.176 0.135 0.157 0.162 0.179 0.151 0.175 0.158 0.119 0.133 0.163 0.140 0.179 0.159 0.121 0.162 0.101 0.144 0.108 0.145 0.116 0.122 0.162 0.130 0.138 0.156 0.154 0.164 0.155 0.134 0.181 0.157 0.242 0.157 0.176 0.122 0.184 0.160 0.166 0.149 0.132 0.178 0.210 0.162 0.172 0.119 0.174 0.159 0.196 0.141 0.185 
0.145 0.158 0.145 0.123 0.161 0.177 0.117 0.215 0.160 0.143 0.123 0.170 0.173 0.183 0.237 0.144 0.130 0.164 0.129 0.133 0.124 0.122 0.098 0.126 0.170 0.138 0.175 0.173 0.096 0.120 0.125 0.117 0.142 0.106 0.141 0.169 0.170 0.142 0.156 0.179 0.118 0.137 0.146 0.175 0.221 0.162 0.157 0.109 0.131 0.143 0.149 0.169 0.137 0.212 0.158 0.130 0.168 0.179 0.143 0.160 
0.155 0.170 0.120 0.157 0.157 0.200 0.164 0.187 0.141 0.172 0.149 0.176 0.203 0.208 0.133 0.210 0.167 0.131 0.120 0.189 0.167 0.164 0.317 0.264 0.235 0.245 0.243 0.238 0.231 0.218 0.193 0.215 0.240 0.198 0.215 0.223 0.250 0.245 0.232 0.233 0.194 0.236 0.200 0.258 0.203 0.260 0.141 0.151 0.158 0.186 0.155 0.151 0.123 0.154 0.159 0.243 0.296 0.246 0.295 0.317 
0.320 0.265 0.209 0.226 0.231 0.260 0.199 0.188 0.154 0.162 0.155 0.217 0.222 0.268 0.254 0.280 0.252 0.267 0.263 0.255 0.227 0.176 0.193 0.196 0.222 0.155 0.209 0.200 0.144 0.148 0.178 0.154 0.109 0.108 0.143 0.125 0.146 0.134 0.156 0.168 0.084 0.153 0.121 0.166 0.169 0.184 0.102 0.094 0.145 0.143 0.121 0.181 0.096 0.136 0.138 0.144 0.191 0.145 0.146 0.136 
0.133 0.173 0.164 0.131 0.167 0.142 0.181 0.163 0.156 0.135 0.179 0.160 0.143 0.188 0.204 0.156 0.171 0.126 0.129 0.150 0.165 0.131 0.132 0.150 0.148 0.133 0.181 0.182 0.124 0.139 0.159 0.106 0.179 0.105 0.137 0.123 0.161 0.159 0.173 0.160 0.116 0.172 0.161 0.133 0.186 0.130 0.200 0.143 0.125 0.163 0.139 0.165 0.140 0.175 0.192 0.137 0.300 0.131 0.150 0.138 
0.156 0.115 0.073 0.156 0.147 0.195 0.205 0.121 0.134 0.193 0.172 0.193 0.145 0.144 0.180 0.200 0.161 0.103 0.150 0.136 0.148 0.130 0.109 0.143 0.145 0.130 0.131 0.134 0.138 0.144 0.162 0.165 0.134 0.132 0.126 0.194 0.146 0.177 0.123 0.197 0.166 0.195 0.113 0.108 0.190 0.170 0.155 0.164 0.171 0.147 0.181 0.090 0.186 0.142 0.226 0.144 0.185 0.185 0.141 0.147 
0.191 0.130 0.156 0.125 0.157 0.155 0.129 0.196 0.112 0.172 0.125 0.162 0.181 0.139 0.177 0.179 0.119 0.132 0.137 0.135 0.149 0.139 0.113 0.169 0.149 0.120 0.160 0.167 0.129 0.137 0.124 0.115 0.154 0.124 0.161 0.122 0.142 0.135 0.115 0.156 0.128 0.129 0.162 0.162 0.169 0.173 0.151 0.150 0.137 0.155 0.158 0.147 0.132 0.156 0.175 0.151 0.170 0.180 0.132 0.128 
0.159 0.140 0.140 0.145 0.151 0.119 0.131 0.195 0.128 0.192 0.138 0.156 0.165 0.173 0.181 0.190 0.108 0.131 0.090 0.094 0.152 0.119 0.175 0.145 0.170 0.161 0.177 0.150 0.127 0.206 0.166 0.188 0.111 0.205 0.190 0.131 0.134 0.226 0.179 0.203 0.158 0.158 0.233 0.193 0.231 0.133 0.194 0.170 0.162 0.131 0.130 0.206 0.157 0.192 0.124 0.168 0.176 0.120 0.123 0.197 
0.272 0.150 0.156 0.154 0.121 0.161 0.126 0.160 0.141 0.124 0.137 0.089 0.137 0.112 0.136 0.138 0.148 0.111 0.158 0.117 0.112 0.103 0.108 0.111 0.106 0.136 0.097 0.118 0.113 0.107 0.118 0.089 0.094 0.130 0.101 0.137 0.098 0.184 0.169 0.114 0.145 0.093 0.169 0.122 0.161 0.147 0.113 0.111 0.109 0.114 0.093 0.133 0.193 0.191 0.144 0.112 0.154 0.138 0.114 0.116 
0.101 0.148 0.206 0.174 0.139 0.151 0.187 0.102 0.106 0.185 0.112 0.134 0.131 0.181 0.153 0.199 0.157 0.136 0.122 0.118 0.154 0.118 0.140 0.149 0.117 0.120 0.129 0.093 0.111 0.093 0.099 0.113 0.103 0.088 0.071 0.128 0.143 0.152 0.146 0.102 0.121 0.106 0.133 0.135 0.139 0.135 0.076 0.141 0.088 0.119 0.101 0.105 0.147 0.098 0.128 0.118 0.145 0.155 0.111 0.115 
0.102 0.129 0.094 0.124 0.135 0.129 0.157 0.086 0.122 0.117 0.074 0.119 0.100 0.140 0.096 0.129 0.110 0.071 0.093 0.116 0.109 0.119 0.056 0.118 0.090 0.064 0.108 0.109 0.113 0.076 0.073 0.098 0.108 0.082 0.078 0.076 0.103 0.092 0.125 0.108 0.045 0.112 0.099 0.154 0.173 0.107 0.075 0.117 0.104 0.081 0.070 0.096 0.042 0.101 -0.080 0.209 0.037 0.098 0.108 0.099 
0.163 0.087 0.051 0.073 0.073 0.144 0.117 0.118 0.110 0.112 0.098 0.071 0.102 0.118 0.091 0.130 0.040 0.102 0.080 0.112 0.130 0.152 0.099 0.061 0.100 0.108 0.112 0.086 0.071 0.097 0.044 0.136 0.096 0.055 0.086 0.083 0.103 0.112 0.088 0.075 0.081 0.089 0.115 0.089 0.091 0.064 0.064 0.091 0.066 0.058 0.074 0.055 0.100 0.064 0.110 0.050 0.050 0.079 0.084 0.112 
0.114 0.075 0.152 0.086 0.081 0.058 0.141 0.062 0.097 0.083 0.129 0.108 0.094 0.069 0.131 0.056 0.062 0.045 0.052 0.022 0.038 0.042 0.030 0.033 0.023 0.038 0.029 0.052 0.037 0.042 0.072 0.076 0.049 0.040 0.000 0.052 0.052 0.045 0.054 0.022 0.037 0.048 0.032 0.062 0.041 0.054 0.036 0.041 0.030 0.018 0.032 0.024 0.024 0.023 0.009 0.565 0.308 0.324 0.362 0.318 
0.332 0.328 0.331 0.342 0.566 0.530 0.494 0.542 0.512 0.492 0.512 0.473 0.517 0.527 0.471 0.484 0.503 0.535 0.540 0.530 0.390 0.246 0.300 0.298 0.291 0.291 0.289 0.375 0.394 0.482 0.541 0.482 0.509 0.512 0.486 0.495 0.521 0.528 0.491 0.480 0.482 0.472 0.528 0.529 0.546 0.450 0.053 0.098 0.336 0.279 0.333 0.317 0.377 0.403 0.449 0.457 0.466 0.457 0.698 0.826 
0.537 0.706 0.045 0.461 0.585 0.746 0.671 0.792 0.791 0.868 0.738 0.865 0.899 0.894 0.833 0.848 0.837 0.816 0.778 0.772 0.647 0.639 0.676 0.610 0.637 0.462 0.463 0.271 0.493 0.559 0.629 0.522 0.288 0.664 0.705 0.724 0.537 0.437 0.351 0.565 0.520 0.456 0.608 0.585 0.403 0.585 0.671 0.024 0.055 0.021 0.029 0.382 0.557 0.524 0.549 0.552 0.505 0.548 0.542 0.427 
0.019 0.015 0.006 0.162 0.522 0.556 0.556 0.563 0.579 0.569 0.556 0.562 0.551 0.582 0.581 0.552 0.559 0.558 0.567 0.545 0.551 0.558 0.562 0.577 0.563 0.557 0.557 0.562 0.563 0.562 0.287 0.025 0.018 0.168 0.544 0.529 0.528 0.549 0.547 0.540 0.547 0.541 0.557 0.552 0.562 0.544 0.550 0.539 0.551 0.533 0.543 0.533 0.547 0.545 0.557 0.546 0.534 0.538 0.561 0.546 
0.550 0.540 0.540 0.558 0.553 0.536 0.559 0.555 0.556 0.567 0.548 0.565 0.549 0.583 0.543 0.563 0.552 0.558 0.555 0.556 0.529 0.563 0.545 0.537 0.570 0.572 0.543 0.551 0.549 0.555 0.559 0.552 0.540 0.566 0.544 0.541 0.549 0.555 0.556 0.555 0.552 0.541 0.032 0.045 0.034 0.042 0.031 0.015 0.034 0.020 0.038 0.049 0.030 0.032 0.014 0.055 0.029 0.049 0.040 0.010 
0.040 0.032 0.044 0.042 0.033 0.031 0.067 0.029 0.076 0.013 0.027 0.051 0.016 0.087 0.033 0.040 0.019 0.027 0.029 0.032 0.082 0.100 0.029 0.056 0.033 0.067 0.056 0.038 0.085 0.068 0.060 0.066 0.038 0.038 0.030 0.037 0.082 0.054 0.028 0.052 0.039 0.041 0.038 0.070 0.029 0.077 0.028 0.025 0.044 0.063 0.075 0.094 0.041 0.067 0.051 0.100 0.099 0.067 0.277 0.253 
