-0.194 -0.025 0.043 0.043 0.054 0.136 0.199 0.268 0.119 0.147 0.063 -0.264 -0.283 -0.286 -0.264 -0.293 -0.274 -0.281 -0.295 -0.264 -0.299 -0.280 -0.283 -0.298 -0.278 -0.279 -0.279 -0.283 -0.272 -0.279 -0.277 -0.272 -0.287 -0.295 -0.287 -0.324 -0.275 -0.285 -0.291 -0.262 -0.282 -0.017 0.311 -0.140 -0.274 0.410 0.191 0.267 0.291 0.387 0.412 0.497 0.518 0.519 0.469 0.582 0.585 0.555 0.529 0.541 
0.525 0.485 0.380 0.355 0.345 0.331 0.351 0.346 0.343 0.186 -0.079 -0.266 -0.189 0.056 0.206 0.262 0.319 0.372 0.215 -0.000 0.327 0.439 -0.055 0.204 0.180 0.298 -0.256 0.136 0.321 0.296 0.303 0.261 0.144 0.063 0.430 -0.126 -0.271 -0.257 -0.088 0.236 0.223 0.206 0.236 0.202 0.185 0.202 0.225 -0.240 -0.294 -0.031 0.197 0.235 0.253 0.246 0.237 0.235 0.236 0.252 0.242 0.247 
0.244 0.235 0.250 0.234 0.224 0.222 0.231 0.232 0.236 0.224 0.232 0.237 0.242 0.129 -0.295 -0.297 -0.056 0.231 0.239 0.240 0.235 0.221 0.242 0.239 0.245 0.237 0.254 0.254 0.251 0.238 0.255 0.259 0.254 0.249 0.246 0.237 0.235 0.239 0.244 0.236 0.240 0.239 0.254 0.235 0.250 0.241 0.253 0.239 0.255 0.241 0.250 0.239 0.264 0.244 0.241 0.241 0.250 0.259 0.248 0.239 
0.249 0.250 0.244 0.253 0.240 0.247 0.234 0.246 0.240 0.251 0.243 0.247 0.250 0.249 0.249 0.240 0.236 0.248 0.237 0.245 0.237 0.233 0.237 0.244 0.233 0.240 0.038 -0.295 -0.313 -0.296 -0.282 -0.289 -0.286 -0.306 -0.285 -0.309 -0.275 -0.292 -0.293 -0.281 -0.325 -0.267 -0.261 -0.286 -0.268 -0.293 -0.287 -0.282 -0.298 -0.276 -0.277 -0.276 -0.254 -0.280 -0.221 -0.269 -0.270 -0.263 -0.276 -0.276 
-0.310 -0.286 -0.302 -0.286 -0.241 -0.296 -0.286 -0.275 -0.286 -0.284 -0.290 -0.285 -0.267 -0.280 -0.285 -0.282 -0.273 -0.276 -0.289 -0.286 -0.288 -0.248 -0.243 -0.278 -0.309 -0.301 -0.264 -0.250 -0.285 -0.280 -0.283 -0.292 -0.278 -0.259 -0.259 -0.300 -0.288 -0.288 -0.286 -0.259 -0.251 -0.278 -0.271 -0.277 -0.270 -0.276 -0.268 -0.240 -0.272 -0.238 -0.260 -0.247 -0.258 -0.254 -0.246 -0.306 -0.270 -0.240 -0.250 -0.286 
-0.301 -0.272 -0.276 -0.268 -0.250 -0.261 -0.231 -0.280 -0.292 -0.252 -0.263 -0.260 -0.258 -0.250 -0.243 -0.257 -0.248 -0.276 -0.247 -0.229 -0.268 -0.229 -0.229 -0.205 -0.238 -0.254 -0.207 -0.213 -0.255 -0.274 -0.236 -0.230 -0.274 -0.239 -0.249 -0.239 -0.191 -0.266 -0.275 -0.256 -0.246 -0.264 -0.240 -0.215 -0.199 -0.197 -0.239 -0.199 -0.243 -0.226 -0.285 -0.257 -0.249 -0.210 -0.224 -0.212 -0.234 -0.192 -0.210 -0.226 
-0.232 -0.259 -0.241 -0.232 -0.270 -0.220 -0.225 -0.244 -0.221 -0.217 -0.248 -0.284 -0.239 -0.262 -0.251 -0.195 -0.222 -0.190 -0.221 -0.204 -0.225 -0.224 -0.219 -0.242 -0.258 -0.223 -0.207 -0.164 -0.232 -0.232 -0.255 -0.236 -0.286 -0.236 -0.236 -0.253 -0.217 -0.258 -0.254 -0.221 -0.267 -0.239 -0.253 -0.239 -0.236 -0.218 -0.214 -0.217 -0.237 -0.221 -0.232 -0.229 -0.252 -0.251 -0.245 -0.267 -0.236 -0.255 -0.220 -0.196 
-0.245 -0.172 -0.187 -0.205 -0.223 -0.176 -0.158 -0.225 -0.196 -0.223 -0.225 -0.193 -0.237 -0.222 -0.233 -0.194 -0.207 -0.223 -0.164 -0.194 -0.171 -0.195 -0.188 -0.210 -0.177 -0.209 -0.237 -0.155 -0.206 -0.202 -0.212 -0.232 -0.210 -0.234 -0.217 -0.243 -0.220 -0.234 -0.255 -0.216 -0.232 -0.229 -0.275 -0.240 -0.228 -0.217 -0.220 -0.181 -0.264 -0.241 -0.270 -0.229 -0.251 -0.266 -0.233 -0.259 -0.198 -0.215 -0.231 -0.248 
-0.272 -0.251 -0.237 -0.235 -0.227 -0.217 -0.197 -0.276 -0.252 -0.245 -0.244 -0.271 -0.267 -0.253 -0.257 -0.209 -0.236 -0.208 -0.224 -0.251 -0.224 -0.249 -0.273 -0.233 -0.266 -0.255 -0.224 -0.201 -0.248 -0.215 -0.229 -0.235 -0.272 -0.247 -0.220 -0.263 -0.156 -0.230 -0.233 -0.227 -0.223 -0.241 -0.216 -0.225 -0.274 -0.288 -0.233 -0.252 -0.212 -0.214 -0.200 -0.252 -0.268 -0.271 -0.252 -0.246 -0.198 -0.179 -0.207 -0.243 
-0.259 -0.262 -0.243 -0.261 -0.224 -0.246 -0.226 -0.254 -0.267 -0.263 -0.265 -0.292 -0.246 -0.294 -0.235 -0.267 -0.222 -0.245 -0.226 -0.199 -0.266 -0.178 -0.239 -0.234 -0.244 -0.214 -0.287 -0.206 -0.236 -0.259 -0.251 -0.255 -0.267 -0.222 -0.254 -0.247 -0.262 -0.274 -0.255 -0.225 -0.256 -0.302 -0.236 -0.258 -0.247 -0.255 -0.260 -0.214 -0.158 -0.261 -0.261 -0.262 -0.284 -0.240 -0.259 -0.261 -0.213 -0.209 -0.248 -0.217 
-0.273 -0.274 -0.233 -0.273 -0.248 -0.257 -0.227 -0.228 -0.297 -0.255 -0.296 -0.265 -0.253 -0.263 -0.263 -0.262 -0.278 -0.235 -0.246 -0.249 -0.258 -0.206 -0.219 -0.276 -0.273 -0.252 -0.230 -0.231 -0.264 -0.241 -0.308 -0.264 -0.250 -0.248 -0.237 -0.257 -0.244 -0.285 -0.273 -0.271 -0.278 -0.256 -0.277 -0.261 -0.275 -0.231 -0.258 -0.203 -0.255 -0.219 -0.220 -0.279 -0.240 -0.241 -0.231 -0.274 -0.251 -0.214 -0.224 -0.251 
-0.273 -0.258 -0.229 -0.276 -0.251 -0.257 -0.229 -0.294 -0.253 -0.267 -0.285 -0.295 -0.285 -0.265 -0.257 -0.276 -0.243 -0.265 -0.257 -0.270 -0.232 -0.252 -0.210 -0.254 -0.248 -0.260 -0.261 -0.235 -0.260 -0.259 -0.229 -0.237 -0.231 -0.204 -0.255 -0.264 -0.285 -0.278 -0.272 -0.259 -0.284 -0.291 -0.277 -0.261 -0.277 -0.241 -0.297 -0.253 -0.269 -0.256 -0.223 -0.267 -0.271 -0.257 -0.265 -0.236 -0.274 -0.183 -0.251 -0.295 
-0.301 -0.252 -0.267 -0.272 -0.238 -0.281 -0.258 -0.283 -0.277 -0.263 -0.291 -0.277 -0.284 -0.276 -0.279 -0.258 -0.285 -0.274 -0.277 -0.256 -0.290 -0.242 -0.273 -0.250 -0.283 -0.276 -0.280 -0.237 -0.200 -0.233 -0.298 -0.209 -0.305 -0.265 -0.239 -0.316 -0.241 -0.290 -0.288 -0.292 -0.308 -0.304 -0.307 -0.276 -0.309 -0.257 -0.288 -0.264 -0.235 -0.266 -0.271 -0.277 -0.283 -0.238 -0.287 -0.258 -0.233 -0.185 -0.217 -0.265 
-0.252 -0.286 -0.305 -0.280 -0.256 -0.290 -0.255 -0.274 -0.284 -0.282 -0.275 -0.281 -0.269 -0.291 -0.267 -0.271 -0.280 -0.271 -0.259 -0.245 -0.262 -0.286 -0.245 -0.253 -0.280 -0.264 -0.225 -0.257 -0.267 -0.236 -0.265 -0.284 -0.266 -0.252 -0.267 -0.261 -0.221 -0.286 -0.288 -0.271 -0.236 -0.233 -0.259 -0.258 -0.292 -0.249 -0.293 -0.264 -0.232 -0.271 -0.289 -0.288 -0.239 -0.285 -0.294 -0.254 -0.296 -0.235 -0.249 -0.289 
-0.314 -0.257 -0.288 -0.269 -0.280 -0.272 -0.283 -0.274 -0.309 -0.267 -0.292 -0.282 -0.226 -0.232 -0.270 -0.270 -0.270 -0.241 -0.263 -0.306 -0.231 -0.251 -0.256 -0.303 -0.267 -0.292 -0.298 -0.215 -0.300 -0.266 -0.280 -0.288 -0.291 -0.263 -0.245 -0.296 -0.253 -0.304 -0.312 -0.285 -0.289 -0.275 -0.277 -0.285 -0.315 -0.293 -0.252 -0.243 -0.270 -0.278 -0.276 -0.271 -0.279 -0.265 -0.344 -0.233 -0.216 -0.289 -0.253 -0.269 
-0.284 -0.256 -0.284 -0.271 -0.267 -0.283 -0.311 -0.311 -0.263 -0.273 -0.266 -0.320 -0.271 -0.305 -0.313 -0.290 -0.327 -0.296 -0.290 -0.279 -0.256 -0.287 -0.227 -0.291 -0.282 -0.260 -0.279 -0.269 -0.253 -0.269 -0.285 -0.239 -0.281 -0.269 -0.264 -0.294 -0.280 -0.269 -0.275 -0.180 -0.275 -0.275 -0.245 -0.270 -0.294 -0.264 -0.274 -0.276 -0.249 -0.300 -0.316 -0.273 -0.295 -0.320 -0.283 -0.329 -0.306 -0.252 -0.243 -0.253 
-0.278 -0.274 -0.264 -0.258 -0.294 -0.280 -0.260 -0.316 -0.300 -0.298 -0.326 -0.288 -0.324 -0.278 -0.345 -0.291 -0.242 -0.261 -0.278 -0.265 -0.289 -0.277 -0.328 -0.322 -0.325 -0.286 -0.278 -0.253 -0.257 -0.290 -0.275 -0.297 -0.296 -0.280 -0.306 -0.295 -0.323 -0.268 -0.272 -0.221 -0.277 -0.268 -0.253 -0.294 -0.285 -0.278 -0.288 -0.305 -0.305 -0.260 -0.301 -0.279 -0.300 -0.281 -0.306 -0.323 -0.288 -0.278 -0.276 -0.248 
-0.280 -0.263 -0.341 -0.269 -0.269 -0.233 -0.276 -0.334 -0.328 -0.308 -0.288 -0.311 -0.264 -0.314 -0.315 -0.291 -0.306 -0.318 -0.288 -0.317 -0.338 -0.271 -0.280 -0.279 -0.322 -0.277 -0.282 -0.270 -0.272 -0.292 -0.300 -0.296 -0.283 -0.351 -0.312 -0.284 -0.292 -0.259 -0.305 -0.245 -0.329 -0.309 -0.293 -0.314 -0.256 -0.301 -0.295 -0.239 -0.281 -0.242 -0.229 -0.326 -0.316 -0.295 -0.299 -0.296 -0.291 -0.282 -0.238 -0.236 
-0.281 -0.273 -0.330 -0.257 -0.302 -0.257 -0.311 -0.292 -0.300 -0.300 -0.264 -0.221 -0.255 -0.199 -0.294 -0.259 -0.243 -0.260 -0.163 -0.295 -0.201 -0.309 -0.259 -0.195 -0.246 -0.281 -0.296 -0.242 -0.246 -0.228 -0.286 -0.291 -0.289 -0.312 -0.247 -0.298 -0.292 -0.322 -0.301 -0.293 -0.306 -0.302 -0.257 -0.160 -0.273 -0.300 -0.301 -0.282 -0.305 -0.293 -0.325 -0.304 -0.299 -0.308 -0.324 -0.316 -0.300 -0.267 -0.322 -0.302 
-0.258 -0.304 -0.318 -0.291 -0.328 -0.290 -0.347 -0.322 -0.330 -0.331 -0.321 -0.325 -0.360 -0.333 -0.331 -0.318 -0.328 -0.283 -0.305 -0.313 -0.284 -0.296 -0.279 -0.324 -0.354 -0.337 -0.297 -0.331 -0.284 -0.348 -0.319 -0.338 -0.285 -0.336 -0.324 -0.300 -0.296 -0.306 -0.330 -0.296 -0.292 -0.357 -0.326 -0.327 -0.323 -0.260 -0.284 -0.301 -0.319 -0.329 -0.310 -0.317 -0.313 -0.328 -0.334 -0.356 -0.302 -0.310 -0.291 -0.290 
-0.322 -0.325 -0.294 -0.304 -0.254 -0.301 -0.225 -0.322 -0.310 -0.286 -0.326 -0.317 -0.337 -0.344 -0.308 -0.295 -0.309 -0.307 -0.290 -0.274 -0.282 -0.305 -0.319 -0.276 -0.323 -0.285 -0.287 -0.329 -0.342 -0.280 -0.285 -0.273 -0.307 -0.291 -0.332 -0.315 -0.345 -0.290 -0.344 -0.300 -0.328 -0.346 -0.334 -0.299 -0.340 -0.304 -0.329 -0.312 -0.334 -0.284 -0.307 -0.351 -0.294 -0.370 -0.308 -0.327 -0.349 -0.297 -0.299 -0.299 
-0.351 -0.329 -0.336 -0.350 -0.313 -0.341 -0.334 -0.351 -0.364 -0.353 -0.329 -0.349 -0.354 -0.362 -0.347 -0.306 -0.315 -0.335 -0.349 -0.291 -0.322 -0.296 -0.329 -0.313 -0.318 -0.301 -0.352 -0.325 -0.328 -0.298 -0.353 -0.304 -0.368 -0.330 -0.347 -0.341 -0.345 -0.522 -0.231 -0.368 -0.335 -0.340 -0.346 -0.303 -0.327 -0.397 -0.378 -0.302 -0.351 -0.326 -0.319 -0.337 -0.375 -0.353 -0.363 -0.331 -0.372 -0.352 -0.350 -0.379 
-0.335 -0.354 -0.374 -0.355 -0.364 -0.363 -0.380 -0.375 -0.362 -0.389 -0.364 -0.362 -0.391 -0.369 -0.390 -0.398 -0.378 -0.404 -0.387 -0.369 -0.341 -0.328 -0.372 -0.332 -0.381 -0.354 -0.346 -0.361 -0.342 -0.370 -0.385 -0.375 -0.388 -0.403 -0.393 -0.396 -0.418 -0.408 -0.356 -0.416 -0.407 -0.406 -0.392 -0.406 -0.385 -0.350 -0.405 -0.331 -0.374 -0.373 -0.369 -0.344 -0.371 -0.387 -0.423 -0.394 -0.395 -0.413 -0.423 -0.393 
-0.428 -0.402 -0.405 -0.431 -0.413 -0.443 -0.418 -0.424 -0.426 -0.405 -0.431 -0.431 -0.420 -0.444 -0.421 -0.420 -0.400 -0.406 -0.429 -0.389 -0.422 -0.411 -0.355 -0.372 -0.413 -0.414 -0.400 -0.406 -0.402 -0.420 -0.433 -0.421 -0.407 -0.445 -0.413 -0.430 -0.425 -0.419 0.117 0.087 0.052 0.069 0.064 0.135 0.046 -0.185 -0.094 -0.093 -0.075 -0.076 -0.093 0.002 0.109 0.075 0.030 0.054 0.024 0.076 0.120 -0.069 
