0.173 0.194 0.152 0.205 0.185 0.175 0.224 0.150 0.145 0.152 0.141 0.177 0.142 0.177 0.178 0.172 0.180 0.178 0.149 0.178 0.187 0.142 0.179 0.148 0.144 0.141 0.143 0.179 0.177 0.181 0.182 0.158 0.210 0.179 0.190 0.154 0.194 0.173 0.217 0.193 0.165 0.192 0.169 0.201 0.158 0.161 0.225 0.184 0.161 0.172 0.193 0.154 0.152 0.191 0.206 0.195 0.198 0.192 0.210 0.189 
0.170 0.183 0.181 0.186 0.166 0.188 0.236 0.156 0.192 0.159 0.171 0.177 0.173 0.168 0.209 0.183 0.155 0.176 0.150 0.153 0.194 0.151 0.189 0.166 0.172 0.173 0.202 0.195 0.168 0.187 0.185 0.197 0.169 0.201 0.234 0.169 0.188 0.171 0.161 0.201 0.197 0.173 0.193 0.174 0.200 0.202 0.166 0.175 0.213 0.162 0.209 0.224 0.162 0.161 0.195 0.192 0.190 0.161 0.187 0.175 
0.216 0.217 0.191 0.231 0.190 0.205 0.224 0.163 0.189 0.188 0.208 0.215 0.205 0.209 0.197 0.208 0.197 0.207 0.229 0.199 0.221 0.286 0.249 0.209 0.203 0.210 0.219 0.214 0.199 0.206 0.188 0.210 0.216 0.214 0.226 0.210 0.195 0.219 0.209 0.193 0.213 0.206 0.287 0.237 0.219 0.187 0.239 0.218 0.227 0.250 0.227 0.181 0.226 0.278 0.237 0.251 0.213 0.235 0.206 0.218 
0.235 0.214 0.212 0.242 0.222 0.245 0.246 0.218 0.226 0.237 0.237 0.251 0.201 0.179 0.198 0.212 0.181 0.247 0.281 0.246 0.258 0.252 0.237 0.236 0.250 0.230 0.254 0.220 0.230 0.248 0.197 0.192 0.272 0.216 0.227 0.242 0.220 0.230 0.176 0.228 0.267 0.223 0.255 0.249 0.243 0.218 0.215 0.275 0.267 0.229 0.234 0.239 0.215 0.238 0.240 0.195 0.243 0.234 0.281 0.288 
0.229 0.313 0.258 0.273 0.258 0.224 0.261 0.238 0.264 0.300 0.249 0.267 0.227 0.318 0.283 0.284 0.297 0.239 0.272 0.235 0.260 0.256 0.222 0.243 0.243 0.253 0.290 0.245 0.283 0.243 0.257 0.242 0.255 0.300 0.271 0.288 0.265 0.286 0.274 0.288 0.289 0.249 0.256 0.237 0.234 0.264 0.275 0.263 0.265 0.274 0.255 0.245 0.243 0.227 0.259 0.257 0.277 0.271 0.277 0.302 
0.277 0.286 0.239 0.253 0.296 0.279 0.302 0.278 0.284 0.266 0.339 0.287 0.286 0.283 0.327 0.276 0.252 0.283 0.237 0.268 0.293 0.256 0.257 0.239 0.266 0.215 0.298 0.318 0.252 0.312 0.275 0.295 0.258 0.288 0.286 0.273 0.232 0.295 0.292 0.291 0.262 0.286 0.264 0.294 0.272 0.291 0.274 0.259 0.249 0.260 0.257 0.315 0.268 0.305 0.250 0.307 0.273 0.293 0.266 0.289 
0.304 0.290 0.268 0.290 0.305 0.309 0.258 0.280 0.358 0.324 0.269 0.250 0.287 0.292 0.298 0.318 0.295 0.225 0.252 0.252 0.270 0.297 0.226 0.258 0.319 0.289 0.334 0.300 0.315 0.273 0.374 0.306 0.335 0.301 0.239 0.273 0.302 0.306 0.257 0.264 0.292 0.321 0.340 0.257 0.332 0.304 0.258 0.269 0.288 0.306 0.249 0.284 0.230 0.319 0.295 0.298 0.283 0.303 0.277 0.305 
0.350 0.419 0.343 0.284 0.273 0.261 0.310 0.245 0.298 0.315 0.354 0.266 0.285 0.269 0.268 0.333 0.260 0.225 0.254 0.245 0.259 0.268 0.266 0.333 0.297 0.232 0.328 0.279 0.328 0.255 0.305 0.323 0.274 0.278 0.271 0.287 0.273 0.333 0.339 0.292 0.247 0.274 0.231 0.271 0.328 0.300 0.267 0.321 0.293 0.293 0.263 0.291 0.246 0.272 0.279 0.264 0.311 0.280 0.278 0.323 
0.339 0.311 0.313 0.283 0.312 0.295 0.250 0.288 0.293 0.285 0.310 0.349 0.294 0.290 0.340 0.306 0.338 0.328 0.284 0.271 0.266 0.290 0.257 0.298 0.302 0.303 0.292 0.276 0.288 0.313 0.346 0.296 0.307 0.319 0.324 0.250 0.372 0.328 0.285 0.357 0.331 0.311 0.295 0.298 0.261 0.298 0.315 0.301 0.307 0.283 0.260 0.300 0.248 0.332 0.323 0.320 0.326 0.231 0.280 0.290 
0.302 0.286 0.283 0.297 0.328 0.328 0.306 0.288 0.255 0.300 0.331 0.282 0.312 0.305 0.284 0.301 0.292 0.254 0.269 0.261 0.233 0.273 0.276 0.323 0.309 0.323 0.314 0.265 0.284 0.297 0.342 0.326 0.329 0.262 0.292 0.326 0.280 0.298 0.338 0.313 0.323 0.296 0.256 0.271 0.284 0.267 0.324 0.314 0.258 0.268 0.294 0.294 0.286 0.313 0.291 0.344 0.287 0.242 0.296 0.401 
0.310 0.280 0.260 0.340 0.326 0.290 0.301 0.294 0.356 0.341 0.290 0.259 0.285 0.385 0.263 0.331 0.323 0.282 0.319 0.251 0.280 0.298 0.267 0.342 0.307 0.285 0.321 0.317 0.305 0.321 0.324 0.343 0.381 0.285 0.292 0.322 0.285 0.311 0.339 0.349 0.303 0.292 0.275 0.259 0.293 0.332 0.319 0.285 0.258 0.243 0.276 0.303 0.280 0.283 0.350 0.331 0.292 0.260 0.273 0.303 
0.344 0.318 0.331 0.269 0.287 0.326 0.294 0.303 0.315 0.316 0.348 0.287 0.268 0.297 0.322 0.373 0.298 0.285 0.320 0.342 0.322 0.323 0.259 0.324 0.298 0.369 0.336 0.268 0.283 0.292 0.357 0.318 0.310 0.307 0.311 0.275 0.282 0.282 0.330 0.371 0.331 0.322 0.308 0.311 0.261 0.302 0.298 0.318 0.269 0.281 0.294 0.310 0.276 0.279 0.312 0.293 0.271 0.310 0.324 0.361 
0.295 0.349 0.272 0.293 0.277 0.343 0.300 0.320 0.331 0.326 0.344 0.339 0.277 0.308 0.353 0.264 0.289 0.293 0.310 0.270 0.232 0.199 0.227 0.229 0.232 0.229 0.236 0.241 0.198 0.242 0.238 0.228 0.248 0.238 0.253 0.201 0.245 0.237 0.238 0.262 0.223 0.221 0.194 0.230 0.248 0.236 0.229 0.234 0.231 0.228 0.190 0.240 0.235 0.246 0.239 0.234 0.209 0.233 0.240 0.239 
0.217 0.227 0.244 0.247 0.236 0.235 0.196 0.230 0.235 0.251 0.220 0.255 0.226 0.240 0.225 0.241 0.217 0.251 0.231 0.219 0.215 0.218 0.188 0.232 0.232 0.232 0.233 0.246 0.238 0.244 0.242 0.198 0.247 0.257 0.228 0.235 0.225 0.252 0.233 0.242 0.211 0.206 0.250 0.253 0.218 0.235 0.225 0.235 0.226 0.233 0.230 0.225 0.234 0.204 0.234 0.242 0.249 0.234 0.226 0.266 
0.219 0.204 0.263 0.246 0.239 0.229 0.234 0.235 0.208 0.258 0.242 0.237 0.248 0.244 0.203 0.247 0.239 0.259 0.242 0.241 0.227 0.215 0.210 0.237 0.250 0.244 0.239 0.240 0.242 0.250 0.210 0.250 0.240 0.247 0.237 0.242 0.238 0.247 0.210 0.245 0.218 0.233 0.239 0.248 0.263 0.255 0.290 0.283 0.214 0.237 0.239 0.248 0.228 0.240 0.244 0.210 0.247 0.245 0.242 0.251 
0.252 0.231 0.250 0.215 0.252 0.252 0.241 0.246 0.250 0.208 0.239 0.237 0.241 0.211 0.241 0.252 0.237 0.244 0.244 0.236 0.223 0.208 0.243 0.266 0.254 0.220 0.241 0.233 0.242 0.246 0.246 0.247 0.255 0.214 0.252 0.253 0.241 0.215 0.243 0.243 0.216 0.237 0.236 0.208 0.237 0.237 0.235 0.239 0.231 0.210 0.233 0.249 0.243 0.242 0.245 0.237 0.210 0.221 0.217 0.249 
0.223 0.257 0.247 0.254 0.251 0.211 0.255 0.243 0.248 0.257 0.242 0.245 0.245 0.244 0.256 0.251 0.256 0.211 0.214 0.235 0.250 0.250 0.235 0.208 0.242 0.210 0.252 0.243 0.247 0.244 0.248 0.225 0.252 0.248 0.239 0.250 0.239 0.240 0.231 0.262 0.248 0.217 0.247 0.244 0.213 0.213 0.215 0.248 0.237 0.205 0.243 0.243 0.246 0.255 0.253 0.227 0.246 0.251 0.245 0.255 
0.254 0.237 0.264 0.249 0.255 0.235 0.252 0.262 0.242 0.234 0.235 0.245 0.251 0.270 0.257 0.229 0.227 0.240 0.250 0.242 0.211 0.242 0.239 0.245 0.251 0.415 0.255 0.246 0.246 0.254 0.221 0.248 0.251 0.258 0.220 0.224 0.248 0.250 0.245 0.231 0.259 0.253 0.224 0.249 0.250 0.246 0.255 0.221 0.212 0.254 0.241 0.232 0.216 0.247 0.247 0.244 0.250 0.248 0.238 0.251 
0.250 0.261 0.220 0.254 0.244 0.255 0.251 0.247 0.249 0.252 0.244 0.214 0.236 0.223 0.243 0.245 0.241 0.247 0.207 0.225 0.254 0.245 0.240 0.242 0.251 0.246 0.245 0.251 0.240 0.257 0.263 0.265 0.233 0.217 0.255 0.266 0.259 0.223 0.230 0.234 0.279 0.251 0.251 0.250 0.248 0.245 0.258 0.238 0.238 0.243 0.241 0.243 0.213 0.241 0.216 0.208 0.254 0.245 0.247 0.267 
0.253 0.259 0.248 0.265 0.224 0.243 0.263 0.247 0.223 0.222 0.219 0.255 0.244 0.249 0.243 0.249 0.247 0.239 0.249 0.243 0.271 0.228 0.252 0.248 0.248 0.250 0.253 0.262 0.262 0.215 0.250 0.231 0.267 0.257 0.268 0.255 0.252 0.223 0.220 0.244 0.226 0.250 0.255 0.251 0.255 0.215 0.254 0.245 0.220 0.255 0.242 0.261 0.249 0.240 0.249 0.244 0.224 0.256 0.242 0.268 
0.249 0.255 0.252 0.259 0.261 0.244 0.253 0.259 0.225 0.235 0.256 0.231 0.265 0.259 0.262 0.252 0.253 0.231 0.178 0.253 0.220 0.244 0.252 0.257 0.291 0.252 0.260 0.247 0.234 0.252 0.268 0.256 0.259 0.246 0.253 0.254 0.221 0.255 0.251 0.262 0.256 0.256 0.247 0.254 0.225 0.245 0.264 0.253 0.251 0.227 0.255 0.255 0.226 0.259 0.251 0.249 0.244 0.247 0.250 0.257 
0.249 0.253 0.213 0.223 0.258 0.248 0.249 0.250 0.249 0.231 0.239 0.263 0.260 0.252 0.248 0.240 0.224 0.246 0.255 0.264 0.249 0.246 0.246 0.249 0.254 0.245 0.254 0.249 0.253 0.254 0.246 0.235 0.232 0.220 0.221 0.247 0.256 0.253 0.255 0.253 0.245 0.247 0.212 0.249 0.252 0.247 0.256 0.258 0.260 0.251 0.255 0.234 0.233 0.223 0.251 0.246 0.250 0.243 0.251 0.249 
0.251 0.250 0.242 0.251 0.215 0.243 0.252 0.245 0.246 0.250 0.251 0.253 0.237 0.226 0.250 0.241 0.247 0.242 0.243 0.777 0.526 0.528 0.497 0.518 0.501 0.740 0.835 0.883 0.787 0.783 0.815 0.774 0.792 0.760 0.950 0.884 0.734 0.618 0.546 0.476 0.490 0.785 0.825 0.802 0.819 0.806 0.789 0.792 0.787 0.789 0.855 0.354 0.248 0.251 0.221 0.241 0.252 0.251 0.250 0.242 
0.251 0.245 0.251 0.251 0.214 0.250 0.246 0.248 0.251 0.245 0.251 0.244 0.254 0.251 0.244 0.255 0.245 0.228 0.257 0.251 0.254 0.214 0.252 0.255 0.216 0.257 0.246 0.252 0.221 0.218 0.220 0.250 0.257 0.220 0.214 0.223 0.250 0.266 0.255 0.260 0.304 0.804 0.641 0.435 0.250 0.252 0.248 0.262 0.261 0.258 0.257 0.247 0.257 0.252 0.256 0.223 0.248 0.255 0.250 0.255 
