0.096 0.092 0.113 0.110 0.074 0.094 0.052 0.078 0.097 0.103 0.098 0.104 0.079 0.101 0.101 0.069 0.097 0.075 0.097 0.095 0.065 0.096 0.100 0.089 0.068 0.090 0.108 0.078 0.085 0.088 0.057 0.089 0.122 0.098 0.063 0.098 0.094 0.089 0.094 0.099 0.049 0.106 0.101 0.100 0.096 0.089 0.069 0.103 0.094 0.067 0.095 0.086 0.060 0.101 0.095 0.084 0.074 0.105 0.096 0.098 
0.110 0.064 0.099 0.071 0.091 0.090 0.056 0.097 0.102 0.093 0.117 0.104 0.078 0.092 0.117 0.096 0.077 0.100 0.098 0.075 0.079 0.063 0.102 0.059 0.099 0.090 0.098 0.101 0.059 0.097 0.083 0.069 0.118 0.092 0.107 0.066 0.060 0.098 0.097 0.099 0.068 0.114 0.104 0.089 0.103 0.066 0.093 0.100 0.105 0.061 0.088 0.090 0.067 0.096 0.081 0.064 0.106 0.103 0.054 0.094 
0.088 0.094 0.102 0.151 0.211 0.139 0.095 0.073 0.086 0.102 0.092 0.119 0.086 0.083 0.098 0.110 0.110 0.098 0.095 0.050 0.112 0.096 0.104 0.098 0.057 0.063 0.114 0.113 0.094 0.092 0.092 0.090 0.095 0.069 0.062 0.092 0.102 0.103 0.100 0.092 0.074 0.129 0.116 0.059 0.099 0.068 0.099 0.092 0.093 0.063 0.054 0.089 0.095 0.061 0.112 0.084 0.094 0.135 0.178 0.114 
0.059 0.098 0.103 0.109 0.057 0.076 0.084 0.057 0.062 0.094 0.098 0.116 0.074 0.111 0.105 0.093 0.096 0.066 0.088 0.086 0.068 0.074 0.095 0.061 0.095 0.079 0.102 0.077 0.081 0.093 0.053 0.054 0.098 0.113 0.059 0.081 0.091 0.102 0.063 0.096 0.099 0.140 0.236 0.227 0.201 0.244 0.204 0.192 0.181 0.172 0.106 0.138 0.101 0.143 0.095 0.123 0.195 0.229 0.189 0.218 
0.191 0.175 0.197 0.159 0.094 0.117 0.128 0.136 0.076 0.098 0.060 0.120 0.077 0.093 0.099 0.062 0.106 0.106 0.092 0.073 0.085 0.093 0.078 0.090 0.066 0.093 0.120 0.071 0.089 0.095 0.088 0.108 0.070 0.059 0.055 0.098 0.110 0.093 0.063 0.093 0.093 0.109 0.106 0.091 0.051 0.102 0.095 0.076 0.119 0.092 0.065 0.053 0.097 0.084 0.068 0.088 0.114 0.062 0.081 0.088 
0.103 0.140 0.158 0.109 0.066 0.084 0.100 0.096 0.085 0.057 0.091 0.091 0.116 0.084 0.097 0.085 0.108 0.098 0.076 0.086 0.092 0.107 0.065 0.102 0.095 0.076 0.071 0.106 0.100 0.090 0.108 0.082 0.081 0.116 0.059 0.058 0.104 0.093 0.092 0.058 0.091 0.117 0.109 0.082 0.195 0.148 0.141 0.091 0.127 0.100 0.049 0.097 0.066 0.085 0.109 0.092 0.105 0.080 0.095 0.076 
0.066 0.111 0.092 0.099 0.091 0.070 0.070 0.100 0.165 0.227 0.229 0.245 0.240 0.226 0.189 0.209 0.174 0.152 0.148 0.132 0.139 0.131 0.149 0.138 0.125 0.112 0.215 0.211 0.197 0.225 0.220 0.244 0.173 0.178 0.164 0.173 0.122 0.125 0.134 0.099 0.082 0.131 0.127 0.113 0.061 0.086 0.089 0.093 0.068 0.092 0.120 0.055 0.079 0.066 0.093 0.059 0.094 0.094 0.098 0.079 
0.087 0.050 0.101 0.111 0.051 0.087 0.089 0.098 0.064 0.065 0.101 0.094 0.084 0.107 0.139 0.094 0.063 0.102 0.057 0.095 0.097 0.057 0.089 0.084 0.096 0.115 0.107 0.068 0.054 0.062 0.083 0.087 0.097 0.062 0.090 0.086 0.056 0.078 0.096 0.087 0.049 0.089 0.084 0.095 0.060 0.073 0.100 0.088 0.125 0.060 0.090 0.081 0.094 0.095 0.066 0.089 0.081 0.085 0.096 0.064 
0.083 0.089 0.069 0.068 0.080 0.075 0.085 0.082 0.092 0.068 0.081 0.106 0.088 0.083 0.062 0.094 0.107 0.106 0.061 0.093 0.094 0.054 0.050 0.094 0.096 0.080 0.104 0.057 0.088 0.086 0.089 0.090 0.053 0.102 0.092 0.101 0.073 0.092 0.097 0.086 0.059 0.053 0.055 0.081 0.089 0.087 0.084 0.047 0.084 0.060 0.100 0.093 0.084 0.084 0.097 0.047 0.092 0.089 0.061 0.049 
0.076 0.086 0.101 0.067 0.088 0.090 0.084 0.086 0.092 0.059 0.071 0.095 0.074 0.057 0.080 0.081 0.082 0.063 0.081 0.209 0.076 0.074 0.075 0.094 0.054 0.084 0.085 0.078 0.055 0.085 0.087 0.088 0.116 0.095 0.051 0.071 0.059 0.083 0.047 0.082 0.080 0.087 0.051 0.080 0.082 0.073 0.084 0.062 0.094 0.093 0.091 0.070 0.074 0.083 0.061 0.072 0.087 0.044 0.088 0.076 
0.086 0.078 0.050 0.106 0.076 0.091 0.051 0.080 0.090 0.089 0.045 0.071 0.090 0.050 0.084 0.076 0.084 0.051 0.090 0.083 0.083 0.098 0.051 0.088 0.082 0.075 0.052 0.078 0.087 0.087 0.084 0.065 0.056 0.097 0.085 0.090 0.057 0.093 0.099 0.069 0.076 0.074 0.088 0.098 0.041 0.089 0.086 0.039 0.086 0.071 0.087 0.063 0.082 0.085 0.087 0.068 0.085 0.054 0.082 0.066 
0.078 0.045 0.098 0.094 0.081 0.061 0.078 0.081 0.072 0.075 0.043 0.051 0.092 0.081 0.090 0.095 0.052 0.081 0.085 0.076 0.080 0.073 0.068 0.075 0.074 0.070 0.088 0.042 0.092 0.073 0.067 0.080 0.058 0.090 0.081 0.073 0.083 0.039 0.085 0.077 0.085 0.090 0.077 0.049 0.072 0.074 0.073 0.069 0.088 0.050 0.082 0.120 0.076 0.061 0.073 0.079 0.058 0.080 0.090 0.066 
0.041 0.070 0.082 0.087 0.079 0.079 0.038 0.079 0.053 0.066 0.086 0.068 -0.001 0.095 0.076 0.065 0.075 0.081 0.083 0.077 0.065 0.068 0.081 0.078 0.072 0.074 0.042 0.085 0.047 0.071 0.073 0.073 0.087 0.080 0.045 0.077 0.072 0.088 0.070 0.075 0.071 0.079 0.087 0.067 0.048 0.070 0.074 0.077 0.069 0.053 0.086 0.084 0.047 0.062 0.077 0.069 0.070 0.078 0.065 0.076 
0.060 0.041 0.077 0.083 0.066 0.060 0.069 0.067 0.066 0.091 0.033 0.064 0.078 0.072 0.075 0.040 0.069 0.067 0.063 0.071 0.063 0.063 0.064 0.065 0.060 0.065 0.067 0.073 0.063 0.057 0.068 0.070 0.041 0.034 0.064 0.063 0.059 0.067 0.062 0.056 0.063 0.059 0.069 0.067 0.062 0.057 0.056 0.074 0.064 0.066 0.063 0.058 0.071 0.039 0.030 0.069 0.055 0.068 0.060 0.069 
0.066 0.077 0.072 0.065 0.061 0.063 0.061 0.062 0.059 0.060 0.075 0.075 0.058 0.666 0.395 0.386 0.362 0.391 0.394 0.391 0.486 0.698 0.552 0.583 0.563 0.604 0.592 0.607 0.684 0.607 0.590 0.558 0.488 0.759 0.772 0.679 0.603 0.560 0.475 0.415 0.383 0.524 0.666 0.616 0.634 0.617 0.604 0.597 0.601 0.624 0.586 0.567 0.557 0.560 0.717 0.727 0.349 0.040 0.036 0.062 
0.066 0.056 0.064 0.069 0.054 0.060 0.053 0.059 0.067 0.055 0.065 0.054 0.029 0.071 0.056 0.060 0.052 0.053 0.045 0.052 0.064 0.023 0.061 0.067 0.057 0.062 0.056 0.068 0.034 0.054 0.027 0.053 0.066 0.080 0.022 0.371 0.552 0.398 0.173 0.056 0.069 0.051 0.060 0.069 0.055 0.060 0.059 0.070 0.068 0.055 0.061 0.055 0.060 0.070 0.062 0.073 0.071 0.035 0.041 0.056 
0.063 0.054 0.062 0.073 0.060 0.063 0.055 0.057 0.067 0.055 0.063 0.054 0.058 0.065 0.059 0.055 0.055 0.055 0.058 0.053 0.051 0.024 0.054 0.061 0.058 0.055 0.060 0.055 0.062 0.055 0.058 0.056 0.057 0.066 0.059 0.055 0.023 0.054 0.062 0.023 0.023 0.020 0.023 0.058 0.054 0.020 0.055 0.028 0.030 0.055 0.057 0.057 0.057 0.058 0.055 0.060 0.027 0.052 0.036 0.031 
0.067 0.022 0.058 0.027 0.028 0.052 0.059 0.021 0.066 0.021 0.030 0.027 0.022 0.065 0.062 0.024 0.062 0.058 0.071 0.023 0.062 0.029 0.025 0.069 0.057 0.054 0.034 0.063 0.028 0.026 0.023 0.036 0.056 0.041 0.055 0.030 0.055 0.062 0.030 0.059 0.027 0.027 0.022 0.034 0.022 0.055 0.055 0.059 0.028 0.025 0.029 0.054 0.027 0.061 0.060 0.055 0.061 0.054 0.059 0.033 
0.032 0.064 0.060 0.060 0.062 0.053 0.062 0.064 0.060 0.068 0.059 0.058 0.062 0.067 0.064 0.056 0.063 0.058 0.066 0.058 0.059 0.040 0.058 0.035 0.065 0.062 0.065 0.066 0.068 0.070 0.058 0.082 0.070 0.092 0.067 0.058 0.062 0.056 0.077 0.056 0.067 0.067 0.062 0.064 0.043 0.057 0.072 0.055 0.073 0.063 0.059 0.069 0.063 0.088 0.072 0.066 0.069 0.056 0.068 0.066 
0.065 0.084 0.072 0.071 0.065 0.057 0.067 0.051 0.055 0.064 0.081 0.076 0.068 0.093 0.073 0.084 0.070 0.066 0.079 0.060 0.070 0.072 0.062 0.076 0.078 0.093 0.079 0.076 0.046 0.034 0.071 0.082 0.082 0.080 0.075 0.040 0.066 0.072 0.086 0.082 0.081 0.068 0.050 0.079 0.066 0.076 0.068 0.073 0.072 0.071 0.048 0.031 0.082 0.075 0.072 0.085 0.048 0.071 0.078 0.082 
0.078 0.084 0.044 0.077 0.075 0.079 0.065 0.047 0.049 0.076 0.080 0.092 0.073 0.076 0.045 0.067 0.073 0.072 0.085 0.077 0.063 0.048 0.077 0.098 0.079 0.084 0.053 0.064 0.051 0.080 0.078 0.080 0.055 0.078 0.063 0.068 0.075 0.065 0.076 0.033 0.096 0.080 0.068 0.081 0.069 0.048 0.062 0.051 0.066 0.067 0.075 0.080 0.050 0.105 0.082 0.100 0.074 0.050 0.082 0.085 
0.086 0.070 0.054 0.089 0.084 0.079 0.041 0.051 0.075 0.077 0.106 0.040 0.076 0.087 0.079 0.071 0.070 0.041 0.072 0.080 0.070 0.079 0.051 0.075 0.089 0.072 0.060 0.054 0.082 0.077 0.076 0.087 0.043 0.075 0.074 0.066 0.076 0.080 0.045 0.068 0.067 0.081 0.081 0.087 0.062 0.034 0.070 0.062 0.083 0.072 0.063 0.041 0.074 0.094 0.075 0.083 0.051 0.071 0.097 0.069 
0.083 0.052 0.083 0.073 0.049 0.072 0.070 0.069 0.085 0.042 0.069 0.082 0.080 0.089 0.082 0.078 0.072 0.071 0.041 0.089 0.044 0.080 0.074 0.068 0.056 0.061 0.080 0.072 0.073 0.084 0.092 0.080 0.089 0.063 0.076 0.081 0.064 0.073 0.039 0.080 0.087 0.070 0.076 0.070 0.065 0.036 0.075 0.081 0.076 0.059 0.065 0.074 0.082 0.074 0.079 0.044 0.089 0.070 0.047 0.081 
0.070 0.094 0.049 0.036 0.076 0.080 0.066 0.072 0.044 0.095 0.084 0.079 0.079 0.084 0.063 0.077 0.082 0.067 0.079 0.048 0.071 0.072 0.048 0.074 0.045 0.092 0.094 0.036 0.084 0.078 0.080 0.084 0.054 0.070 0.079 0.074 0.037 0.083 0.072 0.073 0.064 0.068 0.052 0.076 0.080 0.039 0.069 0.068 0.071 0.082 0.074 0.073 0.042 0.071 0.088 0.108 0.086 0.041 0.060 0.063 
