0.052 0.063 0.052 0.068 0.071 0.053 0.097 0.086 0.047 0.076 0.074 0.058 0.094 0.096 0.087 0.079 0.030 0.081 0.085 0.072 0.098 0.081 0.071 0.072 0.047 0.062 0.057 -0.056 0.066 0.058 0.060 0.036 0.029 0.088 0.062 0.072 0.095 0.065 0.089 0.067 0.040 0.069 0.082 0.065 0.063 0.063 0.083 0.066 0.060 0.071 0.073 0.043 0.040 0.074 0.056 0.064 0.061 0.048 0.048 0.066 
0.083 0.081 0.031 0.091 0.082 0.074 0.053 0.065 0.008 0.036 0.037 0.032 0.042 0.038 0.065 0.053 0.060 0.039 0.058 0.033 0.039 0.016 0.043 0.041 0.046 0.045 0.048 0.013 0.055 0.039 0.040 0.033 0.022 0.064 0.030 0.040 0.043 0.031 0.032 0.024 0.032 -0.001 0.031 0.034 0.051 0.057 0.024 0.045 0.006 0.042 0.033 0.027 0.041 0.020 0.042 0.035 0.055 0.049 0.066 0.035 
0.054 0.034 0.053 -0.004 0.001 0.029 0.029 0.027 0.023 0.047 0.011 0.026 0.027 0.010 0.035 0.051 0.036 0.027 0.028 0.032 0.029 0.049 0.034 0.030 0.031 0.026 0.021 0.037 0.598 0.403 0.340 0.321 0.298 0.325 0.316 0.303 0.577 0.684 0.597 0.751 0.617 0.562 0.523 0.394 0.450 0.441 0.658 0.621 0.576 0.562 0.566 0.542 0.593 0.510 0.562 0.680 0.480 0.023 0.019 0.022 
0.014 0.015 0.010 0.019 -0.010 0.014 0.017 0.016 0.015 0.024 0.017 0.028 0.021 -0.001 0.013 -0.012 0.023 0.035 0.034 0.034 0.020 0.026 0.021 0.022 0.031 0.016 0.026 -0.012 0.031 0.028 0.018 0.030 0.022 -0.002 0.030 0.027 0.011 0.003 0.054 0.032 0.033 0.003 0.001 0.035 0.018 0.024 0.033 -0.004 0.055 0.025 0.030 0.031 0.016 -0.010 -0.016 0.025 0.019 0.023 0.023 0.116 
0.149 0.148 0.161 0.151 0.115 0.114 0.151 0.502 0.369 0.270 0.135 0.026 0.132 0.138 0.151 0.168 0.095 0.110 0.128 0.088 0.061 0.067 0.064 0.056 0.036 -0.006 0.018 0.021 0.017 0.019 0.093 0.494 0.441 0.158 -0.008 0.021 0.000 -0.001 0.018 0.024 0.023 0.032 0.024 0.024 0.030 0.027 0.049 0.025 0.017 0.040 0.036 0.029 0.014 -0.009 0.031 0.027 0.035 0.011 0.012 0.021 
0.020 -0.014 0.020 0.019 0.016 0.022 -0.006 0.032 -0.004 0.008 0.015 0.019 -0.014 0.027 0.005 0.005 0.027 0.005 0.025 0.025 -0.005 -0.005 0.018 -0.011 0.026 -0.009 0.030 -0.008 -0.004 -0.002 -0.001 0.055 0.047 0.037 0.045 0.031 0.035 0.033 0.029 -0.006 0.036 0.019 0.059 0.003 0.001 0.025 0.046 -0.006 0.034 0.040 0.018 0.048 0.008 0.034 0.014 0.035 0.013 0.005 0.052 0.005 
0.009 0.044 0.022 0.015 0.015 0.007 0.011 0.053 0.027 0.070 0.057 0.040 0.047 0.031 0.047 0.047 0.067 0.026 0.081 0.049 0.030 0.048 0.073 0.044 0.066 0.052 0.044 0.057 0.051 0.079 0.041 0.045 0.072 0.074 0.072 0.049 0.054 0.061 0.067 0.108 0.098 0.122 0.055 0.080 0.092 0.090 0.096 0.111 0.099 0.093 0.087 0.086 0.088 0.060 0.085 0.088 0.187 0.099 0.087 0.114 
0.058 0.087 0.095 0.080 0.091 0.081 0.085 0.090 0.119 0.119 0.109 0.125 0.066 0.116 0.088 0.098 0.121 0.127 0.070 0.120 0.110 0.110 0.102 0.105 0.100 0.131 0.134 0.098 0.078 0.106 0.109 0.108 0.119 0.100 0.112 0.105 0.070 0.109 0.097 0.130 0.131 0.127 0.118 0.097 0.074 0.239 0.201 0.152 0.078 0.076 0.101 0.103 0.102 0.143 0.106 0.092 0.160 0.101 0.127 0.101 
0.090 0.139 0.100 0.111 0.090 0.130 0.118 0.119 0.090 0.132 0.091 0.108 0.119 0.110 0.106 0.166 0.118 0.145 0.102 0.118 0.103 0.063 0.121 0.116 0.138 0.139 0.159 0.083 0.066 0.112 0.117 0.129 0.103 0.105 0.123 0.096 0.104 0.140 0.080 0.141 0.104 0.125 0.109 0.127 0.104 0.110 0.164 0.103 0.135 0.107 0.120 0.128 0.103 0.102 0.132 0.116 0.122 0.079 0.112 0.084 
0.103 0.124 0.115 0.082 0.117 0.085 0.088 0.146 0.136 0.128 0.081 0.121 0.113 0.133 0.140 0.118 0.120 0.133 0.120 0.114 0.112 0.117 0.101 0.083 0.100 0.113 0.144 0.088 0.158 0.122 0.097 0.061 0.110 0.098 0.066 0.124 0.126 0.120 0.125 0.114 0.104 0.092 0.108 0.081 0.111 0.117 0.154 0.121 0.106 0.116 0.105 0.115 0.118 0.057 0.111 0.084 0.113 0.079 0.093 0.098 
0.079 0.088 0.089 0.074 0.117 0.070 0.058 0.053 0.057 0.072 0.077 0.096 0.106 0.086 0.097 0.097 0.088 0.077 0.125 0.094 0.109 0.089 0.091 0.128 0.083 0.057 0.108 0.094 0.125 0.095 0.078 0.098 0.035 0.092 0.098 0.084 0.059 0.078 0.076 0.100 0.098 0.120 0.071 0.086 0.090 0.108 0.080 0.096 0.062 0.113 0.111 0.043 0.087 0.072 0.075 0.091 0.077 0.112 0.112 0.074 
0.098 0.079 0.102 0.093 0.108 0.073 0.100 0.102 0.114 0.100 0.069 0.067 0.121 0.098 0.108 0.082 0.092 0.088 0.107 0.079 0.071 0.062 0.092 0.094 0.088 0.094 0.072 0.093 0.087 0.077 0.091 0.084 0.075 0.068 0.078 0.058 0.089 0.095 0.105 0.079 0.103 0.081 0.113 0.076 0.111 0.108 0.129 0.093 0.068 0.063 0.091 0.079 0.084 0.083 0.073 0.082 0.071 0.114 0.078 0.099 
0.099 0.103 0.097 0.081 0.091 0.112 0.101 0.061 0.091 0.102 0.079 0.114 0.066 0.091 0.126 0.094 0.128 0.083 0.079 0.045 0.078 0.095 0.101 0.111 0.104 0.080 0.089 0.097 0.091 0.072 0.109 0.094 0.108 0.110 0.122 0.054 0.092 0.107 0.097 0.078 0.086 0.117 0.113 0.067 0.108 0.074 0.100 0.116 0.082 0.124 0.117 0.090 0.081 0.102 0.091 0.061 0.123 0.118 0.092 0.094 
0.110 0.103 0.101 0.077 0.082 0.080 0.092 0.103 0.065 0.102 0.092 0.113 0.105 0.106 0.068 0.131 0.100 0.104 0.135 0.114 0.109 0.130 0.081 0.087 0.121 0.126 0.113 0.118 0.122 0.097 0.127 0.118 0.090 0.109 0.076 0.099 0.138 0.112 0.100 0.102 0.077 0.113 0.059 0.079 0.067 0.126 0.140 0.085 0.107 0.065 0.116 0.099 0.117 0.131 0.129 0.101 0.111 0.117 0.125 0.086 
0.121 0.105 0.124 0.127 0.063 0.095 0.107 0.113 0.117 0.126 0.115 0.123 0.098 0.137 0.148 0.103 0.115 0.130 0.116 0.075 0.121 0.103 0.125 0.120 0.108 0.090 0.170 0.087 0.097 0.106 0.121 0.094 0.088 0.106 0.079 0.125 0.107 0.114 0.128 0.116 0.126 0.149 0.127 0.117 0.113 0.104 0.137 0.120 0.089 0.113 0.116 0.074 0.120 0.073 0.100 0.126 0.148 0.110 0.115 0.135 
0.086 0.091 0.067 0.124 0.110 0.113 0.119 0.111 0.149 0.114 0.085 0.113 0.104 0.122 0.111 0.123 0.131 0.134 0.103 0.097 0.098 0.121 0.124 0.108 0.091 0.094 0.146 0.094 0.115 0.154 0.115 0.158 0.115 0.094 0.153 0.141 0.108 0.125 0.119 0.178 0.109 0.163 0.119 0.081 0.100 0.083 0.113 0.118 0.165 0.132 0.121 0.120 0.098 0.121 0.082 0.100 0.126 0.091 0.117 0.094 
0.092 0.112 0.134 0.110 0.090 0.098 0.137 0.133 0.102 0.158 0.100 0.161 0.112 0.133 0.086 0.130 0.121 0.124 0.089 0.094 0.127 0.140 0.133 0.093 0.134 0.145 0.157 0.098 0.123 0.159 0.110 0.126 0.103 0.115 0.122 0.101 0.121 0.112 0.110 0.122 0.107 0.137 0.063 0.089 0.119 0.138 0.135 0.106 0.133 0.117 0.114 0.121 0.088 0.125 0.131 0.114 0.147 0.119 0.110 0.100 
0.147 0.154 0.145 0.142 0.123 0.122 0.112 0.154 0.113 0.148 0.128 0.133 0.113 0.096 0.145 0.141 0.152 0.132 0.151 0.150 0.143 0.091 0.140 0.110 0.129 0.108 0.173 0.139 0.123 0.129 0.101 0.084 0.101 0.143 0.127 0.110 0.133 0.107 0.095 0.088 0.074 0.161 0.112 0.113 0.154 0.161 0.101 0.106 0.095 0.171 0.140 0.159 0.140 0.108 0.144 0.167 0.144 0.146 0.111 0.134 
0.129 0.131 0.075 0.114 0.123 0.128 0.143 0.133 0.112 0.146 0.130 0.159 0.143 0.081 0.131 0.151 0.099 0.175 0.135 0.129 0.091 0.098 0.115 0.117 0.147 0.140 0.104 0.134 0.147 0.101 0.131 0.124 0.107 0.092 0.125 0.114 0.149 0.173 0.117 0.103 0.138 0.125 0.109 0.117 0.117 0.150 0.132 0.121 0.112 0.128 0.112 0.116 0.104 0.129 0.118 0.223 0.119 0.138 0.104 0.074 
0.082 0.129 0.119 0.116 0.117 0.091 0.122 0.120 0.134 0.165 0.150 0.120 0.120 0.109 0.171 0.167 0.140 0.187 0.142 0.148 0.099 0.116 0.152 0.142 0.095 0.134 0.219 0.135 0.093 0.089 0.108 0.133 0.178 0.136 0.123 0.120 0.138 0.142 0.150 0.147 0.149 0.158 0.117 0.138 0.141 0.107 0.131 0.134 0.176 0.136 0.143 0.124 0.122 0.102 0.110 0.120 0.140 0.090 0.113 0.130 
0.137 0.148 0.091 0.108 0.129 0.095 0.115 0.104 0.102 0.105 0.108 0.122 0.126 0.131 0.092 0.143 0.134 0.097 0.135 0.120 0.148 0.117 0.136 0.091 0.117 0.117 0.123 0.100 0.106 0.144 0.110 0.146 0.137 0.114 0.137 0.111 0.118 0.151 0.086 0.125 0.146 0.157 0.101 0.099 0.115 0.110 0.104 0.152 0.124 0.119 0.104 0.142 0.108 0.086 0.116 0.112 0.129 0.116 0.125 0.139 
0.143 0.106 0.074 0.087 0.102 0.122 0.135 0.111 0.124 0.072 0.127 0.160 0.144 0.119 0.148 0.136 0.097 0.144 0.117 0.095 0.117 0.067 0.115 0.116 0.076 0.121 0.098 0.116 0.124 0.111 0.083 0.114 0.114 0.261 0.116 0.108 0.119 0.086 0.105 0.166 0.115 0.158 0.074 0.115 0.119 0.119 0.137 0.147 0.116 0.107 0.076 0.074 0.105 0.103 0.098 0.115 0.083 0.114 0.095 0.104 
0.096 0.099 0.098 0.080 0.110 0.115 0.099 0.133 0.131 0.103 0.113 0.108 0.124 0.126 0.146 0.119 0.119 0.117 0.096 0.112 0.104 0.130 0.111 0.113 0.127 0.088 0.151 0.104 0.070 0.078 0.111 0.103 0.117 0.074 0.113 0.100 0.093 0.152 0.108 0.125 0.083 0.145 0.114 0.129 0.092 0.115 0.109 0.126 0.088 0.127 0.118 0.102 0.112 0.078 0.111 0.108 0.064 0.112 0.123 0.107 
0.108 0.068 0.102 0.089 0.091 0.104 0.096 0.116 0.086 0.092 0.102 0.109 0.114 0.103 0.109 0.109 0.127 0.106 0.091 0.089 0.064 0.091 0.107 0.097 0.092 0.086 0.101 0.092 0.066 0.083 0.099 0.099 0.111 0.098 0.107 0.101 0.069 0.099 0.102 0.105 0.129 0.073 0.106 0.103 0.108 0.117 0.134 0.099 0.080 0.117 0.118 0.113 0.114 0.114 0.067 0.109 0.081 0.103 0.091 0.104 
