0.342 0.313 0.418 0.341 0.260 0.352 0.393 0.341 0.371 0.362 0.278 0.490 0.251 0.325 0.318 0.309 0.325 0.379 0.343 0.343 0.620 0.256 0.328 0.275 0.300 0.280 0.258 0.353 0.352 0.334 0.314 0.271 0.408 0.259 0.271 0.277 0.300 0.327 0.341 0.269 0.220 0.333 0.389 0.295 0.319 0.324 0.329 0.264 0.280 0.347 0.257 0.300 0.359 0.421 0.337 0.268 0.291 0.376 0.380 0.314 
0.375 0.397 0.298 0.361 0.340 0.274 0.283 0.343 0.407 0.395 0.359 0.311 0.379 0.378 0.374 0.470 0.413 0.430 0.295 0.293 0.374 0.350 0.508 0.364 0.304 0.306 0.303 0.460 0.325 0.416 0.341 0.248 0.453 0.369 0.399 0.350 0.358 0.335 0.337 0.356 0.391 0.419 0.425 0.289 0.368 0.498 0.439 0.393 0.378 0.454 0.488 0.373 0.395 0.410 0.411 0.371 0.368 0.514 0.323 0.365 
0.338 0.322 0.379 0.435 0.409 0.371 0.364 0.481 0.357 0.419 0.364 0.455 0.349 0.378 0.362 0.353 0.351 0.502 0.313 0.347 0.297 0.347 0.472 0.395 0.367 0.384 0.387 0.380 0.352 0.343 0.367 0.380 0.395 0.410 0.310 0.331 0.344 0.421 0.341 0.340 0.390 0.366 0.406 0.423 0.480 0.343 0.337 0.385 0.373 0.472 0.409 0.500 0.369 0.357 0.395 0.345 0.290 0.409 0.369 0.359 
0.324 0.304 0.407 0.328 0.412 0.314 0.309 0.037 0.435 0.430 0.471 0.480 0.414 0.473 0.438 0.321 0.461 0.333 0.531 0.301 0.320 0.445 0.433 0.435 0.412 0.325 0.475 0.355 0.474 0.472 0.405 0.415 0.364 0.472 0.452 0.320 0.328 0.343 0.391 0.369 0.328 0.309 0.379 0.402 0.318 0.452 0.399 0.341 0.400 0.327 0.451 0.404 0.395 0.466 0.367 0.346 0.389 0.320 0.398 0.351 
0.373 0.312 0.373 0.452 0.295 0.322 0.302 0.317 0.468 0.407 0.385 0.382 0.315 0.310 0.428 0.389 0.376 0.377 0.437 0.336 0.371 0.428 0.381 0.422 0.363 0.318 0.359 0.386 0.419 0.316 0.358 0.341 0.271 0.409 0.458 0.341 0.421 0.436 0.458 0.390 0.357 0.404 0.407 0.387 0.362 0.318 0.518 0.313 0.556 0.415 0.336 0.387 0.349 0.399 0.344 0.325 0.271 0.354 0.387 0.327 
0.416 0.299 0.351 0.400 0.431 0.392 0.284 0.352 0.380 0.379 0.296 0.343 0.344 0.394 0.409 0.427 0.327 0.290 0.555 0.390 0.372 0.376 0.298 0.429 0.277 0.378 0.380 0.359 0.437 0.357 0.411 0.318 0.471 0.376 0.308 0.371 0.334 0.388 0.406 0.445 0.319 0.364 0.359 0.412 0.390 0.459 0.425 0.374 0.389 0.370 0.332 0.399 0.361 0.420 0.333 0.335 0.291 0.451 0.452 0.374 
0.339 0.336 0.479 0.468 0.442 0.389 0.313 0.418 0.331 0.349 0.381 0.337 0.372 0.259 0.402 0.381 0.435 0.340 0.392 0.433 0.367 0.366 0.380 0.365 0.261 0.314 0.307 0.301 0.284 0.326 0.380 0.465 0.393 0.423 0.381 0.379 0.299 0.326 0.391 0.315 0.253 0.315 0.346 0.450 0.360 0.291 0.359 0.331 0.382 0.382 0.404 0.318 0.400 0.525 0.392 0.355 0.388 0.480 0.467 0.380 
0.350 0.319 0.384 0.322 0.458 0.425 0.350 0.294 0.339 0.410 0.421 0.369 0.430 0.512 0.463 0.347 0.362 0.315 0.415 0.441 0.402 0.427 0.447 0.438 0.407 0.339 0.436 0.405 0.445 0.341 0.256 0.329 0.470 0.496 0.358 0.393 0.260 0.269 0.345 0.353 0.407 0.385 0.353 0.415 0.319 0.428 0.370 0.402 0.360 0.490 0.414 0.400 0.426 0.479 0.435 0.331 0.334 0.376 0.340 0.361 
0.364 0.372 0.436 0.311 0.440 0.454 0.394 0.452 0.273 0.338 0.338 0.316 0.339 0.377 0.461 0.340 0.263 0.408 0.391 0.373 0.398 0.445 0.342 0.326 0.323 0.321 0.468 0.333 0.408 0.333 0.363 0.401 0.387 0.322 0.315 0.422 0.320 0.375 0.409 0.455 0.385 0.226 0.377 0.421 0.421 0.347 0.387 0.376 0.259 0.297 0.350 0.342 0.278 0.334 0.363 0.375 0.277 0.376 0.382 0.384 
0.393 0.391 0.306 0.695 0.418 0.397 0.368 0.456 0.480 0.247 0.365 0.319 0.327 0.290 0.509 0.445 0.366 0.469 0.376 0.368 0.317 0.341 0.424 0.306 0.332 0.412 0.372 0.372 0.363 0.327 0.342 0.367 0.413 0.294 0.537 0.269 0.449 0.306 0.363 0.556 0.305 0.431 0.333 0.361 0.536 0.355 0.322 0.308 0.350 0.381 0.418 0.445 0.388 0.280 0.472 0.444 0.428 0.299 0.464 0.415 
0.343 0.440 0.415 0.411 0.468 0.336 0.343 0.452 0.474 0.331 0.418 0.389 0.319 0.391 0.311 0.356 0.334 0.398 0.303 0.438 0.300 0.369 0.451 0.355 0.413 0.388 0.402 0.485 0.333 0.379 0.356 0.270 0.287 0.292 0.493 0.386 0.314 0.429 0.373 0.456 0.261 0.293 0.371 0.348 0.382 0.442 0.375 0.339 0.430 0.404 0.553 0.334 0.347 0.303 0.396 0.491 0.383 0.249 0.335 0.501 
0.329 0.370 0.300 0.406 0.333 0.448 0.295 0.329 0.444 0.389 0.381 0.373 0.400 0.457 0.428 0.339 0.332 0.342 0.303 0.366 0.380 0.435 0.419 0.358 0.361 0.432 0.485 0.411 0.364 0.410 0.433 0.356 0.348 0.486 0.377 0.385 0.460 0.491 0.400 0.390 0.301 0.338 0.489 0.339 0.518 0.301 0.420 0.315 0.318 0.389 0.398 0.378 0.307 0.385 0.293 0.328 0.463 0.328 0.238 0.368 
0.414 0.337 0.301 0.480 0.370 0.315 0.480 0.265 0.364 0.412 0.355 0.309 0.334 0.438 0.404 0.317 0.400 0.430 0.255 0.401 0.321 0.320 0.315 0.309 0.285 0.278 0.378 0.316 0.355 0.476 0.351 0.282 0.524 0.489 0.306 0.366 0.391 0.394 0.383 0.402 0.519 0.352 0.368 0.364 0.320 0.474 0.346 0.392 0.360 0.286 0.435 0.540 0.327 0.332 0.372 0.390 0.313 0.331 0.322 0.464 
0.338 0.274 0.514 0.339 0.373 0.378 0.431 0.407 0.242 0.396 0.455 0.351 0.269 0.334 0.272 0.366 0.344 0.391 0.390 0.264 0.429 0.282 0.330 0.380 0.333 0.409 0.396 0.293 0.351 0.351 0.378 0.338 0.339 0.373 0.321 0.376 0.387 0.333 0.509 0.419 0.341 0.415 0.264 0.348 0.340 0.346 0.403 0.419 0.365 0.339 0.459 0.420 0.443 0.326 0.410 0.457 0.328 0.324 0.429 0.348 
0.350 0.404 0.388 0.390 0.464 0.354 0.365 0.457 0.311 0.434 0.539 0.401 0.465 0.312 0.372 0.529 0.497 0.451 0.360 0.396 0.468 0.372 0.389 0.380 0.336 0.354 0.357 0.388 0.394 0.534 0.332 0.321 0.455 0.495 0.460 0.456 0.451 0.404 0.457 0.389 0.369 0.470 0.390 0.329 0.427 0.347 0.575 0.365 0.395 0.350 0.522 0.513 0.353 0.420 0.325 0.380 0.361 0.334 0.358 0.337 
0.430 0.330 0.243 0.329 0.435 0.382 0.421 0.773 0.357 0.356 0.330 0.327 0.379 0.337 0.362 0.445 0.368 0.272 0.274 0.358 0.413 0.365 0.371 0.450 0.349 0.531 0.370 0.345 0.370 0.358 0.375 0.337 0.376 0.329 0.370 0.403 0.386 0.365 0.337 0.351 0.352 0.288 0.394 0.304 0.418 0.417 0.403 0.329 0.316 0.348 0.379 0.256 0.494 0.347 0.290 0.295 0.275 0.388 0.391 0.322 
0.257 0.333 0.367 0.339 0.354 0.453 0.445 0.345 0.408 0.307 0.433 0.363 0.368 0.385 0.343 0.443 0.358 0.338 0.389 0.406 0.393 0.336 0.382 0.472 0.452 0.364 0.325 0.343 0.410 0.352 0.433 0.365 0.381 0.301 0.355 0.366 0.300 0.343 0.437 0.411 0.446 0.396 0.335 0.320 0.373 0.442 0.271 0.342 0.323 0.367 0.380 0.393 0.459 0.358 0.487 0.272 0.460 0.296 0.374 0.330 
0.363 0.372 0.272 0.364 0.374 0.355 0.335 0.343 0.388 0.369 0.398 0.325 0.337 0.347 0.305 0.446 0.424 0.245 0.351 0.429 0.416 0.328 0.311 0.258 0.301 0.424 0.369 0.294 0.313 0.376 0.433 0.300 0.353 0.280 0.361 0.348 0.332 0.348 0.458 0.274 0.370 0.336 0.273 0.371 0.257 0.433 0.260 0.273 0.268 0.368 0.369 0.352 0.386 0.384 0.288 0.477 0.371 0.337 0.299 0.267 
0.314 0.268 0.329 0.347 0.379 0.253 0.384 0.457 0.391 0.285 0.396 0.285 0.286 0.340 0.422 0.376 0.294 0.282 0.267 0.310 0.375 0.293 0.240 0.348 0.369 0.428 0.262 0.298 0.342 0.359 0.403 0.325 0.292 0.329 0.331 0.363 0.349 0.322 0.429 0.364 0.407 0.359 0.324 0.354 0.303 0.461 0.335 0.378 0.268 0.322 0.251 0.401 0.339 0.344 0.366 0.339 0.374 0.264 0.388 0.333 
0.312 0.421 0.264 0.268 0.408 0.390 0.353 0.346 0.291 0.326 0.408 0.257 0.281 0.228 0.307 0.405 0.404 0.334 0.249 0.279 0.339 0.364 0.424 0.319 0.274 0.251 0.279 0.282 0.394 0.377 0.326 0.307 0.342 0.370 0.301 0.379 0.357 0.305 0.281 0.333 0.346 0.324 0.253 0.391 0.288 0.324 0.299 0.238 0.381 0.335 0.289 0.423 0.363 0.244 0.281 0.353 0.256 0.291 0.277 0.365 
0.297 0.260 0.237 0.299 0.351 0.265 0.296 0.318 0.468 0.651 0.460 0.363 0.416 0.247 0.413 0.294 0.324 0.347 0.213 0.299 0.257 0.335 0.439 0.277 0.415 0.387 0.229 0.272 0.261 0.299 0.308 0.338 0.307 0.356 0.238 0.269 0.380 0.418 0.327 0.380 0.346 0.292 0.504 0.268 0.325 0.268 0.330 0.374 0.223 0.334 0.396 0.286 0.372 0.242 0.240 0.200 0.293 0.403 0.334 0.412 
0.327 0.279 0.354 0.267 0.278 0.412 0.302 0.274 0.334 0.245 0.481 0.330 0.260 0.390 0.376 0.426 0.256 0.314 0.285 0.255 0.250 0.328 0.290 0.277 0.309 0.379 0.284 0.284 0.298 0.308 0.388 0.309 0.394 0.363 0.329 0.324 0.267 0.322 0.317 0.425 0.371 0.270 0.252 0.351 0.370 0.425 0.057 0.456 0.400 0.266 0.265 0.275 0.198 0.637 0.267 0.301 0.243 0.385 0.274 0.429 
0.430 0.328 0.368 0.343 0.339 0.311 0.236 0.239 0.331 0.281 0.346 0.271 0.280 0.331 0.269 0.315 0.264 0.236 0.272 0.331 0.375 0.281 0.221 0.328 0.268 0.327 0.239 0.249 0.337 0.270 0.305 0.235 0.287 0.306 0.327 0.264 0.289 0.358 0.211 0.323 0.349 0.299 0.336 0.331 0.323 0.333 0.271 0.256 0.312 0.337 0.276 0.295 0.304 0.301 0.324 0.370 0.237 0.391 0.282 0.347 
0.383 0.307 0.320 0.294 0.211 0.312 0.377 0.344 0.348 0.340 0.294 0.270 0.351 0.298 0.199 0.279 0.371 0.247 0.319 0.328 0.295 0.317 0.269 0.325 0.282 0.322 0.243 0.320 0.384 0.226 0.352 0.354 0.409 0.318 0.401 0.260 0.308 0.328 0.332 0.288 0.293 0.300 0.292 0.329 0.305 0.317 0.315 0.308 0.415 0.274 0.337 0.297 0.263 0.317 0.283 0.348 0.267 0.353 0.414 0.323 
