0.431 0.439 0.508 0.560 0.563 0.549 0.567 0.555 0.585 0.560 0.551 0.538 0.511 0.600 0.596 0.445 0.529 0.461 0.458 0.474 0.504 0.531 0.484 0.475 0.462 0.125 0.128 0.108 0.121 0.133 0.120 0.137 0.115 0.107 0.126 0.101 0.100 0.089 0.092 0.101 0.087 0.128 0.090 0.161 0.626 0.462 0.153 0.761 0.463 0.632 0.653 0.752 0.664 0.861 0.898 0.953 0.889 0.860 0.837 0.922 
0.906 0.895 0.818 0.755 0.717 0.812 0.860 0.815 0.792 0.671 0.749 0.696 0.473 0.629 0.189 0.224 0.307 0.323 0.292 0.427 0.526 0.496 0.711 0.620 0.546 0.314 0.165 0.648 0.765 0.372 0.434 0.364 0.481 0.449 0.058 0.211 0.632 0.625 0.627 0.621 0.600 0.415 0.347 0.782 0.859 0.635 0.414 0.079 0.058 0.218 0.041 0.068 0.047 0.054 0.065 0.051 0.057 0.068 0.067 0.111 
0.055 0.052 0.104 0.079 0.256 0.613 0.567 0.551 0.591 0.577 0.532 0.550 0.566 0.111 0.045 0.056 0.052 0.517 0.586 0.608 0.606 0.605 0.615 0.586 0.598 0.594 0.591 0.603 0.607 0.598 0.605 0.589 0.598 0.596 0.600 0.595 0.596 0.591 0.599 0.591 0.593 0.312 0.067 0.059 0.106 0.431 0.603 0.609 0.594 0.597 0.602 0.599 0.598 0.606 0.596 0.607 0.601 0.601 0.614 0.624 
0.605 0.629 0.616 0.623 0.624 0.611 0.601 0.609 0.604 0.614 0.602 0.616 0.603 0.593 0.617 0.618 0.617 0.608 0.603 0.609 0.615 0.621 0.632 0.625 0.620 0.646 0.610 0.633 0.643 0.645 0.626 0.646 0.640 0.633 0.630 0.644 0.653 0.633 0.648 0.631 0.659 0.649 0.649 0.642 0.653 0.674 0.675 0.662 0.649 0.636 0.647 0.650 0.680 0.660 0.686 0.377 0.119 0.199 0.148 0.196 
0.171 0.146 0.150 0.128 0.148 0.143 0.161 0.177 0.126 0.248 0.139 0.143 0.181 0.139 0.148 0.134 0.140 0.147 0.117 0.151 0.197 0.195 0.168 0.177 0.216 0.135 0.181 0.138 0.155 0.190 0.185 0.150 0.184 0.187 0.153 0.164 0.214 0.151 0.202 0.180 0.158 0.196 0.178 0.168 0.187 0.247 0.160 0.191 0.168 0.176 0.167 0.132 0.189 0.200 0.176 0.178 0.144 0.165 0.520 0.405 
0.192 0.184 0.166 0.150 0.167 0.155 0.231 0.165 0.184 0.181 0.154 0.195 0.145 0.185 0.216 0.151 0.186 0.162 0.193 0.170 0.203 0.177 0.155 0.132 0.148 0.158 0.153 0.159 0.195 0.190 0.190 0.148 0.161 0.144 0.142 0.188 0.147 0.204 0.184 0.204 0.168 0.133 0.163 0.164 0.195 0.169 0.148 0.175 0.110 0.163 0.179 0.173 0.208 0.106 0.143 0.120 0.157 0.171 0.168 0.221 
0.162 0.168 0.162 0.166 0.170 0.178 0.165 0.184 0.175 0.167 0.138 0.149 0.124 0.163 0.176 0.143 0.123 0.181 0.191 0.132 0.205 0.170 0.159 0.120 0.156 0.169 0.190 0.206 0.169 0.182 0.156 0.156 0.144 0.199 0.140 0.188 0.145 0.148 0.149 0.196 0.145 0.246 0.184 0.155 0.156 0.175 0.155 0.131 0.153 0.172 0.136 0.209 0.146 0.163 0.125 0.127 0.159 0.152 0.139 0.205 
0.202 0.142 0.145 0.157 0.134 0.177 0.138 0.143 0.172 0.177 0.170 0.136 0.177 0.109 0.172 0.204 0.105 0.167 0.109 0.087 0.139 0.119 0.134 0.149 0.177 0.187 0.131 0.180 0.124 0.202 0.148 0.237 0.164 0.186 0.145 0.143 0.198 0.106 0.148 0.121 0.166 0.190 0.166 0.125 0.133 0.110 0.153 0.143 0.183 0.117 0.097 0.126 0.181 0.174 0.129 0.132 0.180 0.170 0.180 0.151 
0.167 0.105 0.167 0.177 0.122 0.159 0.155 0.197 0.132 0.142 0.179 0.188 0.089 0.156 0.155 0.127 0.115 0.158 0.157 0.164 0.138 0.162 0.123 0.149 0.090 0.143 0.166 0.176 0.153 0.141 0.112 0.172 0.147 0.075 0.158 0.113 0.150 0.116 0.136 0.133 0.132 0.133 0.109 0.164 0.153 0.111 0.100 0.099 0.103 0.084 0.116 0.166 0.113 0.124 0.150 0.178 0.120 0.171 0.172 0.174 
0.124 0.112 0.137 0.136 0.126 0.114 0.119 0.106 0.110 0.103 0.172 0.086 0.188 0.123 0.135 0.116 0.146 0.140 0.148 0.110 0.139 0.126 0.113 0.098 0.127 0.125 0.100 0.168 0.119 0.188 0.106 0.065 0.095 0.111 0.119 0.148 0.175 0.131 0.144 0.140 0.117 0.081 0.148 0.135 0.156 0.130 0.134 0.171 0.078 0.107 0.124 0.138 0.098 0.118 0.150 0.154 0.095 0.143 0.136 0.138 
0.175 0.117 0.184 0.156 0.108 0.092 0.126 0.111 0.121 0.145 0.142 0.098 0.123 0.146 0.110 0.175 0.124 0.142 0.060 0.106 0.109 0.115 0.085 0.085 0.120 0.101 0.122 0.099 0.152 0.127 0.124 0.139 0.111 0.141 0.141 0.121 0.142 0.147 0.131 0.123 0.118 0.122 0.092 0.164 0.150 0.119 0.147 0.064 0.133 0.156 0.106 0.172 0.123 0.129 0.116 0.093 0.143 0.111 0.135 0.174 
0.126 0.133 0.087 0.146 0.099 0.190 0.143 0.131 0.123 0.143 0.157 0.106 0.120 0.141 0.147 0.133 0.129 0.087 0.075 0.129 0.100 0.147 0.147 0.148 0.130 0.071 0.216 0.221 0.109 0.095 0.129 0.102 0.115 0.112 0.087 0.109 0.139 0.138 0.137 0.146 0.118 0.087 0.143 0.135 0.095 0.102 0.127 0.124 0.133 0.161 0.117 0.116 0.125 0.140 0.147 0.107 0.123 0.132 0.117 0.150 
0.145 0.120 0.149 0.135 0.116 0.113 0.139 0.118 0.156 0.185 0.099 0.159 0.139 0.100 0.128 0.116 0.144 0.118 0.130 0.107 0.126 0.176 0.132 0.138 0.100 0.110 0.137 0.105 0.105 0.128 0.127 0.146 0.100 0.102 0.103 0.110 0.107 0.072 0.129 0.126 0.129 0.094 0.154 0.095 0.153 0.098 0.058 0.129 0.122 0.138 0.106 0.094 0.189 0.119 0.144 0.107 0.098 0.133 0.084 0.167 
0.082 0.180 0.118 0.116 0.099 0.086 0.136 0.131 0.142 0.144 0.136 0.096 0.107 0.104 0.149 0.136 0.100 0.077 0.103 0.122 0.119 0.144 0.159 0.115 0.163 0.089 0.151 0.115 0.165 0.113 0.139 0.138 0.104 0.141 0.126 0.153 0.137 0.158 0.160 0.119 0.128 0.150 0.180 0.133 0.115 0.123 0.119 0.102 0.109 0.130 0.128 0.125 0.154 0.115 0.136 0.078 0.069 0.105 0.122 0.136 
0.126 0.115 0.133 0.105 0.102 0.121 0.120 0.134 0.123 0.170 0.122 0.109 0.138 0.123 0.172 0.131 0.127 0.133 0.085 0.101 0.178 0.123 0.141 0.128 0.113 0.134 0.099 0.126 0.160 0.148 0.139 0.185 0.147 0.135 0.086 0.123 0.095 0.109 0.157 0.161 0.123 0.098 0.108 0.095 0.137 0.071 0.138 0.117 0.084 0.163 0.123 0.102 0.085 0.084 0.104 0.090 0.109 0.108 0.140 0.139 
0.147 0.102 0.160 0.152 0.150 0.122 0.126 0.118 0.156 0.138 0.117 0.128 0.160 0.140 0.119 0.124 0.098 0.145 0.113 0.138 0.101 0.126 0.125 0.148 0.119 0.135 0.093 0.129 0.129 0.100 0.153 0.102 0.101 0.089 0.116 0.139 0.133 0.145 0.116 0.123 0.136 0.252 0.118 0.109 0.117 0.065 0.093 0.114 0.091 0.162 0.181 0.129 0.094 0.130 0.141 0.089 0.130 0.078 0.130 0.096 
0.118 0.150 0.104 0.109 0.075 0.118 0.158 0.113 0.365 0.112 0.136 0.075 0.062 0.063 0.095 0.132 0.067 0.143 0.101 0.129 0.141 0.128 0.139 0.118 0.129 0.117 0.055 0.135 0.165 0.132 0.156 0.118 0.140 0.094 0.113 0.135 0.149 0.102 0.124 0.187 0.112 0.128 0.069 0.126 0.109 0.167 0.132 0.114 0.068 0.110 0.116 0.122 0.124 0.138 0.111 0.128 0.114 0.104 0.132 0.112 
0.150 0.143 0.088 0.103 0.092 0.083 0.102 0.060 0.111 0.100 0.113 0.103 0.094 0.092 0.148 0.096 0.092 0.076 0.081 0.093 0.078 0.113 0.054 0.131 0.107 0.113 0.116 0.029 0.141 0.085 0.128 0.111 0.108 0.144 0.068 0.097 0.108 0.110 0.086 0.064 0.130 0.050 0.114 0.098 0.131 0.145 0.092 0.085 0.089 0.116 0.125 0.107 0.100 0.086 0.124 0.098 0.087 0.077 0.068 0.122 
0.135 0.062 0.091 0.061 0.128 0.054 0.111 0.080 0.088 0.112 0.090 0.101 0.089 0.158 0.123 0.061 0.174 0.086 0.137 0.159 0.113 0.146 0.085 0.121 0.148 0.095 0.200 0.107 0.090 0.112 0.154 0.056 0.085 0.080 0.068 0.103 0.063 0.078 0.104 0.057 0.085 0.065 0.091 0.092 0.154 0.182 0.060 0.093 0.063 0.066 0.092 0.114 0.118 0.093 0.108 0.065 0.094 0.046 0.086 0.107 
0.087 0.056 0.037 0.087 0.048 0.079 0.088 0.059 0.083 0.037 0.082 0.108 0.070 0.039 0.069 0.059 0.073 0.089 0.104 0.063 0.087 0.054 0.105 0.083 0.078 0.116 0.096 0.095 0.092 0.057 0.053 0.087 0.060 0.086 0.070 0.069 0.089 0.073 0.021 0.079 0.032 0.065 0.062 0.068 0.060 0.082 0.061 0.052 0.048 0.081 0.091 0.033 0.064 0.078 0.072 0.033 0.061 0.087 0.082 0.069 
0.067 0.083 0.061 0.072 0.049 0.059 0.078 0.027 0.073 0.049 0.045 0.051 0.081 0.073 0.046 0.036 0.033 0.042 0.041 0.060 0.061 0.072 0.073 0.026 0.034 0.073 0.062 0.058 0.106 0.100 0.062 0.037 0.051 0.049 0.042 0.060 0.073 0.052 0.046 0.037 0.042 0.058 0.048 0.021 0.055 0.044 0.056 0.050 0.031 0.058 0.057 0.018 0.039 0.104 0.054 0.054 0.054 0.045 0.044 0.051 
0.083 0.057 0.043 0.084 0.056 0.080 0.047 0.054 0.036 0.029 0.072 0.048 0.059 0.048 0.052 0.031 0.026 0.017 0.046 0.094 0.067 0.052 0.039 0.056 0.020 0.070 0.038 0.095 0.064 0.032 0.131 0.056 0.095 0.028 0.020 0.058 0.053 0.065 0.039 -0.143 0.133 0.053 0.041 0.050 0.059 0.100 0.075 0.044 0.055 0.028 0.058 0.032 0.057 0.039 0.032 0.039 0.017 0.047 0.062 0.087 
0.055 0.025 0.042 0.023 0.031 0.022 0.008 0.036 0.009 0.031 0.038 0.035 0.014 0.001 0.025 0.019 -0.003 -0.013 0.006 -0.010 0.013 0.041 -0.004 -0.022 -0.012 -0.012 -0.007 -0.003 -0.003 -0.012 -0.034 -0.015 0.014 -0.008 -0.018 0.000 0.003 -0.008 0.003 0.019 0.008 -0.005 0.000 -0.021 -0.017 -0.000 0.008 0.061 0.025 0.094 0.029 0.062 0.032 0.037 0.018 -0.033 -0.012 -0.039 0.021 -0.013 
-0.036 0.013 -0.041 -0.023 -0.049 -0.011 -0.007 -0.038 -0.014 -0.050 -0.018 -0.028 -0.037 -0.024 -0.017 -0.019 -0.006 -0.048 -0.004 -0.043 -0.011 0.003 -0.020 -0.018 -0.068 -0.045 -0.013 -0.036 0.021 -0.031 -0.041 -0.045 -0.048 -0.038 -0.021 -0.039 -0.034 -0.062 -0.046 -0.054 0.376 0.156 0.158 0.216 0.189 0.177 0.137 0.183 0.234 0.374 0.259 0.354 0.299 0.333 0.334 0.363 0.361 0.436 0.479 0.449 
