0.015 0.008 0.061 0.022 0.034 -0.022 0.018 0.057 0.029 0.052 0.020 0.066 0.040 0.063 0.085 0.063 0.039 0.107 0.037 0.076 0.032 0.066 0.016 0.020 0.033 0.033 0.044 0.040 0.042 0.044 0.066 0.023 0.043 0.071 0.019 0.040 0.067 0.038 0.064 0.046 0.055 0.049 0.047 0.010 0.026 0.063 0.036 0.080 0.122 0.025 0.059 0.069 0.101 0.051 0.037 0.063 -0.013 0.053 0.010 0.136 
0.063 0.051 0.060 0.046 0.075 0.017 0.023 0.048 0.042 0.080 0.069 0.081 0.103 0.051 0.039 0.027 0.044 0.056 0.070 0.079 -0.000 0.014 0.011 0.045 -0.012 0.036 0.036 0.019 0.005 0.017 0.035 0.011 0.006 -0.002 0.030 0.044 -0.014 0.032 0.036 0.023 0.059 0.014 0.053 0.051 0.029 0.055 0.046 0.034 0.048 0.036 0.007 0.014 0.034 0.021 0.015 0.047 0.081 0.034 0.042 0.135 
0.044 0.052 -0.003 0.050 0.049 0.028 0.051 0.060 0.071 0.110 0.040 0.033 0.071 0.042 0.080 0.037 0.041 0.047 0.079 0.064 0.011 0.047 0.015 0.055 0.003 0.053 0.057 -0.005 0.047 0.048 0.044 0.045 0.036 0.029 0.033 0.071 0.012 0.021 0.026 0.063 0.043 0.037 0.084 0.018 0.038 0.075 0.016 0.103 0.059 0.085 0.032 0.023 0.051 0.030 0.005 0.002 0.045 0.037 0.017 0.070 
0.017 0.030 0.038 0.000 0.040 0.022 0.055 0.064 0.057 0.063 0.044 0.038 -0.002 0.022 0.100 0.029 0.057 0.074 0.052 0.109 0.013 0.057 0.060 0.057 0.050 0.015 0.049 0.046 0.022 0.039 0.050 0.049 0.091 0.028 0.072 0.119 0.023 0.012 0.067 0.113 0.076 0.070 0.016 0.104 0.021 0.079 0.050 0.099 0.065 0.053 0.107 0.062 0.053 -0.009 0.048 0.033 0.093 0.022 -0.005 0.032 
0.042 0.015 0.079 0.141 0.039 0.057 0.019 0.059 0.037 0.030 0.052 0.018 0.031 0.045 0.010 0.068 0.039 0.015 0.022 0.054 0.023 0.050 0.031 0.022 0.010 0.028 0.039 0.017 -0.011 -0.001 0.014 0.012 0.015 -0.015 0.022 -0.011 -0.003 0.040 -0.009 0.057 0.006 0.014 0.032 -0.025 0.041 0.011 0.041 0.029 0.022 0.018 0.017 -0.001 0.025 0.019 0.025 0.010 0.028 0.002 -0.014 0.038 
0.008 0.028 -0.005 0.013 0.023 0.006 0.008 0.005 0.009 0.055 -0.009 0.024 0.017 0.048 0.031 0.013 0.023 -0.009 0.042 0.030 0.019 -0.042 0.025 0.004 -0.004 0.030 -0.007 0.026 -0.022 0.002 0.015 -0.021 0.021 0.010 0.002 0.045 0.003 0.022 0.007 0.015 0.002 -0.004 0.055 -0.026 0.027 0.025 0.006 -0.004 0.009 0.042 -0.003 0.044 -0.001 -0.000 0.007 -0.006 0.051 -0.006 0.001 0.016 
0.020 0.004 -0.007 0.015 0.020 0.072 0.026 -0.010 0.025 0.005 0.036 0.019 0.006 -0.035 -0.003 0.018 -0.053 0.046 0.031 0.035 0.055 0.005 -0.028 -0.009 0.012 0.001 0.018 -0.004 -0.024 0.015 0.026 -0.041 0.015 0.002 0.014 0.017 -0.032 0.015 0.000 0.037 0.012 0.004 0.007 0.009 -0.017 0.010 0.038 0.018 0.017 0.027 -0.002 -0.015 -0.018 0.005 0.002 -0.014 0.016 -0.182 0.090 0.006 
-0.028 -0.007 -0.009 0.039 0.003 -0.017 -0.035 -0.001 0.031 0.011 0.025 -0.029 -0.015 -0.030 -0.007 -0.029 -0.026 0.000 -0.022 0.014 -0.017 -0.035 0.003 -0.055 -0.016 -0.021 -0.013 -0.026 -0.017 -0.018 -0.025 -0.041 -0.015 -0.024 0.004 -0.033 -0.021 -0.060 -0.036 0.012 -0.038 -0.070 -0.059 -0.043 -0.036 -0.039 -0.048 -0.060 -0.070 -0.032 -0.040 -0.069 -0.045 -0.080 -0.053 -0.047 -0.067 -0.006 -0.060 -0.029 
-0.038 -0.064 -0.053 -0.078 -0.072 0.002 -0.066 -0.050 0.019 -0.017 -0.035 -0.065 -0.007 -0.068 -0.053 -0.012 -0.063 -0.076 -0.068 -0.067 -0.082 -0.051 -0.061 -0.072 -0.027 -0.099 -0.062 -0.077 -0.060 -0.030 -0.030 -0.052 -0.082 -0.056 -0.056 -0.083 -0.076 -0.071 -0.059 -0.054 -0.086 -0.081 -0.078 -0.067 -0.031 -0.069 -0.052 -0.059 -0.103 -0.047 -0.044 -0.042 -0.078 -0.073 -0.063 -0.085 -0.073 -0.081 0.341 0.222 
0.202 0.204 0.212 0.193 0.256 0.229 0.411 0.441 0.420 0.466 0.431 0.450 0.444 0.442 0.454 0.463 0.502 0.305 0.277 0.213 0.215 0.197 0.189 0.199 0.233 0.310 0.461 0.448 0.411 0.439 0.395 0.419 0.440 0.406 0.406 0.475 0.468 0.124 -0.037 0.072 0.192 0.176 0.189 0.251 0.274 0.423 0.353 0.352 0.362 0.060 -0.074 -0.092 -0.071 -0.079 -0.066 -0.066 -0.101 -0.088 -0.069 -0.069 
0.009 0.489 0.347 0.640 0.081 0.453 0.464 0.466 0.449 0.696 0.787 0.720 0.746 0.669 0.697 0.777 0.777 0.753 0.738 0.733 0.725 0.683 0.667 0.542 0.563 0.529 0.411 0.443 -0.087 0.345 0.460 0.381 0.298 0.458 0.633 0.516 0.362 0.597 -0.062 0.275 0.537 0.401 0.464 0.454 0.494 0.177 0.617 0.270 -0.084 -0.069 -0.067 -0.099 0.029 -0.054 -0.085 -0.067 -0.104 -0.057 -0.023 0.002 
-0.041 0.018 -0.033 -0.015 0.022 -0.003 -0.027 -0.034 0.037 0.021 0.007 0.016 -0.025 0.009 -0.026 0.023 -0.020 -0.006 0.008 -0.021 -0.018 -0.011 -0.032 0.004 -0.049 0.000 0.003 -0.036 0.001 -0.028 0.002 -0.015 -0.026 -0.027 -0.020 -0.018 -0.049 0.010 -0.014 0.004 -0.012 -0.013 -0.016 -0.038 -0.008 0.023 -0.014 0.011 0.016 0.000 0.013 -0.023 0.007 -0.017 -0.035 -0.011 -0.000 0.000 0.028 0.021 
-0.003 0.003 0.136 0.002 0.159 -0.005 0.025 -0.004 0.006 0.053 0.049 0.026 -0.012 -0.011 -0.022 -0.013 0.018 0.062 -0.038 0.011 0.004 -0.034 0.012 -0.040 0.001 -0.018 -0.009 -0.008 -0.031 0.012 -0.034 -0.029 -0.016 -0.010 0.017 -0.048 -0.039 -0.005 0.004 -0.008 0.001 -0.008 -0.025 -0.012 -0.003 -0.068 -0.021 -0.026 -0.012 -0.002 -0.051 -0.023 0.011 -0.024 -0.017 -0.045 0.039 -0.046 0.005 -0.025 
-0.014 0.006 0.002 0.052 0.046 0.010 0.040 0.074 0.085 0.016 0.128 0.023 0.018 0.009 -0.005 0.009 -0.006 0.037 0.040 0.008 0.030 0.044 0.011 0.015 0.022 0.022 -0.003 0.031 0.020 -0.007 0.009 0.042 0.013 0.008 0.057 -0.000 0.021 0.043 0.041 0.017 -0.026 0.004 0.034 0.065 0.022 0.035 0.023 0.029 -0.016 0.009 0.065 0.040 0.073 0.000 0.067 0.239 0.085 0.042 0.001 0.008 
0.005 0.016 -0.013 0.023 0.029 -0.019 0.002 0.011 -0.019 -0.021 0.019 0.059 -0.008 0.025 -0.003 0.006 0.025 0.025 0.015 -0.036 0.001 -0.078 0.005 0.008 0.002 0.004 -0.021 -0.035 -0.043 -0.030 -0.019 -0.047 -0.003 -0.035 0.001 -0.014 -0.003 -0.002 -0.004 -0.024 -0.033 -0.016 -0.000 -0.003 -0.024 -0.006 -0.019 0.035 -0.008 0.001 0.004 -0.006 -0.021 0.025 0.014 0.005 -0.006 -0.009 -0.028 0.028 
0.004 0.014 -0.040 -0.008 0.004 -0.036 0.037 0.029 -0.013 -0.020 -0.050 -0.000 -0.019 0.010 0.006 -0.034 0.016 0.002 -0.001 -0.022 0.018 -0.015 -0.030 0.008 -0.014 -0.006 0.041 -0.037 -0.024 -0.014 0.004 0.001 -0.038 0.020 -0.019 -0.017 -0.038 0.002 -0.020 -0.033 0.036 -0.049 -0.002 0.026 -0.042 0.003 0.024 -0.009 -0.031 0.069 0.047 -0.017 0.011 0.001 0.004 0.019 -0.013 -0.014 -0.044 -0.002 
0.005 -0.001 -0.003 -0.041 -0.205 0.044 -0.052 -0.034 -0.008 -0.034 0.025 -0.034 -0.059 -0.032 -0.006 -0.029 -0.006 0.014 -0.007 -0.020 -0.062 0.001 -0.028 -0.006 -0.019 -0.003 -0.023 -0.020 -0.044 -0.029 -0.012 -0.038 -0.043 -0.016 -0.049 -0.018 -0.024 -0.028 -0.023 -0.041 -0.049 -0.058 -0.055 -0.059 -0.069 -0.040 -0.060 -0.080 -0.039 -0.054 -0.060 -0.078 -0.070 -0.046 -0.075 -0.042 -0.086 -0.057 -0.050 -0.058 
-0.055 -0.065 -0.076 -0.067 -0.078 -0.017 -0.086 -0.062 -0.067 -0.079 -0.024 -0.070 -0.018 -0.027 -0.024 -0.020 -0.031 -0.038 -0.052 0.011 -0.069 -0.073 -0.070 -0.089 -0.038 -0.084 -0.080 -0.076 -0.063 -0.072 -0.115 -0.033 -0.090 -0.046 -0.050 -0.064 -0.033 -0.064 -0.035 -0.059 -0.048 -0.060 -0.095 -0.015 -0.071 -0.087 -0.070 -0.082 -0.069 -0.088 -0.088 -0.060 -0.117 -0.103 -0.105 -0.102 -0.089 -0.097 -0.095 -0.113 
-0.104 -0.083 -0.115 -0.091 -0.108 0.341 0.188 0.205 0.229 0.204 0.217 0.216 0.203 0.239 0.413 0.386 0.382 0.381 0.416 0.410 0.381 0.403 0.403 0.450 0.422 0.243 0.113 0.179 0.169 0.208 0.219 0.233 0.316 0.278 0.430 0.381 0.372 0.380 0.371 0.342 0.391 0.376 0.375 0.416 0.444 0.369 0.308 0.308 0.286 0.311 0.306 0.342 0.378 0.286 0.047 -0.019 0.013 -0.015 -0.005 0.013 
0.014 0.003 -0.048 -0.011 -0.090 -0.007 -0.004 -0.010 -0.008 -0.033 -0.046 -0.055 -0.041 -0.031 -0.059 -0.015 -0.046 -0.011 -0.026 -0.015 -0.014 -0.016 -0.035 -0.045 -0.028 -0.012 -0.015 -0.036 -0.018 -0.031 0.024 -0.020 -0.011 -0.008 -0.018 -0.033 0.013 0.002 -0.007 -0.018 -0.021 -0.040 0.016 -0.008 0.002 -0.051 -0.020 -0.008 -0.048 0.025 0.017 -0.025 -0.032 -0.062 -0.012 -0.031 -0.002 -0.006 -0.045 0.005 
-0.009 -0.013 -0.034 0.006 -0.027 -0.042 -0.003 -0.026 -0.018 0.030 -0.049 -0.036 -0.025 -0.008 -0.011 -0.050 0.008 -0.031 -0.028 -0.050 -0.010 -0.032 -0.045 0.025 -0.061 -0.014 0.014 -0.053 -0.009 0.013 -0.021 -0.043 0.057 0.035 -0.029 -0.001 -0.011 -0.008 0.007 -0.025 -0.026 -0.055 -0.014 -0.006 -0.013 -0.015 -0.053 -0.217 0.032 -0.064 -0.046 -0.019 -0.046 0.013 -0.046 -0.071 -0.044 -0.018 -0.041 -0.018 
0.003 -0.019 -0.032 -0.074 -0.011 -0.040 -0.018 -0.030 -0.015 -0.035 -0.032 -0.056 -0.041 -0.024 -0.050 -0.054 -0.028 -0.061 -0.030 -0.036 -0.040 -0.035 -0.053 -0.060 -0.070 -0.066 -0.070 -0.080 -0.052 -0.072 -0.092 -0.051 -0.066 -0.072 -0.089 -0.082 -0.057 -0.087 -0.054 -0.098 -0.069 -0.062 -0.070 -0.067 -0.077 -0.088 -0.079 -0.090 -0.029 -0.098 -0.074 -0.078 -0.091 -0.036 -0.081 -0.030 -0.039 -0.036 -0.031 -0.043 
-0.050 -0.063 -0.001 -0.081 -0.085 -0.082 -0.101 -0.050 -0.096 -0.092 -0.087 -0.075 -0.083 -0.127 -0.045 -0.102 -0.058 -0.062 -0.076 -0.045 -0.076 -0.047 -0.071 -0.060 -0.072 -0.106 -0.026 -0.083 -0.099 -0.082 -0.094 -0.081 -0.100 -0.100 -0.072 -0.129 -0.115 -0.117 -0.113 -0.101 -0.109 -0.107 -0.125 -0.116 -0.094 -0.127 -0.103 -0.120 0.329 0.176 0.193 0.217 0.192 0.205 0.204 0.191 0.227 0.401 0.374 0.370 
0.369 0.404 0.398 0.370 0.391 0.392 0.438 0.410 0.231 0.102 0.167 0.158 0.196 0.207 0.221 0.304 0.266 0.418 0.369 0.360 0.369 0.360 0.330 0.380 0.365 0.363 0.404 0.432 0.357 0.296 0.296 0.275 0.299 0.295 -0.110 -0.103 -0.118 -0.097 -0.114 -0.105 -0.111 -0.104 0.328 0.165 0.186 0.196 0.177 0.197 0.158 0.215 0.202 0.432 0.425 0.385 0.372 0.410 0.353 0.402 0.434 0.425 
