0.074 0.015 0.014 0.026 0.008 -0.001 0.012 0.032 -0.009 0.003 0.002 0.011 0.013 0.022 -0.004 0.022 0.007 0.005 0.014 0.012 0.012 -0.008 0.014 0.015 0.017 -0.016 0.012 0.004 -0.017 0.013 0.019 -0.007 -0.003 0.021 0.008 -0.021 0.020 0.010 0.006 0.003 0.013 0.017 0.004 -0.020 0.006 -0.010 0.003 0.009 0.020 0.010 0.017 0.016 0.017 -0.018 0.026 0.009 -0.031 0.009 -0.021 0.012 
0.044 0.002 0.029 0.066 0.043 0.020 0.018 0.010 0.043 0.035 0.043 0.012 0.047 0.009 0.005 0.037 0.045 0.032 -0.013 0.007 -0.031 -0.022 0.019 -0.006 0.008 0.003 0.006 0.002 0.003 0.012 0.012 -0.019 0.012 0.005 0.004 -0.016 0.011 0.004 0.019 -0.016 0.005 -0.017 0.015 0.016 0.001 0.025 -0.029 -0.005 0.025 0.023 0.023 0.025 -0.013 -0.009 0.035 -0.025 -0.017 0.055 0.018 -0.023 
0.005 0.013 0.019 0.014 0.010 0.004 -0.023 -0.030 -0.011 -0.016 0.000 -0.009 0.010 0.011 0.001 -0.011 -0.011 -0.003 -0.019 -0.031 0.002 0.007 0.034 0.024 0.017 0.010 -0.006 0.014 -0.026 0.010 -0.028 -0.001 0.040 -0.004 0.009 0.005 0.016 0.009 0.004 -0.012 -0.006 0.009 0.008 0.005 -0.017 0.010 -0.028 -0.005 0.010 -0.024 0.023 0.003 0.013 -0.004 0.038 0.017 0.013 0.009 0.012 -0.029 
0.006 -0.004 0.015 -0.009 -0.026 0.015 0.009 0.005 -0.008 0.004 0.002 -0.023 -0.012 0.002 0.018 -0.020 0.009 0.022 0.020 0.008 0.002 -0.017 -0.022 0.036 0.016 -0.002 0.003 -0.034 0.003 0.005 0.021 0.014 0.018 -0.009 0.009 0.008 -0.005 -0.000 0.013 -0.011 0.002 0.002 0.005 -0.028 0.000 0.005 0.024 -0.007 0.014 0.004 0.002 -0.000 0.010 -0.010 0.000 0.005 0.000 0.007 0.010 -0.019 
-0.026 -0.003 0.043 -0.019 -0.001 0.013 -0.001 0.014 -0.020 0.001 0.001 -0.018 -0.005 0.005 0.004 -0.000 -0.000 0.002 -0.025 0.003 -0.005 0.002 -0.002 -0.031 0.012 -0.000 0.009 -0.032 0.004 0.010 -0.001 0.009 -0.013 0.032 0.000 -0.006 -0.021 -0.013 0.014 0.010 -0.015 0.001 -0.009 0.009 0.003 0.023 -0.016 0.031 0.017 -0.036 0.001 0.000 0.013 -0.011 -0.021 0.014 -0.002 -0.004 0.012 -0.036 
0.012 0.003 -0.011 0.001 0.013 0.020 -0.031 0.003 0.004 0.015 0.032 -0.026 -0.029 -0.007 0.018 0.007 -0.028 0.009 -0.002 0.015 0.005 -0.012 0.008 0.012 0.011 -0.024 0.012 0.001 -0.013 -0.017 -0.021 -0.005 0.013 0.009 0.011 -0.018 0.002 0.004 0.001 -0.029 0.022 -0.013 -0.004 0.002 0.011 -0.024 0.010 -0.027 -0.020 0.004 -0.001 0.001 0.020 0.020 -0.031 0.025 0.000 -0.017 0.012 0.001 
0.003 0.024 0.031 -0.003 0.018 -0.018 -0.025 0.008 -0.027 0.006 0.008 -0.031 0.020 0.013 -0.027 0.007 0.002 0.030 -0.032 0.002 0.008 0.004 -0.030 -0.033 -0.002 0.019 -0.034 0.005 0.005 0.006 -0.004 -0.016 0.029 0.016 0.008 -0.024 0.007 -0.005 0.003 -0.034 -0.021 0.016 -0.022 -0.007 -0.007 -0.017 -0.002 0.001 0.009 -0.018 -0.000 -0.006 0.008 -0.001 -0.030 0.017 -0.020 -0.039 -0.045 -0.007 
-0.007 -0.023 0.026 0.010 -0.036 -0.001 0.004 -0.034 -0.001 0.010 -0.027 0.005 0.002 -0.025 0.006 -0.039 -0.023 0.001 -0.000 -0.022 0.000 0.002 -0.009 -0.033 -0.002 0.021 -0.028 0.002 0.003 0.001 -0.003 -0.003 -0.037 -0.016 -0.032 -0.000 -0.005 -0.034 0.004 0.005 -0.028 -0.005 0.001 0.002 -0.008 -0.013 -0.030 0.003 -0.001 0.008 -0.003 -0.032 -0.037 -0.002 -0.026 0.007 0.003 0.005 -0.035 -0.005 
-0.000 -0.001 0.011 -0.027 -0.016 0.003 -0.012 -0.002 -0.029 -0.036 0.001 -0.021 -0.006 -0.002 -0.043 -0.004 -0.010 -0.004 0.009 -0.012 -0.013 -0.005 0.017 -0.039 -0.005 -0.000 -0.026 -0.018 -0.014 0.002 -0.043 -0.009 -0.004 -0.018 -0.017 -0.018 -0.012 -0.010 -0.051 -0.042 -0.014 -0.009 -0.013 -0.015 -0.014 -0.020 -0.044 -0.008 -0.040 -0.015 -0.050 -0.011 -0.015 -0.000 -0.003 -0.038 0.010 -0.012 -0.013 -0.054 
-0.014 -0.008 -0.006 -0.010 -0.042 -0.036 -0.019 -0.007 -0.016 -0.035 0.145 -0.005 -0.011 -0.007 -0.008 -0.032 -0.017 -0.015 0.005 0.081 -0.004 -0.014 0.046 0.049 0.076 0.066 -0.009 -0.039 -0.023 -0.014 -0.022 0.175 0.034 0.050 0.038 0.044 0.051 0.048 0.011 0.045 0.064 0.041 0.039 0.009 0.058 0.042 0.067 0.050 0.063 0.056 0.039 0.085 0.056 0.050 0.057 0.051 0.054 0.077 0.029 -0.001 
0.004 0.060 0.051 0.039 0.039 0.039 0.034 0.045 0.018 0.049 0.042 0.030 0.024 0.019 0.058 0.045 0.034 0.056 0.050 0.026 0.040 0.025 0.132 0.173 0.195 0.161 0.159 0.178 0.127 0.121 0.123 0.121 0.128 0.045 0.064 0.105 0.064 0.052 0.076 0.047 0.145 0.138 0.181 0.185 0.197 0.150 0.139 0.137 0.141 0.098 0.124 0.078 0.071 0.035 0.059 0.053 0.032 0.035 0.034 0.050 
0.022 0.024 0.041 0.024 0.020 0.054 0.046 0.003 0.044 0.030 0.045 0.058 0.042 0.000 0.001 -0.023 -0.014 -0.010 -0.053 -0.003 -0.009 -0.015 -0.011 -0.020 -0.002 -0.032 -0.050 -0.030 -0.026 -0.016 -0.053 -0.051 -0.036 -0.020 -0.024 -0.064 -0.003 -0.014 -0.024 -0.018 -0.023 -0.015 -0.033 -0.024 -0.054 -0.021 -0.016 -0.028 -0.018 -0.054 -0.026 -0.047 -0.025 -0.020 -0.029 -0.056 -0.017 -0.030 -0.031 -0.030 
-0.029 -0.031 -0.055 -0.101 -0.010 -0.025 -0.036 -0.031 -0.037 0.007 -0.058 -0.031 -0.036 -0.031 -0.024 -0.025 -0.018 -0.057 -0.020 -0.029 -0.031 -0.061 -0.032 -0.026 -0.037 -0.028 -0.024 -0.035 -0.020 -0.026 -0.055 -0.046 -0.027 -0.015 -0.021 -0.032 -0.061 -0.037 -0.023 -0.028 -0.039 -0.032 -0.036 -0.036 -0.056 -0.064 -0.030 -0.038 -0.027 -0.032 -0.068 -0.034 -0.063 -0.034 -0.031 -0.037 -0.031 -0.034 -0.024 -0.035 
-0.040 -0.027 -0.072 -0.033 -0.030 -0.045 -0.036 -0.040 -0.036 -0.068 -0.075 -0.035 -0.040 -0.033 -0.029 -0.040 -0.034 -0.031 -0.023 -0.034 -0.034 -0.030 -0.036 -0.029 -0.038 -0.034 -0.023 -0.043 -0.034 -0.075 -0.035 -0.036 -0.065 -0.035 -0.033 -0.037 -0.035 -0.040 -0.034 -0.047 -0.030 -0.036 -0.044 -0.040 -0.047 -0.037 -0.036 -0.035 -0.036 -0.037 -0.042 -0.039 -0.045 -0.068 -0.046 -0.069 -0.039 -0.046 -0.034 -0.040 
-0.044 -0.040 -0.044 -0.039 0.501 0.238 0.253 0.258 0.256 0.238 0.241 0.232 0.311 0.606 0.512 0.526 0.494 0.432 0.436 0.450 0.468 0.473 0.596 0.579 0.468 0.328 0.285 0.229 0.235 0.215 0.242 0.201 0.284 0.583 0.472 0.497 0.504 0.474 0.489 0.450 0.500 0.456 0.655 0.601 -0.049 -0.046 -0.048 -0.044 -0.043 -0.046 -0.042 -0.082 -0.044 -0.043 -0.044 -0.048 -0.068 -0.042 -0.048 -0.038 
-0.041 -0.049 -0.041 -0.041 -0.046 -0.033 -0.049 -0.042 -0.047 -0.043 -0.043 -0.044 -0.041 -0.079 -0.039 -0.044 -0.077 -0.070 -0.079 -0.076 -0.074 -0.050 -0.043 -0.050 -0.028 -0.041 -0.050 -0.042 -0.049 -0.045 -0.051 -0.046 -0.044 -0.047 -0.042 -0.062 -0.066 -0.045 0.245 0.436 0.295 0.066 -0.041 -0.046 -0.077 -0.052 -0.042 -0.042 -0.049 -0.073 -0.075 -0.045 -0.043 -0.047 -0.040 -0.077 -0.057 -0.045 -0.049 -0.044 
-0.051 -0.074 -0.051 -0.080 -0.077 -0.079 -0.052 -0.085 -0.053 -0.085 -0.083 -0.086 -0.051 -0.053 -0.055 -0.054 -0.050 -0.052 -0.082 -0.041 -0.049 -0.050 -0.074 -0.050 -0.086 -0.053 -0.084 -0.085 -0.085 -0.086 -0.052 -0.048 -0.085 -0.052 -0.054 -0.087 -0.054 -0.085 -0.085 -0.080 -0.085 -0.080 -0.053 -0.052 -0.050 -0.054 -0.046 -0.045 -0.072 -0.074 -0.042 -0.040 -0.073 -0.048 -0.077 -0.047 -0.085 -0.047 -0.084 -0.080 
-0.053 -0.071 -0.049 -0.070 -0.049 -0.077 -0.085 -0.045 -0.083 -0.045 -0.050 -0.075 -0.081 -0.081 -0.047 -0.084 -0.066 -0.084 -0.040 -0.051 -0.074 -0.045 -0.076 -0.070 -0.072 -0.081 -0.074 -0.052 -0.040 -0.081 -0.048 -0.059 -0.045 -0.081 -0.077 -0.077 -0.076 -0.050 -0.052 -0.043 -0.081 -0.076 -0.082 -0.077 -0.078 -0.041 -0.030 -0.041 -0.078 -0.034 -0.066 -0.030 -0.039 -0.030 -0.041 -0.073 -0.067 -0.047 -0.041 -0.034 
-0.038 -0.023 -0.033 -0.028 -0.030 -0.057 -0.043 -0.037 -0.036 -0.045 -0.021 -0.030 -0.032 -0.068 -0.029 -0.024 0.000 -0.049 -0.054 -0.011 -0.002 -0.065 -0.021 -0.030 -0.032 -0.036 -0.040 -0.047 -0.033 -0.061 -0.046 -0.009 -0.031 -0.021 -0.029 -0.036 -0.028 -0.077 -0.064 -0.045 -0.031 -0.046 -0.041 -0.025 -0.042 -0.036 -0.029 -0.031 -0.028 -0.040 -0.035 -0.044 -0.009 -0.073 -0.031 -0.035 -0.035 -0.029 -0.066 -0.037 
-0.038 -0.055 -0.016 -0.019 -0.012 -0.024 -0.052 -0.026 -0.030 -0.025 -0.027 -0.013 -0.055 -0.021 -0.018 -0.019 -0.031 -0.049 -0.024 -0.013 -0.029 -0.018 -0.018 -0.052 -0.015 -0.028 -0.018 -0.025 -0.039 -0.032 -0.066 -0.006 -0.029 -0.014 -0.053 -0.024 -0.065 -0.026 -0.023 -0.024 -0.015 -0.044 -0.065 -0.026 -0.042 -0.028 -0.013 -0.036 -0.040 -0.036 -0.070 -0.026 -0.033 -0.027 -0.039 -0.014 -0.046 -0.065 -0.047 -0.068 
-0.039 -0.020 -0.014 -0.032 -0.055 -0.022 -0.036 -0.018 -0.060 -0.027 -0.007 -0.025 -0.060 -0.027 -0.025 -0.068 -0.045 -0.019 -0.062 -0.030 -0.029 -0.031 -0.029 -0.025 -0.056 -0.026 -0.021 -0.042 -0.052 -0.063 -0.029 -0.027 -0.067 -0.063 -0.038 -0.026 -0.033 -0.041 -0.029 -0.070 -0.028 -0.036 -0.062 -0.032 -0.042 -0.060 -0.030 -0.026 -0.033 -0.025 -0.029 -0.063 -0.043 -0.027 -0.046 -0.055 -0.031 -0.015 -0.053 -0.039 
-0.028 -0.033 -0.024 -0.061 -0.019 -0.021 -0.056 -0.074 -0.016 -0.028 -0.043 -0.042 -0.057 -0.030 -0.019 -0.065 -0.018 -0.063 -0.034 -0.025 -0.034 -0.049 -0.028 -0.030 -0.025 -0.064 -0.064 -0.030 -0.027 -0.042 -0.067 0.164 0.065 0.012 0.030 0.048 0.004 0.057 0.055 0.046 -0.012 0.048 0.018 0.026 0.017 0.028 0.079 0.042 0.034 -0.001 0.032 0.018 0.080 0.065 0.033 0.055 0.049 0.004 0.036 0.040 
0.012 0.046 0.012 0.037 0.031 0.067 0.029 0.030 0.019 0.060 0.018 0.015 0.071 0.010 0.038 0.037 0.045 0.048 0.016 0.009 0.012 0.044 0.030 0.017 0.066 0.019 0.018 -0.030 0.032 0.057 0.037 0.069 0.041 0.020 0.028 0.043 0.039 0.046 0.031 0.004 0.011 0.059 0.031 0.053 0.030 0.014 0.057 0.002 0.020 0.000 0.024 0.034 0.053 0.039 0.033 0.034 0.016 0.055 0.040 0.025 
-0.012 0.056 0.047 0.025 0.048 0.023 0.024 0.008 0.033 0.014 0.058 0.025 -0.001 -0.015 0.010 0.043 0.060 0.054 0.020 0.029 -0.021 0.035 0.049 0.042 0.010 -0.002 0.041 0.018 0.000 0.014 0.021 0.016 0.027 0.042 0.042 0.012 0.007 0.042 0.059 0.026 0.037 -0.012 0.053 0.036 0.035 0.021 0.057 0.033 0.017 0.003 0.048 0.059 0.075 0.053 0.018 0.015 0.034 0.058 0.037 0.025 
