0.229 0.183 0.174 0.179 0.128 0.133 0.127 0.138 0.112 0.105 0.113 0.078 0.085 0.072 0.102 0.094 0.099 0.082 0.100 0.059 0.093 0.075 0.076 0.088 0.231 0.684 0.581 0.100 0.099 0.067 0.063 0.090 0.090 0.095 0.101 0.093 0.097 0.093 0.087 0.090 0.107 0.068 0.089 0.088 0.088 0.092 0.094 0.090 0.101 0.097 0.092 0.088 0.086 0.088 0.090 0.091 0.071 0.130 0.095 0.067 
0.058 0.059 0.068 0.065 0.082 0.094 0.097 0.109 0.068 0.126 0.112 0.119 0.074 0.096 0.132 0.106 0.071 0.100 0.062 0.074 0.056 0.096 0.095 0.100 0.090 0.118 0.099 0.070 0.081 0.075 0.077 0.079 0.109 0.096 0.113 0.079 0.077 0.085 0.064 0.105 0.108 0.102 0.152 0.091 0.078 0.106 0.087 0.071 0.071 0.113 0.108 0.098 0.120 0.076 0.078 0.115 0.077 0.119 0.073 0.080 
0.083 0.074 0.114 0.125 0.141 0.100 0.100 0.095 0.130 0.101 0.138 0.086 0.120 0.135 0.126 0.116 0.127 0.128 0.094 0.126 0.091 0.098 0.152 0.116 0.139 0.155 0.135 0.163 0.115 0.117 0.141 0.160 0.124 0.165 0.215 0.178 0.128 0.155 0.159 0.199 0.171 0.178 0.170 0.149 0.138 0.136 0.168 0.146 0.177 0.150 0.177 0.149 0.153 0.162 0.163 0.140 0.144 0.152 0.137 0.140 
0.160 0.156 0.183 0.130 0.181 0.167 0.157 0.170 0.161 0.185 0.172 0.188 0.155 0.156 0.161 0.128 0.183 0.165 0.140 0.193 0.182 0.183 0.181 0.201 0.211 0.172 0.171 0.185 0.173 0.170 0.167 0.164 0.129 0.197 0.238 0.216 0.202 0.151 0.204 0.174 0.197 0.180 0.173 0.211 0.178 0.176 0.195 0.180 0.167 0.206 0.198 0.192 0.158 0.180 0.178 0.186 0.193 0.159 0.179 0.176 
0.183 0.173 0.150 0.198 0.167 0.197 0.165 0.142 0.213 0.277 0.220 0.189 0.190 0.185 0.169 0.180 0.176 0.210 0.170 0.178 0.176 0.259 0.162 0.154 0.191 0.169 0.152 0.173 0.185 0.163 0.181 0.193 0.147 0.189 0.207 0.244 0.225 0.141 0.152 0.180 0.233 0.167 0.150 0.188 0.172 0.180 0.185 0.177 0.144 0.164 0.220 0.150 0.145 0.179 0.205 0.186 0.206 0.160 0.139 0.167 
0.183 0.209 0.165 0.171 0.170 0.202 0.130 0.202 0.195 0.179 0.193 0.183 0.146 0.168 0.171 0.192 0.165 0.169 0.196 0.183 0.199 0.164 0.170 0.137 0.196 0.182 0.218 0.201 0.182 0.196 0.186 0.184 0.190 0.209 0.181 0.193 0.149 0.179 0.185 0.237 0.171 0.181 0.162 0.174 0.144 0.195 0.167 0.206 0.145 0.223 0.161 0.151 0.200 0.180 0.171 0.161 0.200 0.172 0.140 0.181 
0.185 0.189 0.168 0.182 0.213 0.183 0.176 0.184 0.152 0.148 0.226 0.136 0.177 0.187 0.150 0.179 0.189 0.162 0.201 0.179 0.175 0.137 0.193 0.185 0.184 0.198 0.170 0.174 0.199 0.182 0.162 0.192 0.176 0.152 0.195 0.193 0.125 0.162 0.169 0.210 0.188 0.215 0.138 0.154 0.163 0.157 0.193 0.163 0.193 0.200 0.215 0.148 0.166 0.191 0.190 0.174 0.157 0.159 0.194 0.163 
0.162 0.157 0.214 0.187 0.216 0.220 0.176 0.186 0.191 0.187 0.213 0.156 0.145 0.167 0.164 0.178 0.194 0.147 0.193 0.192 0.193 0.164 0.173 0.175 0.146 0.202 0.194 0.196 0.158 0.154 0.141 0.171 0.174 0.192 0.186 0.189 0.200 0.197 0.194 0.158 0.201 0.197 0.207 0.200 0.185 0.183 0.163 0.165 0.152 0.200 0.197 0.157 0.152 0.151 0.167 0.186 0.172 0.218 0.153 0.154 
0.165 0.166 0.170 0.194 0.166 0.194 0.195 0.175 0.160 0.164 0.187 0.173 0.186 0.176 0.171 0.166 0.184 0.178 0.132 0.197 0.199 0.159 0.169 0.163 0.166 0.159 0.166 0.145 0.171 0.155 0.180 0.169 0.160 0.199 0.182 0.163 0.166 0.200 0.184 0.175 0.153 0.221 0.185 0.139 0.165 0.189 0.185 0.156 0.188 0.185 0.189 0.167 0.170 0.168 0.184 0.156 0.137 0.170 0.171 0.167 
0.157 0.142 0.195 0.187 0.191 0.151 0.171 0.124 0.164 0.184 0.212 0.139 0.165 0.155 0.173 0.158 0.178 0.183 0.119 0.213 0.163 0.163 0.131 0.144 0.174 0.175 0.181 0.195 0.171 0.141 0.196 0.202 0.205 0.170 0.177 0.145 0.213 0.159 0.192 0.192 0.171 0.202 0.191 0.184 0.152 0.180 0.170 0.213 0.174 0.181 0.175 0.177 0.190 0.174 0.194 0.135 0.226 0.145 0.154 0.201 
0.180 0.185 0.178 0.183 0.167 0.165 0.178 0.184 0.151 0.184 0.175 0.199 0.142 0.166 0.157 0.168 0.160 0.159 0.128 0.200 0.208 0.188 0.189 0.195 0.162 0.176 0.192 0.205 0.146 0.186 0.176 0.136 0.197 0.214 0.173 0.192 0.169 0.125 0.178 0.169 0.167 0.200 0.182 0.170 0.155 0.168 0.183 0.176 0.175 0.173 0.191 0.121 0.115 0.177 0.168 0.195 0.156 0.203 0.173 0.144 
0.140 0.191 0.178 0.188 0.168 0.208 0.205 0.197 0.195 0.190 0.216 0.171 0.136 0.130 0.172 0.165 0.163 0.177 0.141 0.208 0.174 0.162 0.184 0.150 0.141 0.145 0.185 0.144 0.170 0.174 0.216 0.159 0.174 0.144 0.193 0.172 0.195 0.139 0.167 0.188 0.189 0.160 0.130 0.144 0.191 0.178 0.198 0.180 0.150 0.165 0.221 0.191 0.161 0.194 0.173 0.183 0.192 0.186 0.128 0.155 
0.196 0.159 0.144 0.163 0.187 0.198 0.172 0.152 0.179 0.166 0.158 0.212 0.187 0.176 0.151 0.167 0.235 0.215 0.186 0.191 0.145 0.192 0.177 0.211 0.150 0.176 0.198 0.169 0.166 0.154 0.193 0.208 0.190 0.170 0.201 0.180 0.199 0.186 0.153 0.199 0.198 0.182 0.141 0.154 0.168 0.174 0.175 0.174 0.186 0.197 0.156 0.164 0.161 0.185 0.179 0.231 0.146 0.195 0.186 0.135 
0.192 0.193 0.177 0.200 0.174 0.200 0.183 0.158 0.185 0.176 0.179 0.209 0.215 0.188 0.155 0.139 0.197 0.167 0.195 0.206 0.185 0.178 0.160 0.172 0.184 0.182 0.195 0.146 0.152 0.206 0.170 0.157 0.165 0.153 0.189 0.173 0.217 0.180 0.179 0.186 0.196 0.145 0.204 0.186 0.147 0.164 0.170 0.148 0.197 0.203 0.222 0.226 0.175 0.154 0.179 0.174 0.184 0.154 0.169 0.169 
0.213 0.208 0.178 0.163 0.185 0.194 0.165 0.194 0.180 0.149 0.145 0.170 0.193 0.169 0.188 0.192 0.181 0.189 0.177 0.179 0.203 0.197 0.207 0.184 0.173 0.170 0.213 0.148 0.188 0.218 0.186 0.191 0.172 0.197 0.182 0.172 0.184 0.165 0.211 0.191 0.169 0.215 0.171 0.198 0.177 0.156 0.185 0.214 0.160 0.200 0.181 0.193 0.163 0.201 0.224 0.192 0.188 0.169 0.165 0.162 
0.183 0.189 0.225 0.186 0.178 0.200 0.208 0.215 0.166 0.156 0.171 0.169 0.223 0.155 0.150 0.141 0.167 0.190 0.171 0.163 0.200 0.200 0.168 0.174 0.156 0.199 0.185 0.163 0.174 0.224 0.142 0.205 0.166 0.187 0.184 0.183 0.180 0.168 0.194 0.187 0.141 0.169 0.179 0.203 0.178 0.174 0.162 0.175 0.173 0.200 0.230 0.173 0.173 0.162 0.178 0.186 0.177 0.167 0.212 0.198 
0.198 0.180 0.161 0.171 0.184 0.280 0.247 0.187 0.166 0.208 0.178 0.190 0.169 0.164 0.149 0.173 0.192 0.208 0.219 0.207 0.217 0.185 0.214 0.251 0.181 0.168 0.207 0.199 0.166 0.171 0.175 0.171 0.209 0.157 0.198 0.203 0.202 0.205 0.141 0.164 0.197 0.167 0.180 0.151 0.173 0.185 0.140 0.157 0.170 0.141 0.186 0.165 0.135 0.172 0.178 0.159 0.164 0.130 0.162 0.171 
0.162 0.163 0.133 0.189 0.259 0.295 0.314 0.288 0.288 0.284 0.268 0.255 0.254 0.240 0.202 0.188 0.195 0.192 0.186 0.187 0.173 0.235 0.274 0.251 0.277 0.289 0.296 0.394 0.246 0.252 0.228 0.221 0.190 0.157 0.225 0.243 0.222 0.188 0.166 0.167 0.172 0.139 0.158 0.156 0.123 0.173 0.162 0.166 0.133 0.170 0.131 0.131 0.139 0.162 0.157 0.150 0.119 0.148 0.160 0.163 
0.154 0.198 0.170 0.182 0.157 0.154 0.163 0.180 0.178 0.167 0.167 0.138 0.174 0.168 0.140 0.156 0.154 0.135 0.151 0.164 0.147 0.155 0.153 0.138 0.155 0.115 0.157 0.156 0.147 0.154 0.157 0.169 0.133 0.186 0.154 0.191 0.169 0.161 0.125 0.148 0.156 0.181 0.174 0.197 0.163 0.175 0.165 0.147 0.161 0.119 0.154 0.143 0.162 0.161 0.155 0.149 0.133 0.148 0.169 0.134 
0.133 0.156 0.155 0.192 0.168 0.194 0.118 0.163 0.148 0.201 0.138 0.173 0.153 0.146 0.137 0.144 0.172 0.153 0.125 0.153 0.163 0.152 0.153 0.154 0.147 0.138 0.140 0.133 0.124 0.178 0.152 0.156 0.148 0.173 0.166 0.179 0.166 0.119 0.151 0.148 0.225 0.159 0.129 0.154 0.114 0.132 0.169 0.119 0.144 0.152 0.171 0.142 0.139 0.143 0.151 0.135 0.137 0.159 0.161 0.162 
0.137 0.150 0.117 0.166 0.123 0.184 0.164 0.164 0.185 0.168 0.170 0.150 0.188 0.145 0.144 0.141 0.136 0.134 0.132 0.151 0.022 0.154 0.129 0.122 0.120 0.130 0.183 0.194 0.148 0.161 0.123 0.171 0.178 0.125 0.169 0.178 0.156 0.154 0.158 0.172 0.179 0.195 0.136 0.140 0.136 0.177 0.146 0.145 0.147 0.136 0.159 0.168 0.169 0.170 0.142 0.136 0.120 0.150 0.119 0.117 
0.085 0.125 0.110 0.143 0.125 0.119 0.121 0.134 0.095 0.128 0.114 0.114 0.122 0.143 0.124 0.143 0.112 0.121 0.123 0.121 0.101 0.133 0.124 0.118 0.110 0.113 0.117 0.116 0.130 0.090 0.132 0.107 0.127 0.108 0.106 0.099 0.111 0.101 0.127 0.100 0.109 0.147 0.123 0.113 0.107 0.118 0.110 0.120 0.093 0.118 0.118 0.122 0.115 0.104 0.107 0.112 0.133 0.113 0.118 0.106 
0.109 0.069 0.110 0.115 0.117 0.089 0.100 0.105 0.122 0.106 0.182 0.149 0.096 0.143 0.102 0.113 0.103 0.094 0.123 0.092 0.062 0.668 0.407 0.387 0.400 0.392 0.394 0.398 0.417 0.691 0.668 0.612 0.694 0.627 0.571 0.611 0.627 0.609 0.692 0.743 0.721 0.705 0.578 0.480 0.417 0.382 0.358 0.355 0.518 0.669 0.609 0.624 0.625 0.607 0.637 0.656 0.651 0.641 0.742 0.760 
0.237 0.094 0.120 0.089 0.099 0.082 0.093 0.109 0.093 0.096 0.094 0.105 0.060 0.084 0.086 0.087 0.093 0.098 0.087 0.094 0.085 0.065 0.097 0.085 0.093 0.093 0.069 0.094 0.066 0.106 0.123 0.123 0.062 0.055 0.065 0.055 0.094 0.098 0.093 0.112 0.092 0.112 0.104 0.106 0.082 0.090 0.151 0.619 0.478 0.320 0.089 0.090 0.095 0.125 0.108 0.059 0.105 0.064 0.091 0.058 
