0.371 0.301 0.344 0.225 0.220 0.224 0.187 0.212 0.169 0.249 0.273 0.210 0.272 0.203 0.208 0.250 0.204 0.234 0.216 0.230 0.280 0.250 0.361 0.300 0.255 0.252 0.220 0.242 0.234 0.277 0.323 0.273 0.238 0.225 0.232 0.231 0.251 0.257 0.268 0.342 0.284 0.290 0.352 0.283 0.313 0.258 0.285 0.246 0.223 0.254 0.322 0.405 0.280 0.383 0.315 0.377 0.321 0.298 0.271 0.295 
0.325 0.372 0.272 0.321 0.277 0.260 0.271 0.303 0.314 0.314 0.249 0.283 0.292 0.247 0.265 0.298 0.299 0.273 0.320 0.279 0.280 0.331 0.264 0.282 0.324 0.314 0.326 0.306 0.325 0.323 0.322 0.299 0.337 0.326 0.347 0.300 0.353 0.323 0.312 0.292 0.316 0.299 0.281 0.307 0.284 0.287 0.301 0.378 0.308 0.229 0.303 0.329 0.344 0.299 0.295 0.318 0.308 0.288 0.311 0.306 
0.320 0.337 0.280 0.254 0.292 0.302 0.295 0.289 0.248 0.351 0.334 0.244 0.318 0.299 0.333 0.247 0.297 0.305 0.285 0.276 0.324 0.306 0.344 0.342 0.310 0.313 0.326 0.254 0.333 0.324 0.302 0.321 0.332 0.297 0.349 0.296 0.332 0.283 0.300 0.329 0.296 0.260 0.328 0.308 0.288 0.278 0.287 0.242 0.298 0.252 0.278 0.345 0.325 0.373 0.285 0.338 0.316 0.328 0.291 0.311 
0.345 0.318 0.283 0.282 0.280 0.288 0.294 0.268 0.261 0.266 0.324 0.297 0.329 0.326 0.278 0.270 0.275 0.282 0.280 0.249 0.300 0.271 0.344 0.325 0.315 0.307 0.280 0.315 0.272 0.318 0.330 0.310 0.275 0.330 0.278 0.291 0.332 0.308 0.281 0.289 0.332 0.333 0.333 0.294 0.294 0.248 0.283 0.308 0.326 0.326 0.318 0.306 0.297 0.319 0.340 0.345 0.302 0.312 0.306 0.362 
0.314 0.342 0.231 0.264 0.350 0.267 0.326 0.276 0.307 0.321 0.309 0.305 0.311 0.338 0.246 0.318 0.349 0.286 0.326 0.283 0.325 0.311 0.315 0.317 0.329 0.357 0.268 0.338 0.300 0.306 0.365 0.326 0.284 0.287 0.332 0.272 0.283 0.338 0.335 0.335 0.299 0.321 0.307 0.324 0.327 0.319 0.272 0.339 0.291 0.306 0.328 0.313 0.338 0.314 0.342 0.363 0.283 0.382 0.338 0.297 
0.350 0.330 0.308 0.298 0.310 0.291 0.324 0.295 0.266 0.328 0.307 0.313 0.299 0.334 0.286 0.292 0.281 0.286 0.286 0.282 0.305 0.310 0.309 0.341 0.321 0.274 0.301 0.317 0.330 0.322 0.356 0.336 0.311 0.274 0.297 0.295 0.311 0.284 0.293 0.308 0.324 0.283 0.290 0.363 0.299 0.314 0.328 0.316 0.308 0.301 0.351 0.352 0.385 0.350 0.319 0.368 0.287 0.388 0.369 0.340 
0.323 0.371 0.297 0.270 0.297 0.321 0.306 0.322 0.314 0.360 0.354 0.321 0.370 0.332 0.311 0.278 0.326 0.305 0.257 0.292 0.326 0.317 0.335 0.291 0.274 0.296 0.295 0.313 0.296 0.301 0.292 0.314 0.291 0.243 0.332 0.294 0.321 0.332 0.296 0.331 0.279 0.289 0.338 0.345 0.325 0.325 0.361 0.330 0.308 0.278 0.315 0.303 0.300 0.286 0.302 0.333 0.292 0.314 0.319 0.336 
0.308 0.332 0.316 0.276 0.290 0.321 0.298 0.336 0.317 0.279 0.320 0.258 0.302 0.265 0.302 0.273 0.279 0.319 0.288 0.296 0.314 0.312 0.321 0.313 0.292 0.339 0.315 0.400 0.315 0.334 0.280 0.342 0.318 0.324 0.307 0.290 0.336 0.369 0.320 0.330 0.277 0.332 0.317 0.355 0.300 0.343 0.303 0.316 0.304 0.282 0.319 0.336 0.275 0.374 0.318 0.301 0.282 0.329 0.332 0.342 
0.396 0.303 0.289 0.323 0.288 0.292 0.284 0.281 0.258 0.286 0.330 0.298 0.335 0.332 0.255 0.279 0.284 0.277 0.302 0.266 0.301 0.328 0.330 0.301 0.316 0.339 0.278 0.297 0.306 0.335 0.382 0.322 0.317 0.269 0.292 0.303 0.309 0.330 0.298 0.372 0.318 0.290 0.328 0.340 0.304 0.320 0.316 0.331 0.280 0.318 0.318 0.361 0.325 0.348 0.302 0.333 0.310 0.337 0.364 0.369 
0.294 0.371 0.329 0.293 0.282 0.350 0.328 0.325 0.479 0.425 0.396 0.406 0.404 0.400 0.392 0.379 0.355 0.376 0.402 0.360 0.377 0.385 0.412 0.407 0.394 0.395 0.356 0.398 0.363 0.420 0.365 0.422 0.303 0.313 0.320 0.348 0.317 0.314 0.285 0.316 0.322 0.406 0.459 0.409 0.457 0.479 0.483 0.427 0.371 0.389 0.394 0.423 0.362 0.351 0.317 0.325 0.318 0.380 0.385 0.431 
0.417 0.443 0.416 0.431 0.427 0.418 0.390 0.340 0.357 0.359 0.386 0.318 0.373 0.364 0.308 0.312 0.341 0.317 0.273 0.272 0.307 0.289 0.310 0.298 0.320 0.332 0.249 0.317 0.285 0.330 0.333 0.348 0.267 0.259 0.309 0.308 0.285 0.345 0.261 0.301 0.303 0.309 0.355 0.310 0.311 0.301 0.298 0.338 0.329 0.296 0.332 0.307 0.346 0.328 0.321 0.300 0.344 0.325 0.308 0.353 
0.370 0.322 0.336 0.292 0.295 0.316 0.331 0.297 0.298 0.315 0.313 0.299 0.347 0.348 0.290 0.305 0.325 0.272 0.344 0.271 0.303 0.289 0.327 0.325 0.339 0.326 0.282 0.338 0.328 0.300 0.353 0.296 0.366 0.310 0.291 0.330 0.305 0.332 0.306 0.342 0.359 0.303 0.466 0.298 0.317 0.304 0.323 0.282 0.240 0.323 0.314 0.362 0.372 0.289 0.301 0.360 0.339 0.361 0.312 0.311 
0.347 0.368 0.328 0.270 0.317 0.304 0.316 0.298 0.276 0.311 0.313 0.298 0.299 0.302 0.306 0.311 0.330 0.333 0.302 0.300 0.294 0.362 0.314 0.345 0.291 0.365 0.334 0.363 0.282 0.277 0.358 0.338 0.323 0.333 0.340 0.315 0.350 0.259 0.354 0.311 0.394 0.312 0.354 0.354 0.310 0.316 0.360 0.299 0.325 0.294 0.326 0.324 0.298 0.365 0.282 0.342 0.294 0.331 0.350 0.308 
0.346 0.349 0.289 0.302 0.306 0.304 0.319 0.309 0.283 0.339 0.319 0.290 0.329 0.337 0.299 0.307 0.294 0.285 0.324 0.294 0.331 0.292 0.312 0.305 0.285 0.326 0.299 0.300 0.333 0.332 0.340 0.343 0.322 0.320 0.307 0.326 0.329 0.318 0.303 0.326 0.346 0.321 0.341 0.351 0.303 0.299 0.330 0.311 0.311 0.316 0.322 0.290 0.302 0.366 0.300 0.363 0.309 0.327 0.336 0.344 
0.352 0.361 0.280 0.302 0.261 0.265 0.324 0.291 0.347 0.316 0.342 0.333 0.349 0.322 0.299 0.378 0.338 0.360 0.283 0.377 0.362 0.304 0.307 0.398 0.351 0.375 0.331 0.330 0.405 0.365 0.403 0.305 0.367 0.343 0.334 0.304 0.303 0.379 0.330 0.364 0.296 0.341 0.348 0.293 0.296 0.370 0.445 0.323 0.329 0.327 0.295 0.334 0.300 0.333 0.315 0.297 0.310 0.263 0.311 0.286 
0.309 0.311 0.321 0.284 0.332 0.291 0.285 0.277 0.282 0.285 0.280 0.310 0.271 0.292 0.287 0.281 0.293 0.263 0.268 0.304 0.276 0.312 0.272 0.358 0.343 0.289 0.319 0.268 0.344 0.297 0.336 0.321 0.288 0.286 0.284 0.289 0.267 0.308 0.368 0.366 0.319 0.287 0.328 0.313 0.290 0.291 0.276 0.323 0.381 0.349 0.314 0.326 0.362 0.277 0.281 0.360 0.287 0.310 0.307 0.357 
0.328 0.374 0.333 0.312 0.298 0.293 0.330 0.294 0.316 0.325 0.293 0.296 0.305 0.269 0.287 0.269 0.275 0.289 0.280 0.264 0.248 0.304 0.319 0.328 0.323 0.279 0.297 0.282 0.310 0.312 0.316 0.312 0.252 0.317 0.265 0.296 0.278 0.282 0.324 0.275 0.305 0.295 0.322 0.332 0.288 0.292 0.279 0.306 0.271 0.301 0.312 0.307 0.335 0.263 0.300 0.295 0.251 0.297 0.277 0.318 
0.273 0.307 0.287 0.249 0.271 0.293 0.287 0.297 0.234 0.296 0.268 0.242 0.286 0.287 0.291 0.255 0.252 0.276 0.287 0.260 0.257 0.254 0.281 0.270 0.304 0.287 0.223 0.290 0.278 0.333 0.352 0.286 0.253 0.296 0.283 0.260 0.249 0.275 0.221 0.280 0.099 0.388 0.216 0.277 0.287 0.278 0.343 0.266 0.231 0.252 0.252 0.323 0.296 0.297 0.289 0.292 0.278 0.251 0.282 0.297 
0.271 0.310 0.220 0.282 0.260 0.292 0.310 0.332 0.279 0.241 0.280 0.288 0.292 0.266 0.251 0.277 0.224 0.316 0.276 0.236 0.266 0.264 0.283 0.293 0.269 0.255 0.262 0.269 0.296 0.270 0.272 0.245 0.245 0.272 0.247 0.238 0.255 0.236 0.281 0.245 0.291 0.231 0.231 0.260 0.265 0.294 0.295 0.256 0.334 0.267 0.263 0.239 0.323 0.244 0.278 0.265 0.310 0.289 0.275 0.251 
0.312 0.238 0.244 0.227 0.234 0.203 0.220 0.224 0.212 0.215 0.205 0.221 0.211 0.234 0.220 0.224 0.255 0.258 0.231 0.223 0.183 0.235 0.234 0.227 0.236 0.205 0.219 0.231 0.215 0.245 0.224 0.237 0.219 0.224 0.213 0.201 0.215 0.207 0.208 0.207 0.193 0.748 0.491 0.507 0.545 0.501 0.515 0.512 0.515 0.526 0.749 0.714 0.677 0.725 0.696 0.675 0.695 0.657 0.700 0.711 
0.655 0.668 0.687 0.719 0.724 0.714 0.574 0.430 0.484 0.482 0.475 0.475 0.473 0.559 0.578 0.666 0.725 0.667 0.694 0.696 0.671 0.680 0.706 0.712 0.676 0.664 0.667 0.656 0.712 0.714 0.731 0.634 0.238 0.283 0.521 0.464 0.518 0.503 0.562 0.588 0.634 0.642 0.651 0.642 0.883 1.011 0.723 0.891 0.230 0.646 0.771 0.931 0.856 0.978 0.977 1.054 0.923 1.051 1.085 1.080 
1.019 1.034 1.023 1.002 0.964 0.958 0.833 0.825 0.862 0.796 0.823 0.648 0.650 0.457 0.680 0.745 0.815 0.708 0.475 0.850 0.891 0.911 0.724 0.624 0.538 0.752 0.707 0.643 0.794 0.771 0.590 0.772 0.858 0.211 0.242 0.208 0.216 0.569 0.744 0.711 0.736 0.739 0.693 0.735 0.729 0.615 0.206 0.203 0.193 0.349 0.709 0.744 0.744 0.750 0.766 0.757 0.743 0.750 0.739 0.770 
0.769 0.740 0.747 0.746 0.756 0.733 0.739 0.746 0.750 0.766 0.751 0.745 0.745 0.750 0.751 0.751 0.475 0.213 0.206 0.356 0.733 0.718 0.716 0.737 0.736 0.728 0.736 0.730 0.746 0.741 0.751 0.733 0.739 0.728 0.740 0.722 0.732 0.722 0.736 0.734 0.747 0.736 0.724 0.728 0.751 0.736 0.739 0.730 0.729 0.748 0.743 0.726 0.749 0.745 0.746 0.756 0.738 0.755 0.739 0.773 
0.733 0.753 0.742 0.748 0.745 0.746 0.719 0.753 0.735 0.727 0.760 0.762 0.733 0.742 0.740 0.746 0.750 0.742 0.730 0.757 0.734 0.732 0.740 0.746 0.747 0.746 0.743 0.732 0.223 0.236 0.225 0.233 0.222 0.206 0.225 0.212 0.229 0.240 0.221 0.224 0.205 0.246 0.221 0.240 0.231 0.202 0.231 0.223 0.235 0.233 0.225 0.222 0.259 0.220 0.268 0.205 0.219 0.243 0.208 0.279 
