-0.040 0.005 0.007 -0.006 0.014 0.003 0.018 -0.035 0.010 0.003 0.003 0.027 -0.012 -0.014 -0.042 -0.005 0.012 0.000 -0.006 -0.002 -0.005 -0.008 -0.046 0.004 -0.001 0.010 0.003 -0.002 -0.027 -0.003 0.004 0.003 -0.020 -0.009 0.007 0.011 -0.001 -0.002 -0.040 -0.006 -0.002 0.015 -0.017 0.018 -0.011 0.003 -0.012 0.003 -0.020 0.014 -0.006 -0.018 -0.023 -0.020 -0.049 -0.006 -0.006 -0.006 -0.006 0.008 
0.000 0.005 0.004 -0.040 0.009 0.018 -0.011 -0.003 -0.014 0.013 -0.006 0.004 -0.028 -0.033 0.011 0.013 -0.021 -0.004 -0.015 -0.004 -0.014 -0.007 -0.010 -0.014 -0.006 -0.036 -0.006 0.002 0.009 -0.006 -0.014 0.025 -0.021 -0.036 0.022 0.005 -0.002 -0.012 -0.006 -0.006 -0.033 0.018 0.001 -0.004 0.006 0.003 -0.038 0.006 -0.002 0.018 0.000 -0.000 -0.014 -0.027 -0.032 -0.005 0.008 0.002 -0.003 -0.002 
-0.001 0.008 -0.033 0.007 -0.003 0.004 -0.006 -0.000 -0.004 0.004 -0.033 0.002 -0.025 -0.010 -0.005 0.004 0.020 0.011 0.047 0.040 -0.030 -0.007 -0.005 0.005 -0.016 -0.004 0.000 -0.034 0.003 0.001 -0.002 0.007 0.007 -0.014 0.005 -0.029 0.007 0.008 -0.004 0.001 0.006 -0.037 -0.006 -0.008 -0.004 -0.034 -0.005 0.007 -0.008 -0.001 -0.001 -0.010 -0.023 -0.038 -0.003 0.020 0.008 -0.026 -0.005 -0.013 
-0.005 0.000 -0.000 0.001 0.009 -0.032 0.005 0.006 -0.006 -0.032 -0.004 -0.004 -0.031 -0.010 -0.011 -0.039 -0.011 -0.010 -0.013 -0.009 -0.017 -0.038 -0.015 0.001 -0.005 -0.006 -0.003 -0.011 -0.038 -0.027 -0.031 0.001 -0.025 0.008 -0.001 0.005 0.003 -0.038 0.006 -0.006 -0.001 0.008 -0.007 -0.004 -0.004 -0.005 0.007 0.002 0.006 -0.039 -0.035 -0.014 0.000 0.001 -0.015 -0.042 -0.008 -0.040 0.001 -0.007 
-0.003 -0.006 -0.002 -0.026 0.001 -0.003 -0.012 -0.001 -0.012 -0.011 -0.020 0.011 -0.003 -0.035 -0.004 -0.007 -0.038 -0.038 -0.037 -0.003 -0.014 -0.047 -0.008 -0.009 -0.005 0.003 0.000 -0.025 -0.006 -0.002 -0.007 0.003 0.002 -0.015 0.012 -0.004 0.002 -0.018 -0.000 0.009 -0.011 -0.019 -0.018 -0.008 -0.002 0.017 0.004 -0.025 -0.027 -0.013 -0.004 -0.011 -0.043 -0.012 -0.014 -0.009 -0.004 0.161 0.001 -0.009 
-0.008 -0.000 -0.034 -0.007 -0.004 0.003 -0.035 -0.031 -0.007 -0.005 -0.010 -0.024 0.004 -0.002 -0.031 -0.007 -0.005 -0.009 -0.000 -0.035 -0.044 -0.002 -0.015 -0.024 -0.040 -0.009 -0.009 -0.012 -0.006 -0.008 -0.019 -0.005 -0.007 0.004 -0.037 -0.003 -0.012 -0.002 -0.006 -0.010 -0.008 -0.005 -0.013 -0.044 -0.021 -0.034 -0.014 -0.012 -0.016 -0.010 -0.051 -0.032 -0.004 -0.013 -0.018 -0.016 -0.007 -0.012 -0.014 -0.007 
-0.019 -0.001 0.005 0.006 -0.026 -0.042 -0.004 0.007 -0.000 -0.036 -0.029 -0.025 0.020 -0.008 -0.008 -0.009 -0.011 -0.014 -0.002 -0.021 -0.021 -0.017 -0.019 -0.017 -0.047 -0.019 -0.044 -0.053 -0.006 -0.015 -0.013 0.007 -0.007 -0.002 -0.012 0.005 -0.037 -0.018 0.002 -0.014 -0.038 -0.039 -0.042 -0.006 -0.017 -0.013 -0.018 -0.012 -0.014 -0.022 -0.013 -0.019 0.009 -0.034 -0.010 -0.014 -0.015 -0.012 -0.009 -0.001 
-0.000 -0.047 -0.012 -0.031 0.004 -0.005 0.005 -0.008 -0.011 -0.040 -0.043 -0.020 -0.037 -0.014 -0.009 -0.013 -0.008 -0.048 -0.009 -0.019 -0.044 -0.009 -0.022 -0.003 -0.015 -0.024 -0.015 -0.021 -0.040 -0.009 -0.022 0.004 -0.015 -0.009 -0.013 -0.005 -0.004 -0.021 -0.012 -0.006 -0.040 -0.030 -0.009 -0.034 -0.000 -0.007 -0.004 -0.014 -0.013 -0.035 -0.088 -0.013 -0.045 -0.022 -0.014 -0.009 0.025 -0.014 -0.007 -0.020 
-0.033 -0.015 0.002 -0.011 -0.008 -0.021 -0.014 -0.013 -0.046 -0.012 -0.016 -0.006 -0.011 -0.012 -0.020 -0.013 -0.042 -0.022 -0.003 -0.015 -0.016 -0.041 -0.013 -0.013 -0.042 -0.009 -0.017 -0.019 -0.024 -0.021 -0.018 -0.011 -0.019 -0.015 -0.056 -0.046 -0.011 -0.021 -0.020 -0.019 -0.020 -0.038 -0.030 -0.007 -0.009 -0.017 -0.022 -0.029 -0.046 -0.024 -0.015 -0.005 -0.021 -0.023 -0.024 -0.021 -0.016 -0.026 -0.016 -0.022 
-0.018 -0.017 -0.024 -0.036 -0.038 -0.051 -0.050 -0.024 -0.014 -0.018 -0.016 -0.018 -0.026 -0.024 -0.060 -0.023 -0.020 -0.025 -0.015 -0.014 -0.012 -0.020 -0.016 -0.038 -0.039 -0.049 -0.021 -0.027 -0.022 -0.029 -0.022 -0.023 -0.021 -0.023 -0.030 -0.022 -0.057 -0.030 -0.021 -0.028 -0.027 -0.023 -0.023 -0.021 -0.036 -0.048 -0.023 -0.032 -0.027 -0.032 -0.031 0.503 0.253 0.254 0.223 0.244 0.227 0.466 0.560 0.609 
0.513 0.508 0.541 0.500 0.517 0.486 0.675 0.609 0.459 0.343 0.271 0.201 0.215 0.510 0.550 0.527 0.544 0.531 0.514 0.517 0.511 0.513 0.579 0.078 -0.028 -0.025 -0.055 -0.035 -0.024 -0.025 -0.026 -0.035 -0.026 -0.031 -0.026 -0.026 -0.063 -0.027 -0.031 -0.029 -0.026 -0.033 -0.026 -0.034 -0.023 -0.026 -0.033 -0.023 -0.032 -0.050 -0.021 -0.027 -0.024 -0.064 -0.026 -0.024 -0.063 -0.021 -0.032 -0.027 
-0.057 -0.061 -0.059 -0.028 -0.022 -0.059 -0.064 -0.056 -0.029 -0.013 -0.024 -0.019 0.025 0.524 0.362 0.156 -0.029 -0.028 -0.032 -0.017 -0.019 -0.022 -0.023 -0.033 -0.023 -0.028 -0.024 -0.058 -0.032 -0.026 -0.030 -0.026 -0.024 -0.032 -0.026 -0.032 -0.024 -0.055 -0.030 -0.026 -0.064 -0.029 -0.026 -0.064 -0.026 -0.032 -0.030 -0.056 -0.029 -0.059 0.040 0.019 0.051 0.031 0.027 0.106 0.070 0.050 0.023 0.028 
0.046 0.045 0.097 0.058 0.069 0.046 0.053 0.035 0.070 0.038 0.061 0.061 0.032 0.007 0.026 0.044 0.013 0.044 0.056 0.042 0.043 0.022 0.033 0.038 0.011 0.045 0.010 0.058 0.040 0.056 0.026 0.053 0.060 0.052 0.095 0.053 0.033 0.018 0.048 0.047 0.044 0.067 0.051 0.039 0.047 0.032 0.048 0.029 0.042 0.064 0.033 0.059 0.045 0.024 -0.002 0.039 0.060 0.044 0.039 0.033 
0.080 0.063 0.045 0.049 0.033 0.059 0.054 0.046 0.063 0.037 0.077 0.040 0.020 0.063 0.048 0.049 0.007 0.048 0.039 0.031 0.047 0.032 0.022 0.027 0.006 0.019 0.022 0.010 0.026 0.058 0.050 0.059 0.047 0.051 0.034 0.001 0.041 0.023 0.052 0.039 0.055 0.023 0.034 0.007 0.021 0.041 0.032 0.020 0.027 -0.091 0.086 0.027 0.002 0.006 0.031 0.057 0.041 0.034 0.016 0.017 
0.044 0.023 0.030 0.023 0.032 0.001 0.029 0.034 0.026 0.028 0.030 0.038 0.019 0.004 0.019 0.017 0.015 0.031 0.028 0.010 0.015 0.031 0.004 -0.022 0.013 0.001 -0.000 -0.001 -0.002 0.018 0.009 0.015 0.010 -0.000 -0.004 0.008 0.019 0.007 -0.001 0.003 -0.013 0.002 -0.000 -0.011 0.009 -0.024 0.008 0.017 0.005 0.008 -0.019 0.003 -0.001 -0.008 -0.001 -0.007 0.001 -0.009 -0.015 0.000 
-0.008 -0.005 -0.004 -0.004 0.012 0.001 -0.006 -0.011 -0.030 -0.008 -0.050 -0.011 -0.023 -0.006 -0.016 -0.007 -0.010 -0.004 0.003 -0.011 -0.009 -0.013 -0.004 0.017 -0.008 0.012 0.028 0.016 0.016 -0.019 -0.037 -0.021 -0.013 -0.011 -0.013 -0.011 -0.008 -0.020 -0.015 -0.011 -0.012 -0.002 -0.009 -0.010 -0.001 0.012 -0.000 0.007 0.019 0.027 0.506 0.286 0.270 0.293 0.308 0.375 0.491 0.512 0.552 0.527 
0.531 0.512 0.526 0.536 0.474 0.533 0.622 0.653 0.559 0.459 0.314 0.260 0.428 0.575 0.499 0.554 0.573 0.498 0.515 0.515 0.549 0.472 0.570 0.649 0.413 -0.011 -0.009 0.010 -0.038 -0.015 -0.037 -0.012 -0.012 -0.009 -0.018 -0.012 -0.004 -0.011 -0.007 -0.016 -0.008 -0.011 -0.013 -0.020 -0.023 -0.011 -0.027 -0.017 -0.022 -0.027 -0.019 -0.025 -0.018 -0.026 -0.042 -0.017 -0.016 -0.011 -0.021 -0.019 
-0.019 -0.020 -0.018 -0.014 -0.015 -0.018 -0.025 -0.015 -0.045 -0.014 -0.005 -0.027 0.289 0.433 0.256 0.041 -0.048 -0.024 -0.024 -0.049 -0.011 0.002 -0.015 -0.019 -0.012 -0.018 -0.019 -0.021 -0.018 -0.016 -0.029 -0.014 -0.022 -0.029 0.004 -0.019 -0.012 -0.033 -0.040 -0.013 -0.011 -0.015 -0.020 -0.016 -0.029 -0.020 -0.013 -0.014 -0.046 -0.022 -0.014 -0.022 -0.019 -0.024 -0.024 -0.019 -0.023 -0.056 -0.058 -0.021 
-0.016 -0.018 -0.009 -0.020 -0.022 -0.023 -0.020 -0.017 -0.023 -0.027 -0.053 -0.010 -0.053 -0.057 -0.022 -0.056 -0.054 -0.014 -0.048 -0.053 -0.021 -0.025 -0.026 -0.056 -0.024 -0.051 -0.054 -0.020 -0.041 -0.048 -0.045 -0.031 -0.036 -0.029 -0.015 -0.016 -0.056 -0.006 -0.055 -0.014 -0.049 -0.021 -0.027 -0.021 -0.023 -0.023 -0.027 -0.050 -0.059 -0.047 -0.045 -0.046 -0.011 -0.006 -0.003 -0.041 -0.042 -0.043 -0.045 -0.016 
-0.006 -0.022 -0.019 -0.021 -0.043 -0.055 -0.014 -0.021 -0.034 -0.023 -0.041 -0.046 -0.030 -0.014 -0.037 -0.028 -0.028 -0.021 -0.006 -0.035 -0.012 -0.032 -0.049 -0.001 -0.034 0.008 -0.028 0.010 -0.034 -0.031 -0.027 0.012 -0.024 -0.019 0.018 -0.024 0.005 -0.016 0.002 0.056 -0.017 0.043 -0.029 -0.025 -0.022 -0.011 0.018 0.039 0.023 0.015 0.042 0.032 0.035 0.027 0.056 0.043 0.006 0.057 0.041 0.042 
0.073 0.019 0.060 0.075 0.060 0.058 0.020 0.055 0.044 0.070 0.033 0.044 0.025 0.037 0.047 0.063 0.048 0.068 0.057 0.051 0.020 0.024 0.025 0.036 0.019 0.036 0.044 0.025 0.038 0.054 0.057 0.060 0.060 0.068 0.047 0.052 0.061 0.075 0.083 0.060 0.017 0.022 0.039 0.042 0.067 0.035 0.061 0.076 0.052 0.051 0.072 0.046 0.085 0.060 0.083 0.070 0.052 0.035 0.046 0.032 
0.064 0.056 0.085 0.052 0.061 0.049 0.054 0.081 0.091 0.045 0.050 0.061 0.081 0.058 0.052 0.060 0.065 0.066 0.068 0.047 0.024 0.058 0.059 0.081 0.032 0.068 0.068 0.041 0.059 0.013 0.074 0.038 0.074 0.074 0.060 0.036 0.020 0.061 0.083 0.044 0.072 0.053 0.071 0.059 0.036 0.068 0.068 0.061 0.085 0.041 0.066 0.051 0.055 0.055 0.022 0.038 0.095 0.090 0.058 0.064 
0.062 0.096 0.091 0.072 0.055 0.086 0.077 0.079 0.092 0.065 0.046 0.046 0.032 0.048 0.050 0.074 0.043 0.071 0.091 0.048 0.024 0.066 0.077 0.079 0.062 0.049 0.071 0.094 0.069 0.028 0.045 0.075 0.073 0.077 0.050 0.033 0.065 0.065 0.090 0.061 0.025 0.063 0.061 0.075 0.047 0.089 0.068 0.057 0.072 0.079 0.072 0.097 0.074 0.032 0.040 0.055 0.085 0.078 0.063 0.086 
0.075 0.069 0.073 0.072 0.090 0.045 0.048 0.043 0.112 0.077 0.103 0.089 0.053 0.054 0.041 0.093 0.059 0.085 0.054 0.067 0.047 0.046 0.066 0.086 0.107 0.040 0.072 0.047 0.048 0.073 0.055 0.086 0.075 0.088 0.047 0.052 0.063 0.066 0.045 0.047 0.063 0.093 0.041 0.053 0.073 0.072 0.047 0.085 0.058 0.064 0.107 0.100 0.053 0.018 0.074 0.064 0.017 0.078 0.072 0.049 
