0.060 0.042 0.047 0.068 0.027 0.079 0.048 0.026 0.036 0.068 0.058 0.065 0.032 0.055 0.042 0.061 0.057 0.043 0.049 0.050 0.060 0.057 0.010 0.073 0.058 0.041 0.033 0.031 0.027 0.063 0.074 0.065 0.018 0.058 0.015 0.064 0.057 0.058 0.083 0.101 0.066 0.053 0.062 0.052 0.033 0.054 0.032 0.090 0.009 0.059 0.071 0.066 0.025 0.055 0.053 0.061 0.042 0.026 0.043 0.046 
0.043 0.036 0.028 0.004 0.053 0.038 0.047 0.041 0.059 0.066 0.013 0.066 0.046 0.050 0.092 0.041 0.058 0.049 0.037 0.045 0.048 0.080 0.040 0.066 0.043 0.061 0.058 0.064 0.055 0.049 0.086 0.199 0.125 0.119 0.131 0.137 0.098 0.118 0.142 0.132 0.104 0.086 0.100 0.168 0.140 0.141 0.139 0.128 0.138 0.146 0.133 0.093 0.131 0.136 0.137 0.148 0.144 0.105 0.096 0.145 
0.142 0.138 0.140 0.103 0.131 0.100 0.087 0.111 0.110 0.108 0.098 0.119 0.100 0.108 0.136 0.085 0.156 0.114 0.142 0.120 0.093 0.079 0.106 0.128 0.156 0.081 0.125 0.108 0.112 0.114 0.119 0.099 0.144 0.114 0.095 0.100 0.088 0.068 0.085 0.086 0.102 0.088 0.107 0.116 0.078 0.136 0.102 0.132 0.090 0.090 0.072 0.109 0.109 0.118 0.087 0.086 0.077 0.071 0.088 0.086 
0.083 0.093 0.069 0.084 0.082 0.074 0.083 0.087 0.113 0.117 0.090 0.067 0.106 0.141 0.085 0.123 0.255 0.096 0.105 0.090 0.088 0.058 0.101 0.148 0.097 0.105 0.099 0.099 0.074 0.086 0.083 0.070 0.102 0.125 0.073 0.111 0.114 0.095 0.061 0.109 0.110 0.062 0.113 0.112 0.088 0.073 0.114 0.104 0.130 0.079 0.086 0.111 0.114 0.097 0.097 0.127 0.119 0.140 0.079 0.140 
0.172 0.134 0.091 0.057 0.089 0.086 0.088 0.079 0.092 0.096 0.071 0.085 0.099 0.090 0.074 0.100 0.137 0.084 0.105 0.080 0.087 0.106 0.080 0.099 0.070 0.078 0.047 0.090 0.103 0.092 0.093 0.055 0.075 0.076 0.072 0.081 0.067 0.082 0.082 0.088 0.084 0.094 0.085 0.102 0.051 0.110 0.053 0.071 0.088 0.081 0.106 0.088 0.127 0.123 0.078 0.102 0.086 0.080 0.118 0.070 
0.117 0.130 0.085 0.083 0.123 0.098 0.108 0.054 0.090 0.058 0.079 0.114 0.139 0.106 0.085 0.086 0.078 0.054 0.098 0.107 0.080 0.097 0.094 0.096 0.114 0.105 0.088 0.082 0.112 0.119 0.098 0.140 0.083 0.079 0.055 0.095 0.095 0.093 0.106 0.082 0.081 0.077 0.102 0.086 0.077 0.120 0.062 0.062 0.068 0.086 0.100 0.129 0.110 0.106 0.143 0.108 0.102 0.102 0.115 0.119 
0.106 0.091 0.090 0.064 0.091 0.093 0.091 0.062 0.066 -0.041 0.073 0.076 0.073 0.079 0.095 0.075 0.077 0.076 0.075 0.094 0.086 0.092 0.112 0.090 0.085 0.073 0.093 0.069 0.077 0.060 0.097 0.089 0.086 0.064 0.073 0.085 0.077 0.076 0.049 0.086 0.081 0.082 0.079 0.083 0.071 0.060 0.067 0.057 0.042 0.044 0.038 0.067 0.059 0.067 0.064 0.057 0.046 0.053 0.070 0.051 
0.072 0.047 0.055 0.057 0.061 0.061 0.066 0.043 0.047 0.045 0.057 0.026 0.024 0.053 0.065 0.060 0.054 0.059 0.062 0.051 0.067 0.057 0.058 0.065 0.058 0.062 0.050 0.044 0.043 0.087 0.051 0.047 0.036 0.028 0.054 0.012 0.068 0.045 0.064 0.063 0.051 0.073 0.058 0.078 0.062 0.054 0.059 0.039 0.055 0.050 0.042 0.052 0.042 0.038 0.043 0.004 0.028 -0.001 0.034 0.032 
0.029 0.035 0.032 0.001 0.028 0.030 0.038 0.031 0.040 0.032 0.599 0.360 0.351 0.361 0.331 0.347 0.351 0.355 0.667 0.594 0.590 0.567 0.583 0.562 0.527 0.597 0.699 0.714 0.542 0.485 0.400 0.348 0.317 0.311 0.351 0.613 0.595 0.590 0.637 0.596 0.565 0.519 0.618 0.683 0.557 0.036 0.038 0.042 0.033 0.036 0.027 0.009 0.039 0.030 0.043 0.014 0.003 0.041 0.053 0.044 
0.038 0.040 0.063 0.049 0.023 0.039 0.042 0.038 0.035 0.046 0.041 0.035 0.053 0.036 0.002 0.008 0.023 0.015 0.043 0.042 0.001 0.012 0.046 0.040 0.039 0.005 0.056 0.030 0.043 0.010 0.026 0.008 0.067 0.144 0.162 0.154 0.164 0.116 0.121 0.118 0.325 0.464 0.353 0.230 0.056 0.133 0.151 0.146 0.162 0.118 0.116 0.120 0.068 0.070 0.064 0.075 0.050 0.044 0.052 0.016 
0.023 0.010 0.040 0.032 0.038 0.020 0.039 -0.002 0.032 0.013 0.014 0.026 0.169 0.622 0.519 0.038 0.037 0.005 0.001 0.028 0.028 0.033 0.039 0.031 0.035 0.031 0.025 0.028 0.045 0.005 0.027 0.026 0.025 0.030 0.031 0.027 0.038 0.034 0.030 0.026 0.023 0.026 0.028 0.028 0.009 0.067 0.032 0.004 -0.005 -0.004 0.006 0.003 0.020 0.031 0.034 0.047 0.006 0.063 0.049 0.057 
0.012 0.034 0.069 0.044 0.009 0.037 -0.001 0.011 -0.007 0.034 0.033 0.037 0.028 0.056 0.037 0.007 0.018 0.012 0.015 0.017 0.047 0.034 0.050 0.017 0.014 0.022 0.001 0.042 0.045 0.040 0.089 0.028 0.016 0.043 0.024 0.008 0.008 0.050 0.045 0.035 0.058 0.014 0.015 0.052 0.015 0.056 0.010 0.017 0.019 0.011 0.051 0.062 0.078 0.036 0.037 0.031 0.066 0.038 0.075 0.023 
0.057 0.072 0.063 0.053 0.064 0.065 0.031 0.063 0.027 0.035 0.088 0.052 0.076 0.092 0.072 0.100 0.052 0.054 0.077 0.096 0.060 0.101 0.152 0.114 0.064 0.091 0.095 0.135 0.107 0.114 0.107 0.085 0.075 0.073 0.105 0.082 0.113 0.087 0.113 0.085 0.090 0.099 0.100 0.076 0.080 0.088 0.073 0.076 0.096 0.093 0.119 0.066 0.117 0.104 0.093 0.106 0.098 0.122 0.108 0.124 
0.091 0.092 0.097 0.064 0.119 0.101 0.076 0.129 0.118 0.119 0.117 0.137 0.147 0.108 0.107 0.120 0.109 0.106 0.103 0.099 0.065 0.132 0.174 0.152 0.138 0.087 0.140 0.110 0.133 0.116 0.109 0.146 0.113 0.112 0.131 0.115 0.103 0.142 0.134 0.127 0.093 0.116 0.114 0.122 0.129 0.094 0.114 0.112 0.119 0.109 0.086 0.134 0.103 0.132 0.100 0.077 0.148 0.213 0.155 0.124 
0.125 0.120 0.104 0.115 0.112 0.145 0.105 0.113 0.112 0.195 0.097 0.089 0.126 0.104 0.087 0.108 0.120 0.098 0.117 0.128 0.082 0.124 0.142 0.179 0.160 0.076 0.087 0.115 0.168 0.102 0.085 0.123 0.107 0.115 0.120 0.112 0.079 0.099 0.155 0.085 0.080 0.114 0.140 0.121 0.140 0.095 0.073 0.102 0.118 0.143 0.100 0.106 0.105 0.137 0.065 0.137 0.130 0.114 0.128 0.118 
0.081 0.103 0.106 0.127 0.100 0.104 0.130 0.118 0.133 0.099 0.105 0.071 0.130 0.116 0.152 0.136 0.116 0.130 0.121 0.118 0.124 0.144 0.115 0.127 0.083 0.114 0.119 0.172 0.105 0.115 0.096 0.108 0.078 0.130 0.101 0.140 0.079 0.158 0.095 0.085 0.134 0.114 0.105 0.095 0.134 0.106 0.074 0.115 0.119 0.123 0.102 0.116 0.147 0.117 0.110 0.118 0.086 0.082 0.160 0.070 
0.111 0.121 0.084 0.113 0.123 0.096 0.135 0.113 0.109 0.070 0.127 0.119 0.118 0.132 0.104 0.108 0.133 0.115 0.096 0.126 0.110 0.086 0.129 0.127 0.059 0.096 0.103 0.143 0.122 0.149 0.072 0.088 0.097 0.091 0.127 0.096 0.126 0.133 0.149 0.082 0.100 0.125 0.124 0.108 0.090 0.092 0.128 0.096 0.096 0.090 0.148 0.120 0.149 0.154 0.109 0.119 0.125 0.120 0.146 0.089 
0.078 0.100 0.097 0.111 0.127 0.080 0.126 0.125 0.126 0.097 0.106 0.108 0.079 0.135 0.127 0.129 0.092 0.087 0.074 0.104 0.107 0.125 0.119 0.122 0.133 0.130 0.127 0.091 0.134 0.130 0.140 0.133 0.118 0.116 0.096 0.097 0.085 0.132 0.129 0.089 0.085 0.084 0.099 0.119 0.105 0.150 0.085 0.087 0.098 0.098 0.103 0.126 0.099 0.126 0.127 0.108 0.093 0.096 0.119 0.105 
0.119 0.109 0.103 0.099 0.117 0.111 0.064 0.129 0.131 0.091 0.101 0.095 0.099 0.092 0.099 0.077 0.103 0.087 0.113 0.101 0.092 0.131 0.115 0.095 0.098 0.132 0.117 0.107 0.086 0.153 0.118 0.071 0.097 0.121 0.118 0.089 0.120 0.117 0.121 0.099 0.102 0.100 0.116 0.088 0.069 0.102 0.103 0.099 0.089 0.074 0.127 0.119 0.123 0.083 0.103 0.056 0.096 0.116 0.144 0.071 
0.096 0.087 0.105 0.090 0.110 0.115 0.050 0.145 0.095 0.095 0.063 0.076 0.106 0.107 0.112 0.127 0.103 0.072 0.128 0.134 0.136 0.102 0.108 0.077 0.144 0.091 0.123 0.124 0.103 0.133 0.122 0.115 0.084 0.112 0.101 0.144 0.105 0.112 0.106 0.108 0.122 0.106 0.126 0.066 0.157 0.076 0.085 0.132 0.111 0.116 0.110 0.114 0.098 0.096 0.109 0.116 0.082 0.115 0.106 0.130 
0.073 0.097 0.088 0.100 0.092 0.090 0.059 0.131 0.139 0.119 0.120 0.126 0.093 0.107 0.123 0.136 0.077 0.117 0.107 0.067 0.128 0.145 0.104 0.123 0.100 0.056 0.108 0.100 0.098 0.131 0.113 0.101 0.086 0.098 0.114 0.107 0.106 0.104 0.122 0.051 0.046 0.107 0.098 0.126 0.086 0.133 0.104 0.075 0.070 0.121 0.108 0.119 0.098 0.139 0.135 0.128 0.126 0.120 0.146 0.101 
0.066 0.060 0.102 0.095 0.093 0.108 0.071 0.138 0.104 0.092 0.114 0.080 0.071 0.075 0.115 0.074 0.100 0.104 0.146 0.089 0.104 0.074 0.123 0.102 0.125 0.069 0.097 0.118 0.119 0.090 0.060 0.074 0.121 0.108 0.128 0.110 0.080 0.095 0.151 0.121 0.091 0.124 0.103 0.113 0.122 0.116 0.058 0.085 0.126 0.089 0.074 0.092 0.116 0.128 0.102 0.082 0.109 0.096 0.088 0.142 
0.117 0.106 0.081 0.097 0.165 0.145 0.115 0.120 0.074 0.122 0.106 0.140 0.080 0.106 0.128 0.098 0.096 0.083 0.123 0.138 0.120 0.100 0.130 0.110 0.129 0.116 0.083 0.129 0.128 0.112 0.071 0.083 0.097 0.103 0.104 0.103 0.115 0.126 0.086 0.093 0.090 0.114 0.108 0.160 0.075 0.124 0.115 0.064 0.121 0.122 0.106 0.129 0.103 0.129 0.112 0.087 0.114 0.105 0.108 0.138 
0.144 0.117 0.084 0.067 0.126 0.096 0.124 0.135 0.114 0.107 0.089 0.101 0.113 0.111 0.123 0.075 0.080 0.135 0.099 0.086 0.093 0.082 0.118 0.101 0.146 0.109 0.108 0.115 0.125 0.073 0.132 0.115 0.076 0.092 0.098 0.077 0.126 0.132 0.151 0.154 0.104 0.083 0.107 0.102 0.113 0.082 0.097 0.098 0.142 0.136 0.106 0.092 0.113 0.123 0.094 0.122 0.108 0.077 0.073 0.098 
