0.203 0.180 0.259 0.229 0.209 0.248 0.225 0.213 0.247 0.200 0.193 0.199 0.197 0.236 0.216 0.216 0.196 0.230 0.210 0.207 0.238 0.205 0.186 0.200 0.182 0.656 0.445 0.466 0.482 0.470 0.492 0.463 0.473 0.515 0.605 0.683 0.694 0.673 0.680 0.659 0.699 0.693 0.700 0.701 0.721 0.555 0.245 0.435 0.501 0.523 0.525 0.594 0.660 0.730 0.583 0.613 0.528 0.201 0.181 0.179 
0.200 0.172 0.191 0.184 0.170 0.202 0.166 0.186 0.183 0.168 0.188 0.188 0.187 0.184 0.195 0.188 0.190 0.195 0.180 0.172 0.180 0.143 0.192 0.183 0.177 0.206 0.186 0.451 0.779 0.328 0.194 0.878 0.660 0.736 0.760 0.856 0.882 0.967 0.987 0.989 0.938 1.052 1.055 1.025 1.000 1.011 0.995 0.955 0.851 0.826 0.816 0.803 0.822 0.817 0.814 0.658 0.393 0.206 0.283 0.528 
0.679 0.734 0.791 0.845 0.688 0.473 0.800 0.912 0.419 0.678 0.653 0.771 0.218 0.610 0.795 0.770 0.778 0.736 0.619 0.537 0.905 0.349 0.204 0.218 0.387 0.712 0.699 0.682 0.712 0.678 0.662 0.678 0.701 0.237 0.183 0.446 0.674 0.712 0.730 0.723 0.715 0.712 0.713 0.729 0.720 0.725 0.722 0.714 0.729 0.713 0.703 0.701 0.710 0.711 0.715 0.703 0.711 0.717 0.722 0.609 
0.184 0.183 0.425 0.711 0.719 0.721 0.715 0.702 0.723 0.720 0.726 0.719 0.735 0.735 0.732 0.720 0.737 0.741 0.736 0.732 0.729 0.719 0.718 0.721 0.727 0.720 0.723 0.722 0.737 0.719 0.734 0.725 0.737 0.723 0.739 0.726 0.735 0.723 0.749 0.728 0.726 0.727 0.735 0.745 0.733 0.724 0.735 0.736 0.730 0.739 0.727 0.733 0.720 0.733 0.727 0.737 0.730 0.734 0.737 0.737 
0.736 0.728 0.724 0.736 0.725 0.733 0.725 0.721 0.726 0.733 0.722 0.729 0.527 0.194 0.177 0.193 0.208 0.201 0.204 0.184 0.205 0.181 0.215 0.198 0.198 0.209 0.166 0.224 0.231 0.205 0.223 0.199 0.205 0.210 0.194 0.216 0.215 0.216 0.238 0.213 0.272 0.224 0.223 0.230 0.217 0.217 0.184 0.208 0.192 0.208 0.253 0.198 0.208 0.219 0.208 0.210 0.204 0.210 0.228 0.215 
0.210 0.213 0.222 0.220 0.207 0.210 0.208 0.248 0.253 0.218 0.188 0.196 0.232 0.247 0.212 0.217 0.214 0.205 0.219 0.239 0.239 0.197 0.210 0.210 0.213 0.239 0.248 0.220 0.228 0.222 0.229 0.223 0.231 0.259 0.227 0.261 0.240 0.253 0.242 0.246 0.254 0.195 0.231 0.260 0.251 0.215 0.200 0.229 0.225 0.233 0.252 0.240 0.271 0.222 0.210 0.250 0.239 0.242 0.244 0.253 
0.260 0.246 0.255 0.228 0.256 0.274 0.235 0.275 0.275 0.299 0.266 0.250 0.297 0.291 0.250 0.230 0.269 0.275 0.231 0.267 0.256 0.266 0.314 0.240 0.231 0.250 0.260 0.243 0.267 0.291 0.308 0.310 0.268 0.308 0.264 0.281 0.222 0.251 0.258 0.298 0.283 0.296 0.274 0.317 0.299 0.282 0.277 0.250 0.268 0.277 0.239 0.289 0.285 0.266 0.289 0.293 0.261 0.226 0.271 0.248 
0.260 0.316 0.289 0.321 0.290 0.307 0.286 0.287 0.292 0.270 0.253 0.289 0.305 0.348 0.280 0.281 0.258 0.276 0.227 0.277 0.277 0.260 0.296 0.256 0.259 0.293 0.246 0.275 0.261 0.275 0.278 0.297 0.301 0.297 0.278 0.294 0.283 0.286 0.263 0.265 0.270 0.249 0.280 0.261 0.296 0.321 0.271 0.344 0.329 0.312 0.294 0.340 0.359 0.292 0.321 0.295 0.292 0.324 0.281 0.296 
0.285 0.324 0.311 0.295 0.355 0.325 0.348 0.324 0.331 0.310 0.343 0.310 0.283 0.365 0.313 0.318 0.308 0.288 0.311 0.287 0.304 0.278 0.301 0.287 0.266 0.305 0.290 0.292 0.247 0.282 0.294 0.305 0.302 0.342 0.259 0.281 0.253 0.294 0.272 0.257 0.290 0.264 0.325 0.308 0.293 0.276 0.252 0.273 0.287 0.289 0.298 0.307 0.327 0.248 0.273 0.280 0.281 0.255 0.259 0.272 
0.268 0.317 0.290 0.318 0.302 0.275 0.303 0.278 0.254 0.294 0.261 0.272 0.303 0.326 0.279 0.312 0.299 0.293 0.255 0.281 0.308 0.266 0.373 0.299 0.296 0.302 0.306 0.288 0.313 0.304 0.255 0.242 0.297 0.278 0.318 0.317 0.330 0.279 0.263 0.259 0.279 0.285 0.333 0.352 0.325 0.288 0.272 0.270 0.289 0.271 0.308 0.287 0.307 0.278 0.265 0.270 0.268 0.241 0.287 0.239 
0.298 0.266 0.311 0.289 0.307 0.335 0.268 0.356 0.296 0.301 0.291 0.321 0.248 0.329 0.299 0.276 0.284 0.280 0.269 0.314 0.282 0.289 0.274 0.263 0.281 0.311 0.280 0.235 0.301 0.279 0.291 0.283 0.278 0.323 0.380 0.277 0.277 0.276 0.255 0.299 0.279 0.278 0.325 0.330 0.291 0.322 0.267 0.266 0.307 0.267 0.292 0.283 0.312 0.312 0.243 0.285 0.244 0.276 0.288 0.278 
0.278 0.279 0.263 0.307 0.296 0.292 0.284 0.335 0.323 0.266 0.269 0.290 0.312 0.312 0.279 0.302 0.235 0.279 0.293 0.295 0.307 0.286 0.300 0.259 0.271 0.273 0.266 0.288 0.267 0.283 0.269 0.314 0.287 0.342 0.291 0.326 0.326 0.267 0.306 0.304 0.316 0.272 0.295 0.333 0.323 0.296 0.274 0.288 0.318 0.271 0.296 0.290 0.318 0.254 0.295 0.281 0.263 0.253 0.263 0.284 
0.292 0.272 0.306 0.284 0.292 0.279 0.317 0.297 0.339 0.296 0.302 0.290 0.289 0.315 0.290 0.292 0.322 0.314 0.319 0.346 0.296 0.287 0.266 0.274 0.280 0.292 0.268 0.261 0.275 0.291 0.276 0.311 0.256 0.300 0.284 0.297 0.330 0.286 0.283 0.296 0.289 0.318 0.280 0.371 0.303 0.259 0.253 0.302 0.288 0.283 0.317 0.274 0.298 0.272 0.279 0.293 0.265 0.279 0.272 0.280 
0.278 0.298 0.271 0.282 0.280 0.301 0.267 0.315 0.284 0.307 0.274 0.282 0.278 0.321 0.358 0.325 0.260 0.349 0.254 0.294 0.319 0.243 0.318 0.269 0.272 0.268 0.252 0.256 0.253 0.284 0.251 0.303 0.272 0.296 0.325 0.295 0.290 0.284 0.278 0.323 0.274 0.303 0.328 0.377 0.345 0.297 0.310 0.276 0.257 0.283 0.307 0.273 0.308 0.289 0.279 0.281 0.288 0.283 0.295 0.273 
0.297 0.293 0.284 0.293 0.305 0.320 0.303 0.279 0.320 0.312 0.285 0.301 0.341 0.309 0.299 0.330 0.301 0.281 0.300 0.314 0.299 0.306 0.346 0.281 0.279 0.296 0.331 0.334 0.308 0.309 0.275 0.318 0.275 0.304 0.336 0.298 0.279 0.280 0.330 0.284 0.275 0.315 0.273 0.335 0.321 0.280 0.256 0.313 0.282 0.301 0.290 0.299 0.287 0.296 0.261 0.304 0.279 0.289 0.345 0.339 
0.302 0.301 0.302 0.330 0.309 0.266 0.342 0.321 0.317 0.270 0.306 0.281 0.275 0.358 0.273 0.307 0.293 0.286 0.282 0.310 0.329 0.278 0.321 0.271 0.263 0.289 0.286 0.300 0.298 0.290 0.260 0.283 0.324 0.332 0.305 0.298 0.300 0.305 0.297 0.311 0.233 0.344 0.360 0.288 0.324 0.308 0.294 0.322 0.294 0.307 0.311 0.295 0.267 0.267 0.315 0.306 0.313 0.259 0.308 0.274 
0.266 0.289 0.253 0.284 0.290 0.300 0.324 0.293 0.353 0.289 0.299 0.320 0.302 0.312 0.327 0.312 0.296 0.342 0.300 0.312 0.317 0.288 0.302 0.313 0.307 0.402 0.307 0.308 0.338 0.312 0.289 0.319 0.309 0.307 0.334 0.284 0.268 0.310 0.289 0.264 0.301 0.255 0.278 0.333 0.342 0.332 0.307 0.311 0.321 0.328 0.291 0.305 0.325 0.270 0.286 0.288 0.260 0.298 0.262 0.308 
0.241 0.296 0.345 0.326 0.309 0.322 0.298 0.310 0.260 0.266 0.263 0.302 0.310 0.335 0.332 0.299 0.314 0.292 0.293 0.310 0.284 0.294 0.266 0.322 0.318 0.369 0.313 0.322 0.338 0.296 0.306 0.312 0.302 0.286 0.286 0.331 0.291 0.312 0.292 0.310 0.286 0.269 0.304 0.314 0.316 0.345 0.312 0.330 0.251 0.324 0.324 0.360 0.317 0.259 0.265 0.285 0.306 0.283 0.330 0.281 
0.279 0.303 0.288 0.277 0.307 0.278 0.257 0.324 0.315 0.316 0.273 0.319 0.314 0.326 0.324 0.304 0.296 0.300 0.313 0.246 0.285 0.313 0.305 0.338 0.292 0.353 0.268 0.289 0.305 0.284 0.342 0.297 0.303 0.359 0.318 0.357 0.370 0.273 0.283 0.305 0.301 0.303 0.309 0.318 0.362 0.364 0.319 0.327 0.271 0.344 0.299 0.344 0.290 0.309 0.301 0.302 0.337 0.380 0.347 0.403 
0.308 0.343 0.359 0.342 0.439 0.307 0.402 0.294 0.344 0.408 0.357 0.323 0.308 0.361 0.357 0.376 0.318 0.313 0.315 0.293 0.358 0.306 0.313 0.283 0.304 0.312 0.299 0.303 0.348 0.446 0.333 0.306 0.305 0.324 0.302 0.314 0.281 0.302 0.307 0.299 0.284 0.291 0.307 0.340 0.286 0.306 0.349 0.304 0.290 0.317 0.280 0.318 0.262 0.287 0.279 0.278 0.288 0.284 0.249 0.276 
0.279 0.292 0.282 0.327 0.305 0.297 0.326 0.314 0.332 0.286 0.257 0.274 0.315 0.280 0.327 0.264 0.292 0.273 0.327 0.276 0.288 0.312 0.316 0.307 0.282 0.317 0.321 0.256 0.287 0.287 0.291 0.353 0.330 0.313 0.295 0.285 0.304 0.298 0.301 0.286 0.280 0.258 0.313 0.305 0.324 0.326 0.293 0.290 0.322 0.312 0.362 0.315 0.391 0.294 0.306 0.330 0.291 0.300 0.280 0.273 
0.309 0.322 0.308 0.310 0.327 0.344 0.336 0.314 0.299 0.343 0.295 0.333 0.332 0.290 0.277 0.339 0.334 0.347 0.312 0.328 0.287 0.305 0.275 0.330 0.277 0.321 0.293 0.275 0.286 0.321 0.281 0.317 0.292 0.310 0.288 0.338 0.315 0.271 0.328 0.252 0.314 0.295 0.273 0.325 0.324 0.324 0.272 0.295 0.287 0.273 0.311 0.283 0.290 0.273 0.260 0.271 0.296 0.276 0.270 0.263 
0.278 0.319 0.310 0.290 0.276 0.335 0.304 0.330 0.297 0.313 0.308 0.325 0.274 0.301 0.299 0.328 0.274 0.322 0.259 0.297 0.281 0.287 0.282 0.105 0.397 0.260 0.293 0.288 0.282 0.326 0.301 0.231 0.251 0.327 0.278 0.303 0.310 0.293 0.254 0.277 0.267 0.299 0.258 0.279 0.280 0.252 0.296 0.277 0.257 0.276 0.267 0.268 0.251 0.256 0.269 0.243 0.268 0.270 0.242 0.263 
0.242 0.235 0.254 0.229 0.246 0.264 0.292 0.306 0.262 0.301 0.253 0.280 0.288 0.273 0.292 0.265 0.250 0.260 0.247 0.231 0.242 0.239 0.217 0.227 0.280 0.220 0.229 0.230 0.244 0.230 0.251 0.287 0.232 0.305 0.263 0.264 0.268 0.293 0.266 0.251 0.215 0.244 0.243 0.225 0.215 0.245 0.211 0.236 0.233 0.208 0.225 0.195 0.221 0.215 0.214 0.235 0.209 0.209 0.219 0.196 
