0.022 0.027 0.021 0.029 0.059 0.058 0.065 0.040 0.036 0.037 0.056 0.061 0.024 0.060 0.054 0.056 0.027 0.022 0.059 0.029 0.052 0.061 0.055 0.060 0.052 0.113 0.167 0.194 0.170 0.187 0.170 0.136 0.129 0.114 0.142 0.131 0.090 0.063 0.101 0.105 0.064 0.092 0.028 0.112 0.183 0.160 0.188 0.163 0.200 0.153 0.110 0.143 0.111 0.096 0.091 0.097 0.073 0.093 0.066 0.053 
0.085 0.027 0.030 0.073 0.066 0.053 0.022 0.062 0.057 0.032 0.063 0.067 0.022 0.055 0.019 0.055 0.024 0.067 0.032 0.035 0.061 0.048 0.036 0.061 0.033 0.031 0.043 0.069 0.074 0.065 0.036 0.037 0.044 0.039 0.031 0.027 0.031 0.064 0.062 0.073 0.067 0.050 0.071 0.036 0.033 0.072 0.061 0.043 0.039 0.069 0.032 0.036 0.054 0.071 0.040 0.045 0.035 0.036 0.065 0.068 
0.038 0.074 0.052 0.055 0.038 0.036 0.042 0.066 0.095 0.035 0.064 0.028 0.033 0.025 0.041 0.074 0.063 0.088 0.077 0.083 0.058 0.078 0.079 0.074 0.074 0.065 0.061 0.034 0.065 0.081 0.069 0.087 0.081 0.086 0.060 0.065 0.077 0.073 0.087 0.106 0.086 0.055 0.120 0.075 0.079 0.084 0.092 0.089 0.070 0.102 0.079 0.079 0.051 0.106 0.095 0.090 0.070 0.098 0.098 0.092 
0.095 0.107 0.105 0.093 0.090 0.087 0.088 0.058 0.125 0.134 0.135 0.104 0.082 0.100 0.077 0.096 0.081 0.087 0.119 0.088 0.100 0.102 0.098 0.090 0.085 0.092 0.107 0.086 0.104 0.103 0.117 0.113 0.138 0.110 0.104 0.126 0.104 0.116 0.093 0.087 0.147 0.110 0.152 0.129 0.123 0.125 0.104 0.114 0.104 0.112 0.074 0.087 0.090 0.108 0.108 0.118 0.121 0.144 0.107 0.102 
0.109 0.104 0.109 0.122 0.134 0.112 0.108 0.097 0.102 0.133 0.121 0.113 0.083 0.128 0.122 0.105 0.118 0.128 0.113 0.113 0.085 0.096 0.087 0.114 0.111 0.116 0.107 0.117 0.121 0.117 0.121 0.111 0.107 0.076 0.125 0.110 0.118 0.128 0.115 0.134 0.128 0.089 0.102 0.076 0.099 0.113 0.101 0.097 0.106 0.102 0.103 0.082 0.090 0.099 0.067 0.114 0.109 0.120 0.112 0.134 
0.087 0.068 0.116 0.109 0.132 0.114 0.140 0.090 0.127 0.118 0.123 0.121 0.118 0.126 0.104 0.124 0.115 0.100 0.083 0.135 0.101 0.087 0.111 0.105 0.090 0.131 0.165 0.090 0.107 0.119 0.097 0.118 0.122 0.116 0.123 0.112 0.128 0.111 0.135 0.103 0.085 0.160 0.099 0.103 0.098 0.131 0.096 0.142 0.082 0.133 0.127 0.114 0.160 0.120 0.096 0.109 0.106 0.105 0.101 0.117 
0.124 0.101 0.117 0.122 0.125 0.117 0.096 0.131 0.119 0.145 0.115 0.140 0.120 0.096 0.091 0.115 0.107 0.143 0.120 0.107 0.095 0.123 0.098 0.114 0.150 0.106 0.126 0.123 0.105 0.104 0.122 0.123 0.127 0.117 0.099 0.095 0.120 0.106 0.117 0.104 0.159 0.119 0.115 0.092 0.075 0.129 0.076 0.115 0.135 0.122 0.097 0.088 0.101 0.104 0.108 0.110 0.149 0.114 0.103 0.118 
0.124 0.110 0.117 0.153 0.129 0.131 0.107 0.113 0.105 0.110 0.120 0.121 0.119 0.120 0.154 0.125 0.100 0.076 0.146 0.086 0.118 0.111 0.106 0.086 0.112 0.114 0.104 0.105 0.117 0.118 0.108 0.073 0.112 0.127 0.107 0.132 0.073 0.089 0.112 0.083 0.084 0.110 0.082 0.094 0.087 0.086 0.098 0.093 0.102 0.081 0.092 0.073 0.097 0.116 0.085 0.087 0.099 0.100 0.132 0.088 
0.095 0.082 0.072 0.098 0.094 0.093 0.093 0.110 0.100 0.097 0.106 0.101 0.099 0.108 0.128 0.085 0.088 0.066 0.083 0.069 0.090 0.092 0.085 0.101 0.096 0.071 0.087 0.086 0.085 0.115 0.058 0.089 0.079 0.090 0.092 0.103 0.105 0.088 0.094 0.090 0.048 0.051 0.094 0.089 0.090 0.099 0.099 0.090 0.099 0.093 0.105 0.068 0.087 0.095 0.099 0.130 0.052 0.108 0.087 0.075 
0.068 0.083 0.088 0.087 0.093 0.073 0.086 0.092 0.111 0.057 0.096 0.075 0.105 0.088 0.086 0.074 0.070 0.071 0.064 0.076 0.072 0.045 0.064 0.062 0.066 0.075 0.075 0.067 0.078 0.070 0.071 0.109 0.104 0.064 0.092 0.086 0.074 0.074 0.099 0.078 0.084 0.052 0.051 0.082 0.086 0.084 0.084 0.088 0.096 0.098 0.072 0.085 0.085 0.047 0.068 0.122 0.082 0.086 0.090 0.083 
0.077 0.074 0.056 0.052 0.081 0.089 0.083 0.079 0.084 0.091 0.059 0.091 0.074 0.076 0.072 0.072 0.066 0.088 0.081 0.110 0.067 0.096 0.079 0.069 0.055 0.032 0.086 0.070 0.094 0.096 0.076 0.074 0.065 0.075 0.087 0.081 0.045 0.084 0.075 0.067 0.078 0.036 0.064 0.065 0.057 0.050 0.058 0.064 0.096 0.067 0.100 0.071 0.074 0.050 0.067 0.077 0.077 0.088 0.092 0.067 
0.087 0.061 0.062 0.067 0.027 0.045 0.054 0.066 0.071 0.074 0.083 0.076 0.059 0.066 0.087 0.078 0.094 0.071 0.066 0.064 0.059 0.065 0.092 0.059 0.042 0.089 0.039 0.089 0.090 0.034 0.086 0.060 0.059 0.087 0.067 0.066 0.084 0.078 0.080 0.074 0.030 0.101 0.066 0.080 0.065 0.071 0.057 0.036 0.081 0.062 0.061 0.079 0.056 0.070 0.064 0.064 0.053 0.032 0.054 0.044 
0.048 0.039 0.052 0.064 0.070 0.063 0.052 0.058 0.046 0.062 0.030 0.068 0.090 0.064 0.093 0.059 0.052 0.058 0.059 0.036 0.208 0.067 0.093 0.105 0.067 0.055 0.076 0.090 0.098 0.052 0.064 0.105 0.076 0.068 0.094 0.116 0.077 0.069 0.069 0.085 0.070 0.079 0.039 0.113 0.077 0.075 0.078 0.071 0.067 0.064 0.044 0.060 0.071 0.073 0.064 0.099 0.069 0.054 0.070 0.063 
0.037 0.093 0.094 0.118 0.065 0.057 0.085 0.071 0.089 0.104 0.076 0.066 0.068 0.082 0.071 0.125 0.116 0.047 0.070 0.054 0.110 0.096 0.112 0.106 0.086 0.066 0.061 0.058 0.037 0.078 0.087 0.080 0.141 0.070 0.045 0.121 0.128 0.076 0.083 0.060 0.054 0.057 0.056 0.073 0.072 0.057 0.062 0.069 0.148 0.103 0.092 0.112 0.095 0.076 0.071 0.049 0.069 0.094 0.074 0.098 
0.077 0.108 0.069 0.057 0.062 0.074 0.075 0.069 0.023 0.067 0.067 0.092 0.098 0.079 0.108 0.093 0.055 0.095 0.072 0.080 0.077 0.087 0.057 0.063 0.073 0.035 0.060 0.095 0.067 0.066 0.078 0.097 0.117 0.106 0.086 0.123 0.075 0.075 0.058 0.061 0.073 0.135 0.063 0.054 0.073 0.062 0.103 0.111 0.158 0.118 0.109 0.133 0.083 0.091 0.054 0.117 0.120 0.148 0.043 0.119 
0.093 0.136 0.123 0.089 0.122 0.108 0.101 0.104 0.078 0.117 0.086 0.079 0.075 0.067 0.078 0.084 0.124 0.071 0.075 0.120 0.062 0.044 0.074 0.148 0.085 0.122 0.093 0.092 0.068 0.048 0.080 0.127 0.076 0.072 0.085 0.088 0.091 0.152 0.102 0.080 0.147 0.120 0.066 0.074 0.092 0.070 0.146 0.087 0.083 0.103 0.061 0.081 0.084 0.082 0.098 0.061 0.122 0.069 0.078 0.095 
0.106 0.100 0.072 0.115 0.118 0.089 0.073 0.097 0.082 0.073 0.071 0.107 0.056 0.065 0.103 0.060 0.075 0.086 0.083 0.047 0.058 0.073 0.060 0.080 0.147 0.094 0.069 0.111 0.062 0.079 0.093 0.090 0.102 0.155 0.103 0.106 0.087 0.071 0.075 0.111 0.090 0.063 0.090 0.105 0.093 0.107 0.111 0.129 0.137 0.103 0.072 0.068 0.092 0.148 0.066 0.136 0.128 0.091 0.097 0.055 
0.168 0.085 0.067 0.084 0.093 0.066 0.093 0.155 0.074 0.135 0.068 0.107 0.117 0.061 0.101 0.067 0.092 0.114 0.089 0.108 0.088 0.122 0.069 0.108 0.074 0.122 0.245 0.115 0.107 0.062 0.104 0.095 0.082 0.076 0.092 0.138 0.084 0.087 0.111 0.078 0.103 0.145 0.073 0.118 0.072 0.099 0.085 0.106 0.102 0.084 0.069 0.081 0.066 0.073 0.057 0.041 0.068 0.080 0.063 0.078 
0.056 0.050 0.064 0.065 0.078 0.052 0.145 0.113 0.078 0.109 0.078 0.079 0.087 0.152 0.083 0.063 0.096 0.075 0.100 0.092 0.078 0.164 0.042 0.069 0.082 0.063 0.057 0.093 0.074 0.074 0.113 0.066 0.134 0.081 0.076 0.050 0.076 0.091 0.137 0.110 0.091 0.077 0.142 0.085 0.092 0.104 0.078 0.077 0.094 0.119 0.083 0.082 0.070 0.054 0.053 0.052 0.065 0.033 0.093 0.112 
0.065 0.120 0.069 0.062 0.067 0.082 0.037 0.041 0.106 0.084 0.077 0.068 0.101 0.071 0.051 0.093 0.085 0.108 0.071 0.071 0.094 0.100 0.098 0.063 0.030 0.089 0.059 0.109 0.123 0.110 0.088 0.072 0.120 0.080 0.067 0.096 0.074 0.080 0.023 0.118 0.095 0.064 0.125 0.083 0.052 0.097 0.108 0.103 0.136 0.057 0.056 0.053 0.087 0.049 0.074 0.121 0.052 0.065 0.108 0.057 
0.054 0.057 0.065 0.065 0.065 0.091 0.063 0.064 0.069 0.069 0.094 0.091 0.104 0.026 0.142 0.105 0.096 0.143 0.083 -0.047 0.089 0.119 0.067 0.069 0.090 0.096 0.066 0.079 0.046 0.066 0.034 0.058 0.082 0.088 0.057 0.057 0.091 0.065 0.079 0.070 0.043 0.040 0.096 0.045 0.044 0.102 0.056 0.077 0.047 0.063 0.123 0.077 0.081 0.096 0.148 0.055 0.051 0.054 0.048 0.089 
0.083 0.045 0.079 0.107 0.112 0.057 0.044 0.042 0.050 0.059 0.096 0.080 0.069 0.054 0.061 0.013 0.033 0.036 0.038 0.038 0.042 0.046 0.056 0.057 0.071 0.078 0.062 0.055 0.048 0.097 -0.003 0.031 0.030 0.057 0.071 0.038 0.044 0.038 0.055 0.047 0.031 0.033 0.031 0.025 0.043 0.028 0.008 0.044 0.013 0.051 0.045 0.054 0.053 0.095 0.067 0.055 0.088 0.070 0.063 0.043 
0.051 0.082 0.068 0.048 0.089 0.075 0.032 0.032 0.028 0.022 0.061 0.078 0.053 0.045 0.039 0.056 0.067 0.025 0.027 0.041 0.600 0.337 0.319 0.341 0.331 0.342 0.345 0.334 0.519 0.525 0.596 0.605 0.593 0.544 0.507 0.482 0.491 0.502 0.512 0.530 0.610 0.684 0.693 0.625 0.467 0.409 0.379 0.340 0.310 0.299 0.469 0.578 0.585 0.576 0.592 0.545 0.558 0.557 0.541 0.507 
0.527 0.524 0.616 0.588 0.258 0.024 0.040 0.043 -0.018 -0.013 0.017 0.010 0.018 0.012 0.016 0.017 0.007 0.016 0.008 0.017 -0.013 0.011 -0.017 0.013 0.019 0.010 0.016 0.015 0.010 0.006 -0.005 0.026 0.032 0.060 0.024 0.017 0.023 0.029 0.021 0.052 0.037 0.021 0.077 0.560 0.384 0.164 -0.002 0.003 -0.007 -0.005 0.022 0.014 0.050 0.018 0.022 0.019 0.018 -0.007 0.019 0.021 
