0.202 0.215 0.242 0.185 0.217 0.183 0.163 0.176 0.180 0.224 0.151 0.178 0.176 0.194 0.189 0.169 0.180 0.152 0.182 0.129 0.195 0.150 0.153 0.234 0.179 0.170 0.221 0.198 0.206 0.195 0.189 0.167 0.272 0.187 0.209 0.219 0.199 0.222 0.194 0.191 0.150 0.182 0.271 0.236 0.282 0.244 0.247 0.225 0.237 0.258 0.219 0.252 0.254 0.251 0.239 0.275 0.270 0.231 0.235 0.267 
0.224 0.244 0.271 0.223 0.272 0.226 0.261 0.259 0.200 0.226 0.195 0.199 0.226 0.253 0.269 0.246 0.197 0.229 0.206 0.255 0.264 0.179 0.199 0.235 0.194 0.211 0.222 0.202 0.181 0.227 0.200 0.248 0.237 0.237 0.235 0.264 0.169 0.210 0.173 0.209 0.210 0.164 0.259 0.191 0.227 0.197 0.232 0.249 0.245 0.209 0.278 0.210 0.234 0.264 0.206 0.204 0.238 0.224 0.260 0.193 
0.209 0.237 0.237 0.231 0.244 0.234 0.237 0.148 0.201 0.234 0.243 0.200 0.221 0.202 0.232 0.240 0.204 0.192 0.222 0.192 0.225 0.206 0.212 0.209 0.210 0.242 0.229 0.250 0.227 0.245 0.218 0.187 0.264 0.209 0.259 0.231 0.226 0.273 0.251 0.221 0.237 0.216 0.232 0.221 0.241 0.252 0.237 0.222 0.275 0.196 0.171 0.167 0.244 0.208 0.256 0.223 0.266 0.243 0.244 0.234 
0.180 0.222 0.264 0.216 0.262 0.198 0.199 0.210 0.227 0.207 0.230 0.247 0.292 0.192 0.225 0.249 0.221 0.278 0.259 0.229 0.192 0.206 0.202 0.226 0.265 0.198 0.254 0.208 0.234 0.243 0.208 0.192 0.293 0.243 0.238 0.240 0.236 0.196 0.192 0.257 0.227 0.214 0.217 0.213 0.195 0.281 0.198 0.218 0.204 0.216 0.195 0.189 0.277 0.226 0.205 0.231 0.240 0.195 0.184 0.183 
0.209 0.242 0.199 0.194 0.256 0.203 0.195 0.186 0.198 0.275 0.188 0.216 0.194 0.196 0.232 0.242 0.196 0.244 0.207 0.247 0.236 0.256 0.211 0.225 0.210 0.158 0.287 0.216 0.249 0.213 0.212 0.231 0.250 0.214 0.188 0.228 0.214 0.237 0.217 0.168 0.196 0.235 0.219 0.212 0.231 0.213 0.183 0.228 0.194 0.259 0.249 0.184 0.218 0.153 0.178 0.216 0.226 0.234 0.222 0.194 
0.179 0.194 0.222 0.210 0.234 0.206 0.211 0.190 0.140 0.197 0.159 0.231 0.211 0.248 0.262 0.199 0.235 0.213 0.240 0.199 0.197 0.193 0.217 0.211 0.192 0.280 0.232 0.190 0.245 0.191 0.219 0.241 0.282 0.240 0.164 0.214 0.198 0.236 0.259 0.192 0.206 0.248 0.225 0.243 0.251 0.270 0.195 0.245 0.215 0.200 0.238 0.182 0.217 0.196 0.218 0.212 0.241 0.228 0.204 0.197 
0.201 0.202 0.242 0.179 0.188 0.173 0.282 0.212 0.232 0.229 0.163 0.206 0.229 0.202 0.221 0.231 0.200 0.231 0.201 0.204 0.215 0.181 0.151 0.250 0.145 0.240 0.234 0.223 0.190 0.149 0.215 0.227 0.276 0.220 0.178 0.200 0.211 0.206 0.201 0.179 0.194 0.191 0.157 0.191 0.244 0.196 0.188 0.228 0.162 0.196 0.227 0.201 0.195 0.170 0.231 0.195 0.221 0.207 0.178 0.178 
0.231 0.199 0.240 0.198 0.205 0.253 0.233 0.209 0.202 0.227 0.168 0.207 0.212 0.201 0.214 0.188 0.187 0.201 0.230 0.204 0.238 0.159 0.191 0.236 0.208 0.235 0.234 0.229 0.219 0.168 0.252 0.207 0.245 0.219 0.159 0.180 0.211 0.203 0.215 0.226 0.185 0.204 0.189 0.192 0.187 0.200 0.234 0.259 0.231 0.175 0.176 0.224 0.183 0.245 0.250 0.217 0.243 0.194 0.235 0.213 
0.208 0.214 0.199 0.220 0.158 0.150 0.252 0.209 0.160 0.184 0.220 0.254 0.179 0.209 0.222 0.177 0.187 0.256 0.207 0.220 0.192 0.143 0.195 0.209 0.216 0.208 0.201 0.232 0.184 0.235 0.188 0.246 0.234 0.197 0.169 0.160 0.234 0.178 0.234 0.191 0.241 0.240 0.215 0.178 0.224 0.228 0.219 0.305 0.178 0.193 0.219 0.221 0.224 0.200 0.227 0.260 0.219 0.258 0.223 0.257 
0.206 0.243 0.243 0.225 0.235 0.209 0.233 0.213 0.228 0.244 0.186 0.261 0.197 0.238 0.224 0.249 0.182 0.244 0.271 0.163 0.172 0.212 0.232 0.243 0.203 0.271 0.205 0.250 0.234 0.275 0.245 0.193 0.287 0.272 0.246 0.202 0.222 0.217 0.231 0.206 0.214 0.244 0.249 0.238 0.276 0.226 0.223 0.265 0.242 0.224 0.251 0.239 0.199 0.244 0.230 0.238 0.274 0.264 0.236 0.207 
0.240 0.278 0.255 0.305 0.275 0.223 0.208 0.200 0.236 0.191 0.173 0.247 0.228 0.208 0.238 0.250 0.221 0.254 0.233 0.252 0.211 0.172 0.190 0.228 0.275 0.277 0.235 0.222 0.197 0.209 0.198 0.211 0.233 0.277 0.231 0.242 0.210 0.215 0.240 0.227 0.186 0.220 0.199 0.194 0.174 0.193 0.249 0.266 0.308 0.184 0.246 0.201 0.205 0.208 0.194 0.221 0.208 0.254 0.221 0.200 
0.218 0.182 0.238 0.215 0.226 0.149 0.225 0.201 0.263 0.230 0.186 0.213 0.166 0.249 0.255 0.241 0.248 0.212 0.224 0.217 0.227 0.198 0.215 0.259 0.273 0.283 0.303 0.221 0.234 0.319 0.224 0.189 0.313 0.230 0.225 0.207 0.228 0.227 0.216 0.246 0.201 0.184 0.280 0.226 0.459 0.192 0.174 0.247 0.278 0.265 0.194 0.183 0.190 0.251 0.238 0.182 0.242 0.239 0.200 0.219 
0.217 0.214 0.278 0.201 0.225 0.228 0.226 0.170 0.225 0.193 0.198 0.194 0.204 0.196 0.196 0.241 0.184 0.247 0.252 0.205 0.238 0.211 0.227 0.147 0.183 0.197 0.183 0.255 0.185 0.179 0.171 0.209 0.244 0.211 0.190 0.215 0.189 0.227 0.191 0.164 0.175 0.227 0.242 0.245 0.306 0.209 0.208 0.167 0.248 0.248 0.222 0.170 0.206 0.253 0.242 0.235 0.208 0.213 0.207 0.202 
0.195 0.224 0.412 0.283 0.285 0.266 0.247 0.240 0.227 0.261 0.303 0.276 0.280 0.228 0.247 0.286 0.242 0.307 0.275 0.225 0.253 0.222 0.240 0.225 0.239 0.289 0.222 0.259 0.231 0.207 0.191 0.185 0.237 0.275 0.222 0.229 0.230 0.241 0.250 0.192 0.221 0.227 0.243 0.285 0.346 0.334 0.281 0.315 0.326 0.261 0.287 0.248 0.290 0.222 0.259 0.240 0.233 0.321 0.320 0.331 
0.317 0.302 0.323 0.321 0.326 0.267 0.232 0.230 0.217 0.224 0.223 0.232 0.215 0.194 0.234 0.192 0.248 0.224 0.259 0.182 0.254 0.221 0.196 0.236 0.222 0.262 0.195 0.169 0.221 0.140 0.206 0.439 0.492 0.215 0.166 0.165 0.175 0.176 0.169 0.183 0.166 0.167 0.193 0.173 0.199 0.217 0.201 0.252 0.304 0.198 0.203 0.148 0.181 0.207 0.183 0.165 0.182 0.215 0.200 0.223 
0.261 0.207 0.212 0.186 0.241 0.196 0.186 0.147 0.205 0.189 0.196 0.209 0.166 0.183 0.163 0.175 0.233 0.192 0.195 0.158 0.166 0.189 0.207 0.176 0.185 0.179 0.206 0.211 0.219 0.186 0.183 0.181 0.251 0.180 0.212 0.206 0.194 0.192 0.158 0.144 0.185 0.177 0.194 0.160 0.153 0.153 0.191 0.154 0.151 0.155 0.178 0.155 0.160 0.160 0.159 0.185 0.185 0.209 0.151 0.145 
0.170 0.161 0.187 0.224 0.185 0.168 0.155 0.138 0.149 0.154 0.152 0.148 0.148 0.151 0.175 0.221 0.180 0.126 0.160 0.145 0.187 0.142 0.158 0.176 0.174 0.178 0.199 0.239 0.181 0.173 0.199 0.179 0.221 0.171 0.171 0.195 0.198 0.171 0.212 0.200 0.170 0.199 0.199 0.175 0.230 0.131 0.155 0.149 0.143 0.173 0.155 0.208 0.215 0.174 0.209 0.163 0.192 0.186 0.208 0.197 
0.199 0.185 0.149 0.198 0.175 0.176 0.204 0.127 0.178 0.138 0.189 0.165 0.154 0.228 0.233 0.191 0.125 0.158 0.162 0.164 0.146 0.140 0.175 0.181 0.196 0.177 0.122 0.201 0.170 0.212 0.188 0.159 0.206 0.162 0.187 0.189 0.210 0.172 0.203 0.153 0.093 0.175 -0.039 0.257 0.142 0.139 0.115 0.147 0.205 0.184 0.134 0.103 0.123 0.156 0.158 0.152 0.160 0.195 0.129 0.138 
0.132 0.153 0.144 0.122 0.114 0.110 0.124 0.133 0.166 0.148 0.168 0.125 0.147 0.157 0.130 0.151 0.127 0.168 0.135 0.134 0.140 0.102 0.129 0.110 0.111 0.150 0.110 0.143 0.131 0.118 0.126 0.113 0.119 0.109 0.126 0.109 0.076 0.101 0.113 0.111 0.103 0.107 0.156 0.115 0.102 0.091 0.081 0.106 0.151 0.160 0.129 0.091 0.143 0.128 0.222 0.130 0.135 0.122 0.074 0.118 
0.111 0.104 0.111 0.114 0.104 0.126 0.131 0.092 0.137 0.108 0.095 0.157 0.113 0.111 0.113 0.128 0.108 0.095 0.093 0.113 0.159 0.137 0.100 0.094 0.092 0.094 0.110 0.098 0.075 0.128 0.077 0.097 0.128 0.131 0.106 0.098 0.118 0.089 0.076 0.105 0.072 0.095 0.085 0.578 0.395 0.387 0.381 0.375 0.404 0.373 0.340 0.403 0.618 0.567 0.570 0.593 0.588 0.568 0.589 0.573 
0.533 0.558 0.592 0.612 0.571 0.453 0.304 0.327 0.306 0.275 0.325 0.373 0.369 0.497 0.600 0.602 0.540 0.564 0.572 0.548 0.564 0.512 0.576 0.528 0.556 0.622 0.579 0.190 0.108 0.268 0.370 0.309 0.387 0.411 0.421 0.474 0.425 0.547 0.506 0.513 0.496 0.266 0.101 0.113 0.099 0.554 0.579 0.717 0.359 0.314 0.577 0.660 0.499 0.557 0.852 0.770 0.864 0.888 0.784 0.937 
0.931 0.929 0.900 0.863 0.888 0.859 0.766 0.774 0.729 0.707 0.707 0.702 0.490 0.445 0.098 0.179 0.413 0.568 0.597 0.741 0.735 0.575 0.376 0.646 0.784 0.670 0.462 0.681 0.207 0.724 0.634 0.663 0.657 0.645 0.522 0.260 0.742 0.522 0.110 0.228 0.098 0.179 0.090 0.106 0.073 0.077 0.311 0.604 0.444 0.084 0.337 0.607 0.558 0.472 0.574 0.605 0.440 0.547 0.534 0.554 
0.096 0.086 0.379 0.533 0.597 0.602 0.601 0.599 0.600 0.610 0.607 0.597 0.594 0.597 0.607 0.602 0.612 0.584 0.601 0.603 0.606 0.603 0.593 0.605 0.617 0.524 0.604 0.580 0.612 0.161 0.141 0.561 0.597 0.594 0.601 0.619 0.603 0.615 0.597 0.609 0.602 0.607 0.607 0.607 0.591 0.612 0.611 0.623 0.630 0.646 0.641 0.651 0.636 0.627 0.608 0.621 0.625 0.650 0.622 0.617 
0.644 0.643 0.628 0.622 0.648 0.629 0.642 0.614 0.624 0.627 0.633 0.626 0.621 0.615 0.622 0.624 0.647 0.628 0.630 0.635 0.626 0.632 0.633 0.645 0.643 0.670 0.636 0.652 0.647 0.644 0.689 0.682 0.661 0.672 0.648 0.631 0.634 0.685 0.648 0.574 0.177 0.158 0.117 0.176 0.154 0.165 0.171 0.177 0.177 0.207 0.147 0.186 0.177 0.221 0.213 0.222 0.161 0.158 0.180 0.169 
