0.173 0.161 0.121 0.158 0.167 0.191 0.176 0.174 0.168 0.176 0.146 0.181 0.166 0.166 0.175 0.162 0.166 0.135 0.166 0.160 0.182 0.176 0.190 0.166 0.199 0.138 0.219 0.160 0.190 0.173 0.173 0.132 0.153 0.166 0.188 0.175 0.168 0.183 0.144 0.193 0.186 0.170 0.169 0.187 0.157 0.161 0.213 0.179 0.166 0.190 0.189 0.165 0.166 0.178 0.163 0.154 0.168 0.144 0.123 0.161 
0.186 0.149 0.151 0.178 0.158 0.174 0.136 0.189 0.166 0.185 0.186 0.143 0.188 0.163 0.188 0.171 0.155 0.182 0.161 0.177 0.155 0.141 0.161 0.149 0.163 0.179 0.166 0.150 0.110 0.147 0.161 0.150 0.142 0.145 0.147 0.144 0.159 0.132 0.163 0.202 0.173 0.196 0.148 0.171 0.173 0.181 0.158 0.178 0.165 0.151 0.160 0.182 0.152 0.159 0.154 0.159 0.153 0.034 0.137 0.142 
0.147 0.145 0.158 0.205 0.164 0.107 0.136 0.183 0.155 0.161 0.173 0.170 0.144 0.151 0.116 0.124 0.138 0.160 0.156 0.162 0.151 0.126 0.142 0.149 0.146 0.142 0.159 0.145 0.146 0.149 0.114 0.136 0.128 0.135 0.127 0.111 0.110 0.124 0.132 0.135 0.154 0.126 0.145 0.171 0.140 0.152 0.155 0.152 0.156 0.140 0.132 0.116 0.137 0.127 0.135 0.133 0.108 0.097 0.155 0.128 
0.125 0.129 0.129 0.120 0.102 0.113 0.142 0.121 0.117 0.116 0.142 0.123 0.135 0.124 0.084 0.125 0.127 0.114 0.080 0.124 0.110 0.124 0.118 0.110 0.117 0.105 0.114 0.113 0.110 0.124 0.109 0.117 0.115 0.102 0.079 0.117 0.111 0.116 0.110 0.162 0.124 0.103 0.130 0.121 0.113 0.112 0.125 0.124 0.110 0.112 0.112 0.111 0.123 0.101 0.085 0.109 0.114 0.113 0.739 0.714 
0.732 0.634 0.771 0.780 0.599 0.493 0.473 0.471 0.452 0.756 0.667 0.681 0.680 0.672 0.799 0.519 0.111 0.071 0.108 0.099 0.108 0.107 0.093 0.090 0.069 0.107 0.104 0.102 0.105 0.102 0.117 0.107 0.097 0.072 0.102 0.105 0.104 0.097 0.105 0.099 0.105 0.104 0.102 0.114 0.086 0.114 0.117 0.106 0.110 0.079 0.104 0.109 0.105 0.113 0.111 0.122 0.140 0.106 0.120 0.108 
0.115 0.118 0.107 0.122 0.115 0.087 0.087 0.109 0.116 0.124 0.124 0.136 0.114 0.113 0.102 0.084 0.081 0.068 0.091 0.134 0.644 0.480 0.298 0.099 0.106 0.107 0.102 0.114 0.120 0.114 0.127 0.109 0.115 0.131 0.111 0.117 0.123 0.111 0.108 0.102 0.104 0.067 0.111 0.119 0.117 0.082 0.109 0.088 0.124 0.103 0.114 0.103 0.107 0.105 0.099 0.105 0.100 0.162 0.161 0.165 
0.178 0.122 0.212 0.176 0.168 0.170 0.128 0.150 0.143 0.176 0.186 0.189 0.205 0.213 0.196 0.144 0.182 0.174 0.194 0.174 0.177 0.176 0.174 0.141 0.158 0.178 0.220 0.194 0.178 0.171 0.179 0.178 0.152 0.168 0.172 0.154 0.171 0.200 0.196 0.171 0.210 0.194 0.161 0.147 0.145 0.170 0.178 0.163 0.186 0.170 0.160 0.177 0.169 0.186 0.153 0.160 0.171 0.168 0.189 0.174 
0.162 0.161 0.177 0.143 0.160 0.166 0.133 0.176 0.175 0.175 0.169 0.172 0.188 0.176 0.198 0.201 0.195 0.209 0.172 0.183 0.174 0.168 0.170 0.143 0.128 0.160 0.164 0.155 0.162 0.167 0.175 0.155 0.150 0.144 0.183 0.170 0.174 0.185 0.185 0.190 0.145 0.171 0.158 0.159 0.153 0.167 0.194 0.165 0.158 0.170 0.164 0.154 0.154 0.158 0.149 0.163 0.036 0.167 0.150 0.134 
0.180 0.181 0.189 0.133 0.099 0.152 0.149 0.147 0.155 0.157 0.153 0.136 0.161 0.169 0.131 0.161 0.164 0.160 0.157 0.156 0.186 0.106 0.108 0.101 0.120 0.122 0.118 0.110 0.075 0.112 0.109 0.102 0.105 0.109 0.106 0.110 0.103 0.103 0.104 0.109 0.103 0.114 0.077 0.093 0.080 0.101 0.102 0.107 0.100 0.103 0.101 0.105 0.104 0.099 0.110 0.102 0.108 0.104 0.104 0.105 
0.103 0.069 0.111 0.105 0.109 0.102 0.079 0.086 0.095 0.108 0.100 0.106 0.107 0.102 0.117 0.128 0.135 0.068 0.117 0.101 0.109 0.114 0.105 0.096 0.100 0.102 0.103 0.095 0.084 0.100 0.107 0.097 0.103 0.104 0.096 0.105 0.102 0.105 0.104 0.091 0.100 0.099 0.094 0.102 0.096 0.069 0.102 0.102 0.105 0.099 0.084 0.091 0.099 0.117 0.105 0.113 0.105 0.642 0.442 0.371 
0.349 0.366 0.381 0.695 0.660 0.678 0.595 0.669 0.827 0.643 0.538 0.423 0.404 0.424 0.590 0.648 0.692 0.643 0.637 0.755 0.661 0.104 0.101 0.093 0.103 0.068 0.104 0.100 0.096 0.093 0.067 0.101 0.100 0.096 0.125 0.096 0.099 0.100 0.099 0.101 0.097 0.070 0.103 0.095 0.104 0.100 0.105 0.107 0.099 0.108 0.100 0.105 0.079 0.092 0.104 0.097 0.103 0.099 0.103 0.103 
0.097 0.103 0.097 0.069 0.101 0.093 0.105 0.097 0.107 0.108 0.099 0.069 0.095 0.094 0.077 0.095 0.076 0.119 0.424 0.503 0.376 0.108 0.070 0.077 0.065 0.073 0.065 0.078 0.104 0.063 0.108 0.101 0.105 0.077 0.073 0.118 0.071 0.071 0.101 0.108 0.082 0.102 0.078 0.093 0.103 0.100 0.108 0.102 0.098 0.107 0.107 0.099 0.107 0.099 0.104 0.102 0.098 0.107 0.096 0.105 
0.100 0.096 0.096 0.097 0.097 0.093 0.065 0.092 0.095 0.097 0.095 0.093 0.099 0.063 0.102 0.109 0.078 0.104 0.103 0.098 0.101 0.096 0.096 0.097 0.102 0.069 0.066 0.095 0.099 0.100 0.067 0.101 0.097 0.096 0.096 0.064 0.103 0.098 0.098 0.102 0.065 0.102 0.070 0.095 0.090 0.077 0.072 0.065 0.105 0.103 0.073 0.067 0.085 0.073 0.096 0.107 0.104 0.105 0.079 0.073 
0.123 0.065 0.073 0.101 0.106 0.098 0.073 0.103 0.066 0.105 0.068 0.075 0.067 0.070 0.066 0.074 0.106 0.081 0.100 0.104 0.070 0.109 0.088 0.117 0.073 0.074 0.073 0.078 0.078 0.102 0.106 0.102 0.078 0.070 0.075 0.072 0.125 0.106 0.082 0.091 0.082 0.082 0.083 0.106 0.085 0.086 0.093 0.079 0.081 0.106 0.111 0.073 0.116 0.096 0.086 0.122 0.112 0.126 0.117 0.120 
0.120 0.082 0.122 0.121 0.123 0.129 0.148 0.131 0.121 0.138 0.137 0.123 0.131 0.079 0.119 0.105 0.126 0.120 0.128 0.127 0.095 0.127 0.126 0.113 0.124 0.136 0.123 0.095 0.120 0.120 0.113 0.117 0.117 0.123 0.121 0.083 0.091 0.101 0.140 0.135 0.114 0.122 0.120 0.143 0.110 0.126 0.147 0.117 0.107 0.120 0.142 0.154 0.137 0.141 0.106 0.125 0.146 0.146 0.126 0.123 
0.126 0.142 0.143 0.107 0.146 0.147 0.131 0.134 0.139 0.107 0.132 0.140 0.114 0.093 0.145 0.146 0.133 0.131 0.103 0.133 0.123 0.131 0.137 0.092 0.145 0.139 0.137 0.119 0.116 0.158 0.154 0.132 0.108 0.121 0.146 0.126 0.126 0.137 0.132 0.109 0.136 0.121 0.108 0.098 0.120 0.143 0.135 0.118 0.123 0.100 0.108 0.122 0.124 0.118 0.115 0.103 0.155 0.157 0.125 0.129 
0.112 0.138 0.158 0.130 0.097 0.133 0.141 0.132 0.096 0.110 0.136 0.137 0.129 0.136 0.132 0.106 0.104 0.137 0.107 0.124 0.129 0.151 0.127 0.135 0.124 0.099 0.134 0.134 0.118 0.130 0.144 0.112 0.122 0.144 0.140 0.138 0.100 0.148 0.135 0.104 0.137 0.105 0.114 0.133 0.112 0.138 0.156 0.314 0.209 0.209 0.201 0.182 0.212 0.230 0.220 0.179 0.177 0.183 0.206 0.246 
0.228 0.240 0.217 0.176 0.221 0.222 0.197 0.165 0.227 0.214 0.228 0.233 0.238 0.192 0.187 0.223 0.165 0.184 0.212 0.199 0.203 0.201 0.189 0.207 0.214 0.264 0.180 0.208 0.224 0.180 0.230 0.182 0.208 0.197 0.183 0.163 0.211 0.210 0.194 0.230 0.183 0.214 0.192 0.194 0.213 0.183 0.223 0.195 0.238 0.236 0.173 0.167 0.202 0.198 0.209 0.217 0.195 0.210 0.218 0.164 
0.195 0.216 0.172 0.185 0.205 0.199 0.200 0.178 0.217 0.235 0.173 0.182 0.239 0.225 0.198 0.242 0.225 0.198 0.190 0.194 0.186 0.193 0.294 0.331 0.371 0.368 0.366 0.347 0.332 0.314 0.304 0.308 0.298 0.256 0.248 0.261 0.270 0.241 0.261 0.237 0.342 0.348 0.325 0.301 0.368 0.354 0.331 0.291 0.289 0.234 0.269 0.261 0.238 0.255 0.205 0.237 0.203 0.154 0.180 0.159 
0.209 0.185 0.219 0.166 0.173 0.195 0.187 0.178 0.197 0.210 0.198 0.201 0.192 0.162 0.179 0.208 0.218 0.180 0.200 0.206 0.179 0.170 0.158 0.192 0.192 0.195 0.204 0.159 0.199 0.202 0.175 0.164 0.183 0.170 0.200 0.174 0.179 0.205 0.246 0.236 0.218 0.189 0.182 0.194 0.202 0.184 0.228 0.195 0.181 0.186 0.171 0.216 0.197 0.208 0.220 0.221 0.198 0.178 0.220 0.198 
0.175 0.168 0.204 0.207 0.220 0.212 0.177 0.210 0.186 0.229 0.203 0.204 0.189 0.220 0.207 0.190 0.194 0.192 0.234 0.205 0.200 0.181 0.221 0.216 0.220 0.265 0.205 0.184 0.196 0.214 0.168 0.223 0.192 0.180 0.185 0.218 0.166 0.239 0.176 0.218 0.202 0.165 0.163 0.236 0.178 0.224 0.190 0.197 0.194 0.174 0.189 0.193 0.187 0.188 0.184 0.195 0.177 0.201 0.156 0.170 
0.177 0.188 0.198 0.160 0.193 0.217 0.190 0.182 0.209 0.196 0.188 0.217 0.168 0.196 0.193 0.183 0.179 0.157 0.164 0.183 0.207 0.148 0.189 0.196 0.218 0.209 0.197 0.165 0.184 0.213 0.174 0.185 0.179 0.166 0.189 0.189 0.217 0.208 0.190 0.164 0.190 0.217 0.172 0.199 0.233 0.196 0.211 0.190 0.156 0.190 0.210 0.206 0.163 0.187 0.181 0.196 0.175 0.186 0.182 0.191 
0.194 0.183 0.169 0.180 0.177 0.231 0.213 0.205 0.184 0.224 0.215 0.194 0.203 0.197 0.163 0.193 0.220 0.216 0.148 0.185 0.184 0.180 0.165 0.179 0.192 0.230 0.217 0.198 0.205 0.178 0.193 0.200 0.238 0.302 0.317 0.317 0.315 0.383 0.368 0.298 0.310 0.276 0.295 0.245 0.246 0.238 0.215 0.237 0.200 0.236 0.286 0.283 0.333 0.291 0.382 0.305 0.262 0.268 0.270 0.277 
0.200 0.230 0.229 0.250 0.228 0.239 0.188 0.209 0.202 0.196 0.204 0.200 0.182 0.206 0.226 0.225 0.164 0.208 0.183 0.177 0.184 0.204 0.219 0.169 0.199 0.229 0.204 0.192 0.204 0.184 0.222 0.209 0.203 0.213 0.197 0.193 0.192 0.188 0.204 0.202 0.205 0.188 0.201 0.181 0.243 0.168 0.170 0.197 0.182 0.202 0.201 0.217 0.201 0.192 0.194 0.215 0.210 0.209 0.204 0.185 
