0.166 0.113 0.086 0.120 0.081 0.082 0.140 0.101 0.086 0.115 0.136 0.124 0.096 0.115 0.126 0.148 0.128 0.082 0.090 0.152 0.112 0.137 0.107 0.079 0.079 0.102 0.094 0.119 0.103 0.066 0.145 0.132 0.103 0.082 0.098 0.122 0.100 0.087 0.110 0.130 0.129 0.102 0.080 0.186 0.140 0.122 0.086 0.118 0.106 0.089 0.075 0.102 0.108 0.108 0.123 0.101 0.073 0.094 0.091 0.078 
0.080 0.098 0.093 0.108 0.100 0.078 0.120 0.123 0.135 0.108 0.115 0.118 0.105 0.072 0.137 0.120 0.128 0.094 0.091 0.112 0.078 0.104 0.087 0.089 0.073 0.111 0.112 0.069 0.103 0.111 0.073 0.078 0.122 0.108 0.090 0.105 0.121 0.110 0.091 0.098 0.096 0.108 0.087 0.124 0.112 0.098 0.137 0.129 0.106 0.095 0.112 0.129 0.074 0.113 0.130 0.069 0.102 0.092 0.112 0.101 
0.100 0.105 0.182 0.098 0.116 0.099 0.105 0.089 0.106 0.115 0.104 0.103 0.090 0.114 0.070 0.128 0.112 0.108 0.088 0.100 0.072 0.120 0.076 0.098 0.099 0.133 0.083 0.112 0.106 0.070 0.115 0.122 0.099 0.116 0.083 0.116 0.117 0.100 0.108 0.090 0.094 0.121 0.098 0.105 0.091 0.137 0.155 0.085 0.074 0.064 0.092 0.097 0.105 0.089 0.120 0.088 0.101 0.122 0.104 0.102 
0.114 0.130 0.126 0.146 0.118 0.075 0.119 0.113 0.094 0.078 0.099 0.092 0.107 0.102 0.125 0.083 0.094 0.068 0.116 0.094 0.110 0.087 0.108 0.108 0.096 0.056 0.094 0.129 0.092 0.106 0.082 0.086 0.109 0.093 0.078 0.080 0.088 0.117 0.094 0.112 0.080 0.099 0.091 0.121 0.103 0.121 0.128 0.099 0.079 0.095 0.062 0.068 0.120 0.078 0.103 0.087 0.080 0.095 0.124 0.056 
0.119 0.086 0.099 0.084 0.139 0.088 0.113 0.086 0.070 0.073 0.099 0.087 0.086 0.099 0.123 0.096 0.109 0.095 0.063 0.086 0.094 0.099 0.082 0.077 0.061 0.119 0.071 0.079 0.095 0.083 0.080 0.035 0.077 0.094 0.039 0.083 0.093 0.096 0.091 0.067 0.089 0.076 0.050 0.060 0.083 0.099 0.071 0.098 0.055 0.059 0.083 0.101 0.099 0.076 0.103 0.079 0.093 0.084 0.080 0.086 
0.066 0.057 0.212 0.088 0.065 0.099 0.086 0.103 0.107 0.070 0.092 0.075 0.103 0.093 0.078 0.103 0.104 0.102 0.066 0.065 0.044 0.095 0.074 0.072 0.055 0.060 0.065 0.067 0.083 0.069 0.071 0.070 0.064 0.075 0.071 0.075 0.085 0.086 0.105 0.089 0.072 0.066 0.066 0.082 0.074 0.119 0.122 0.088 0.066 0.105 0.080 0.074 0.074 0.021 0.086 0.083 0.064 0.068 0.076 0.069 
0.072 0.044 0.067 0.080 0.042 0.088 0.082 0.119 0.096 0.080 0.089 0.102 0.044 0.103 0.103 0.090 0.096 0.024 0.063 0.070 0.051 0.068 0.080 0.073 0.067 0.041 0.065 0.067 0.076 0.063 0.081 0.092 0.039 0.093 0.060 0.083 0.087 0.096 0.111 0.053 0.061 0.107 0.084 0.088 0.081 0.088 0.093 0.041 0.059 0.076 0.081 0.106 0.073 0.071 0.073 0.081 0.067 0.064 0.058 0.059 
0.077 0.066 0.090 0.052 0.066 0.074 0.083 0.080 0.082 0.085 0.051 0.097 0.115 0.077 0.092 0.081 0.067 0.072 0.078 0.079 0.082 0.098 0.091 0.061 0.035 0.057 0.062 0.070 0.092 0.109 0.038 0.067 0.064 0.067 0.046 0.060 0.064 0.059 0.056 0.071 0.042 0.078 0.081 0.085 0.055 0.089 0.070 0.057 0.075 0.055 0.065 0.048 0.049 0.040 0.061 -0.063 0.081 0.061 0.044 0.048 
0.046 0.282 0.267 0.048 0.052 0.086 0.073 0.087 0.069 0.080 0.060 0.063 0.071 0.061 0.074 0.069 0.026 0.021 0.047 0.031 0.044 0.052 0.056 0.077 0.059 0.051 0.052 0.045 0.107 0.051 0.049 0.033 0.031 0.027 0.031 0.034 0.035 0.044 0.028 0.020 0.015 0.022 0.024 0.022 0.019 0.024 0.022 0.028 0.035 0.029 0.031 0.025 0.034 0.040 0.000 0.033 0.039 0.033 0.043 0.023 
0.014 0.030 0.037 0.016 0.007 0.019 0.013 -0.005 0.033 0.024 0.036 0.037 0.017 0.019 0.030 0.012 0.019 0.018 0.014 0.030 0.027 0.004 0.003 0.026 0.038 -0.004 0.009 0.031 0.031 0.020 0.035 0.034 0.035 0.029 -0.004 0.020 0.023 0.028 0.017 0.020 0.022 0.018 0.004 -0.005 0.016 0.011 0.031 0.019 0.013 0.016 0.014 0.031 0.016 0.019 0.016 0.006 0.599 0.346 0.304 0.307 
0.300 0.314 0.317 0.327 0.607 0.581 0.591 0.582 0.549 0.531 0.518 0.560 0.615 0.706 0.689 0.524 0.491 0.405 0.355 0.361 0.348 0.636 0.611 0.616 0.543 0.590 0.570 0.577 0.574 0.586 0.672 0.492 0.004 0.011 -0.030 0.012 0.010 0.009 0.014 0.001 0.009 0.009 -0.012 -0.001 0.006 0.029 0.045 0.030 0.019 0.010 0.016 0.011 -0.002 0.011 0.001 0.006 0.008 0.010 0.007 0.001 
-0.022 0.008 0.014 0.008 0.005 -0.014 0.016 -0.000 -0.022 -0.018 -0.019 -0.027 0.012 0.003 0.010 0.009 0.025 0.010 -0.025 0.320 0.461 0.314 0.051 -0.001 -0.003 -0.029 -0.021 0.041 0.016 -0.012 0.008 0.008 -0.027 -0.031 -0.028 -0.030 0.010 -0.002 -0.027 0.002 0.002 0.012 0.016 0.010 0.016 0.007 0.014 0.012 0.010 0.012 0.003 0.009 0.008 0.018 -0.007 0.004 0.015 0.008 0.002 0.003 
0.010 0.008 0.009 0.007 0.003 -0.002 -0.006 -0.001 -0.001 -0.004 0.004 -0.000 0.002 0.003 0.003 0.002 0.009 -0.009 -0.022 0.001 0.007 0.015 0.015 0.011 0.003 0.012 0.035 0.023 0.029 0.018 0.010 0.013 0.000 -0.002 -0.005 0.007 0.009 0.003 0.011 0.008 0.018 -0.026 -0.018 0.013 -0.012 0.022 -0.020 0.007 -0.028 -0.026 -0.004 0.013 0.006 0.010 0.010 -0.028 0.011 -0.008 0.004 -0.025 
-0.017 0.007 0.011 -0.031 0.010 -0.025 0.020 -0.012 -0.008 0.020 -0.029 0.022 -0.029 -0.022 -0.031 0.014 0.002 0.014 -0.016 -0.013 -0.002 0.023 0.006 -0.009 0.019 -0.002 -0.007 -0.005 -0.002 0.003 -0.002 -0.002 0.028 0.019 -0.012 -0.006 -0.005 0.019 0.039 0.014 0.023 0.031 0.028 -0.006 0.020 0.018 0.021 0.043 0.030 0.048 0.010 0.042 0.012 0.061 0.028 0.028 0.026 0.046 0.009 0.004 
0.006 0.058 0.046 0.229 0.058 0.037 0.049 0.075 0.069 0.061 0.047 0.057 0.011 0.055 0.065 0.057 0.069 0.055 0.060 0.065 0.051 0.059 0.067 0.065 0.067 0.055 0.063 0.091 0.074 0.059 0.074 0.068 0.053 0.067 0.071 0.093 0.094 0.082 0.081 0.077 0.095 0.101 0.073 0.089 0.060 0.141 0.092 0.097 0.052 0.079 0.065 0.073 0.091 0.071 0.118 0.082 0.091 0.114 0.097 0.100 
0.090 0.112 0.073 0.090 0.089 0.084 0.105 0.106 0.100 0.067 0.125 0.092 0.112 0.091 0.122 0.102 0.095 0.100 0.104 0.124 0.061 0.063 0.087 0.124 0.153 0.090 0.099 0.100 0.087 0.059 0.112 0.112 0.108 0.072 0.098 0.088 0.074 0.102 0.084 0.070 0.098 0.090 0.097 0.096 0.078 0.083 0.064 0.086 0.094 0.101 0.087 0.101 0.045 0.112 0.122 0.091 0.075 0.079 0.092 0.099 
0.087 0.124 0.078 0.061 0.096 0.113 0.096 0.078 0.080 0.122 0.089 0.081 0.099 0.094 0.101 0.077 0.102 0.114 0.079 0.065 0.104 0.121 0.101 0.089 0.065 0.083 0.094 0.112 0.094 0.100 0.126 0.082 0.106 0.064 0.084 0.103 0.128 0.094 0.066 0.099 0.115 0.095 0.070 0.090 0.102 0.117 0.091 0.094 0.059 0.060 0.082 0.080 0.090 0.101 0.068 0.097 0.088 0.124 0.088 0.084 
0.090 0.124 0.069 0.089 0.084 0.104 0.088 0.122 0.094 0.077 0.109 0.092 0.125 0.120 0.115 0.190 0.102 0.099 0.072 0.094 0.094 0.109 0.085 0.104 0.139 0.078 0.079 0.106 0.091 0.099 0.097 0.075 0.086 0.084 0.080 0.108 0.111 0.130 0.086 0.106 0.082 0.099 0.098 0.129 0.058 0.133 0.090 0.132 0.177 0.222 0.244 0.152 0.181 0.159 0.092 0.059 0.053 0.093 0.116 0.088 
0.092 0.075 0.091 0.067 0.108 0.093 0.128 0.066 0.110 0.091 0.056 0.069 0.106 0.055 0.119 0.107 0.077 0.087 0.084 0.087 0.095 0.062 0.085 0.068 0.091 0.073 0.077 0.078 0.089 0.094 0.079 0.084 0.080 0.048 0.069 0.085 0.087 0.075 0.118 0.104 0.091 0.083 0.133 0.084 0.054 0.092 0.065 0.075 0.110 0.072 0.059 0.068 0.095 0.095 0.114 0.109 0.070 0.089 0.088 0.088 
0.117 0.148 0.057 0.087 0.088 0.069 0.075 0.121 0.107 0.116 0.073 0.063 0.099 0.118 0.115 0.058 0.121 0.054 0.091 0.044 0.053 0.081 0.058 0.082 0.099 0.091 0.060 0.108 0.084 0.058 0.136 0.095 0.097 0.078 0.117 0.101 0.098 0.099 0.114 0.112 0.088 0.149 0.091 0.075 0.107 0.116 0.089 0.061 0.105 0.129 0.064 0.112 0.069 0.105 0.096 0.082 0.099 0.078 0.082 0.100 
0.087 0.084 0.070 0.073 0.094 0.119 0.088 0.066 0.089 0.081 0.121 0.109 0.078 0.096 0.114 0.048 0.072 0.068 0.073 0.075 0.088 0.114 0.076 0.094 0.091 0.091 0.095 0.110 0.041 0.091 0.076 0.072 0.052 0.071 0.106 0.095 0.123 0.053 0.094 0.121 0.092 0.090 0.095 0.112 0.070 0.107 0.104 0.070 0.100 0.056 0.064 0.104 0.100 0.065 0.061 0.050 0.079 0.084 0.092 0.120 
0.108 0.075 0.076 0.068 0.089 0.080 0.088 0.110 0.112 0.088 0.087 0.094 0.095 0.095 0.078 0.093 0.080 0.054 0.049 0.079 0.096 0.103 0.089 0.105 0.103 0.055 0.075 0.091 0.069 0.082 0.071 0.073 0.063 0.079 0.049 0.113 0.102 0.077 0.111 0.097 0.046 0.078 0.088 0.082 0.085 0.112 0.098 0.097 0.058 0.070 0.062 0.055 0.080 0.119 0.080 0.087 0.151 0.099 0.098 0.089 
0.123 0.077 0.100 0.046 0.084 0.108 0.103 0.056 0.095 0.094 0.086 0.085 0.057 0.121 0.111 0.092 0.090 0.087 0.049 0.075 0.080 0.073 0.059 0.095 0.080 0.081 0.085 0.090 0.066 0.080 0.088 0.074 0.075 0.039 0.092 0.098 0.112 0.107 0.110 0.126 0.064 0.077 0.093 0.105 0.032 0.084 0.095 0.105 0.116 0.080 0.070 0.102 0.103 0.122 0.067 0.071 0.084 0.088 0.051 0.108 
0.089 0.071 0.057 0.067 0.094 0.082 0.107 0.098 0.077 0.103 0.079 0.069 0.088 0.077 0.155 0.213 0.170 0.172 0.201 0.200 0.196 0.159 0.167 0.193 0.167 0.140 0.099 0.187 0.122 0.104 0.138 0.102 0.220 0.224 0.203 0.188 0.210 0.212 0.137 0.181 0.182 0.130 0.146 0.123 0.120 0.085 0.103 0.092 0.099 0.062 0.095 0.103 0.057 0.109 0.080 0.083 0.074 0.087 0.093 0.112 
