0.215 0.188 0.185 0.167 0.208 0.183 0.221 0.203 0.212 0.201 0.156 0.199 0.193 0.200 0.204 0.191 0.209 0.202 0.168 0.186 0.186 0.155 0.198 0.229 0.220 0.186 0.143 0.170 0.146 0.159 0.178 0.205 0.207 0.168 0.204 0.200 0.210 0.206 0.226 0.186 0.191 0.178 0.182 0.198 0.242 0.167 0.158 0.202 0.200 0.195 0.204 0.207 0.210 0.230 0.218 0.189 0.200 0.156 0.201 0.169 
0.229 0.192 0.195 0.162 0.197 0.205 0.233 0.206 0.224 0.199 0.162 0.189 0.194 0.213 0.227 0.219 0.185 0.179 0.188 0.238 0.171 0.196 0.188 0.228 0.173 0.201 0.195 0.210 0.187 0.169 0.233 0.186 0.165 0.194 0.197 0.197 0.182 0.195 0.189 0.222 0.177 0.197 0.183 0.190 0.207 0.173 0.191 0.202 0.203 0.163 0.218 0.200 0.154 0.168 0.194 0.202 0.204 0.191 0.176 0.188 
0.213 0.176 0.186 0.170 0.169 0.209 0.204 0.202 0.184 0.206 0.178 0.170 0.171 0.190 0.222 0.191 0.197 0.186 0.194 0.195 0.151 0.188 0.201 0.196 0.190 0.189 0.174 0.175 0.181 0.179 0.213 0.193 0.209 0.183 0.210 0.208 0.173 0.199 0.217 0.184 0.184 0.208 0.160 0.156 0.191 0.188 0.173 0.179 0.194 0.172 0.178 0.206 0.177 0.190 0.188 0.173 0.147 0.177 0.220 0.191 
0.206 0.197 0.157 0.190 0.208 0.198 0.154 0.188 0.186 0.182 0.175 0.178 0.184 0.159 0.211 0.178 0.215 0.205 0.198 0.183 0.176 0.229 0.154 0.207 0.226 0.181 0.153 0.201 0.209 0.180 0.204 0.153 0.213 0.185 0.150 0.190 0.217 0.152 0.206 0.197 0.170 0.188 0.193 0.213 0.149 0.183 0.154 0.162 0.171 0.204 0.191 0.177 0.139 0.179 0.215 0.180 0.185 0.190 0.165 0.163 
0.184 0.197 0.153 0.139 0.186 0.197 0.184 0.157 0.201 0.211 0.176 0.178 0.174 0.163 0.160 0.184 0.190 0.145 0.188 0.163 0.153 0.177 0.177 0.186 0.164 0.147 0.171 0.188 0.159 0.169 0.151 0.170 0.178 0.170 0.174 0.142 0.162 0.161 0.169 0.211 0.196 0.194 0.141 0.181 0.195 0.158 0.157 0.157 0.157 0.148 0.173 0.185 0.135 0.157 0.150 0.161 0.202 0.182 0.170 0.162 
0.173 0.298 0.192 0.158 0.178 0.156 0.194 0.172 0.188 0.191 0.147 0.160 0.148 0.150 0.180 0.184 0.152 0.148 0.159 0.168 0.161 0.172 0.148 0.161 0.170 0.164 0.182 0.167 0.168 0.109 0.137 0.156 0.170 0.155 0.131 0.170 0.178 0.147 0.190 0.173 0.165 0.162 0.178 0.136 0.190 0.177 0.183 0.145 0.134 0.156 0.152 0.180 0.171 0.189 0.135 0.149 0.142 0.159 0.156 0.148 
0.164 0.163 0.153 0.119 0.181 0.171 0.198 0.155 0.174 0.167 0.162 0.150 0.146 0.153 0.174 0.187 0.158 0.146 0.163 0.191 0.175 0.125 0.172 0.175 0.158 0.145 0.152 0.171 0.156 0.137 0.160 0.173 0.164 0.154 0.165 0.190 0.138 0.181 0.188 0.137 0.182 0.176 0.166 0.152 0.173 0.219 0.160 0.140 0.150 0.148 0.164 0.149 0.148 0.153 0.170 0.150 0.176 0.167 0.152 0.130 
0.134 0.161 0.177 0.150 0.186 0.138 0.168 0.168 0.166 0.186 0.139 0.157 0.193 0.170 0.156 0.186 0.163 0.152 0.167 0.123 0.131 0.168 0.152 0.181 0.174 0.143 0.161 0.194 0.166 0.163 0.158 0.155 0.163 0.166 0.171 0.185 0.147 0.133 0.175 0.149 0.160 0.167 0.161 0.133 0.182 0.183 0.143 0.136 0.156 0.116 0.121 0.153 0.140 0.151 0.019 0.137 0.149 0.149 0.138 0.149 
0.189 0.125 0.139 0.145 0.135 0.128 0.145 0.152 0.171 0.158 0.149 0.143 0.154 0.113 0.101 0.133 0.147 0.170 0.135 0.135 0.139 0.143 0.159 0.107 0.159 0.177 0.152 0.166 0.132 0.150 0.118 0.140 0.152 0.167 0.127 0.115 0.144 0.143 0.159 0.160 0.119 0.098 0.118 0.114 0.121 0.110 0.119 0.119 0.118 0.131 0.113 0.125 0.100 0.099 0.082 0.121 0.154 0.131 0.092 0.117 
0.119 0.122 0.118 0.113 0.122 0.111 0.086 0.127 0.115 0.139 0.140 0.137 0.079 0.070 0.071 0.090 0.091 0.078 0.089 0.086 0.083 0.082 0.089 0.092 0.086 0.086 0.065 0.087 0.097 0.091 0.080 0.087 0.080 0.083 0.090 0.079 0.061 0.074 0.085 0.056 0.084 0.084 0.079 0.089 0.086 0.079 0.085 0.083 0.090 0.086 0.099 0.085 0.081 0.084 0.079 0.644 0.447 0.411 0.417 0.428 
0.413 0.392 0.579 0.704 0.602 0.655 0.602 0.590 0.627 0.637 0.592 0.616 0.799 0.814 0.596 0.473 0.448 0.411 0.399 0.411 0.468 0.643 0.629 0.630 0.571 0.638 0.615 0.629 0.653 0.631 0.749 0.640 0.081 0.082 0.075 0.082 0.073 0.052 0.061 0.081 0.088 0.078 0.084 0.078 0.083 0.084 0.077 0.080 0.075 0.082 0.051 0.075 0.081 0.077 0.081 0.091 0.077 0.085 0.074 0.075 
0.052 0.075 0.081 0.077 0.082 0.087 0.076 0.089 0.053 0.080 0.081 0.079 0.085 0.081 0.088 0.100 0.082 0.053 0.096 0.610 0.455 0.244 0.083 0.042 0.055 0.052 0.047 0.093 0.074 0.050 0.078 0.047 0.080 0.075 0.046 0.049 0.081 0.052 0.078 0.088 0.074 0.090 0.052 0.046 0.051 0.046 0.084 0.082 0.048 0.066 0.056 0.079 0.081 0.074 0.083 0.077 0.080 0.042 0.041 0.075 
0.077 0.047 0.080 0.045 0.084 0.076 0.076 0.089 0.042 0.049 0.075 0.043 0.045 0.079 0.073 0.042 0.071 0.045 0.041 0.043 0.073 0.074 0.078 0.043 0.042 0.041 0.071 0.077 0.044 0.044 0.081 0.044 0.047 0.074 0.075 0.083 0.074 0.087 0.043 0.049 0.078 0.092 0.042 0.051 0.076 0.048 0.073 0.082 0.074 0.048 0.073 0.047 0.046 0.081 0.047 0.093 0.051 0.092 0.045 0.051 
0.053 0.080 0.056 0.074 0.096 0.054 0.086 0.080 0.064 0.049 0.091 0.053 0.060 0.086 0.085 0.082 0.058 0.058 0.053 0.095 0.097 0.066 0.068 0.073 0.047 0.052 0.081 0.053 0.081 0.062 0.081 0.063 0.045 0.053 0.045 0.055 0.058 0.070 0.089 0.091 0.052 0.058 0.086 0.102 0.094 0.073 0.056 0.051 0.061 0.048 0.054 0.054 0.082 0.098 0.097 0.069 0.085 0.086 0.063 0.090 
0.095 0.094 0.100 0.100 0.112 0.109 0.070 0.119 0.076 0.076 0.076 0.119 0.117 0.108 0.133 0.107 0.094 0.096 0.096 0.102 0.094 0.075 0.110 0.113 0.077 0.095 0.104 0.094 0.066 0.097 0.102 0.097 0.088 0.068 0.092 0.109 0.112 0.116 0.072 0.117 0.100 0.088 0.107 0.084 0.065 0.098 0.093 0.105 0.064 0.098 0.107 0.107 0.132 0.113 0.097 0.117 0.110 0.114 0.121 0.083 
0.120 0.104 0.090 0.087 0.112 0.124 0.090 0.120 0.096 0.113 0.103 0.071 0.094 0.118 0.118 0.081 0.110 0.107 0.106 0.089 0.099 0.092 0.105 0.104 0.110 0.119 0.075 0.108 0.106 0.117 0.114 0.084 0.119 0.111 0.114 0.108 0.085 0.119 0.111 0.104 0.078 0.079 0.106 0.105 0.088 0.117 0.110 0.105 0.109 0.084 0.099 0.113 0.098 0.113 0.082 0.119 0.113 0.107 0.079 0.084 
0.108 0.122 0.135 0.111 0.093 0.106 0.093 0.110 0.099 0.096 0.080 0.099 0.110 0.119 0.092 0.101 0.113 0.112 0.103 0.097 0.066 0.116 0.123 0.141 0.087 0.096 0.122 0.110 0.083 0.119 0.140 0.112 0.082 0.101 0.105 0.128 0.110 0.097 0.083 0.113 0.128 0.109 0.072 0.098 0.103 0.123 0.109 0.089 0.123 0.115 0.088 0.113 0.128 0.112 0.094 0.073 0.095 0.099 0.105 0.122 
0.074 0.112 0.105 0.093 0.085 0.064 0.101 0.113 0.112 0.104 0.080 0.105 0.137 0.073 0.069 0.108 0.119 0.113 0.113 0.096 0.119 0.109 0.102 0.117 0.123 0.103 0.093 0.098 0.073 0.106 0.127 0.121 0.082 0.090 0.110 0.093 0.089 0.086 0.110 0.108 0.100 0.090 0.102 0.104 0.101 0.070 0.104 0.124 0.125 0.102 0.079 0.077 0.119 0.116 0.073 0.113 0.114 0.103 0.087 0.113 
0.099 0.095 0.078 0.091 0.117 0.106 0.057 0.112 0.067 0.092 0.103 0.115 0.084 0.114 0.119 0.061 0.117 0.121 0.070 0.099 0.135 0.104 0.122 0.072 0.121 0.095 0.091 0.084 0.102 0.078 0.125 0.114 0.082 0.115 0.106 0.090 0.102 0.110 0.130 0.075 0.109 0.097 0.100 0.072 0.077 0.127 0.094 0.112 0.067 0.101 0.106 0.106 0.117 0.080 0.103 0.127 0.117 0.107 0.060 0.108 
0.084 0.072 0.114 0.103 0.103 0.065 0.107 0.134 0.113 0.084 0.107 0.094 0.090 0.111 0.092 0.074 0.102 0.111 0.108 0.079 0.076 0.099 0.113 0.122 0.088 0.073 0.106 0.105 0.097 0.076 0.126 0.119 0.085 0.095 0.107 0.114 0.086 0.099 0.106 0.128 0.129 0.159 0.074 0.095 0.087 0.102 0.092 0.065 0.098 0.094 0.100 0.078 0.125 0.110 0.098 0.097 0.084 0.082 0.113 0.135 
0.114 0.080 0.096 0.092 0.105 0.074 0.099 0.109 0.089 0.091 0.063 0.087 0.102 0.088 0.095 0.103 0.090 0.104 0.097 0.129 0.102 0.069 0.121 0.108 0.120 0.115 0.072 0.109 0.112 0.124 0.063 0.096 0.072 0.093 0.105 0.111 0.073 0.107 0.112 0.106 0.069 0.104 0.096 0.072 0.108 0.119 0.096 0.105 0.063 0.092 0.077 0.087 0.114 0.073 0.092 0.109 0.108 0.112 0.099 0.081 
0.100 0.096 0.094 0.063 0.109 0.094 0.109 0.076 0.089 0.080 0.111 0.107 0.066 0.094 0.143 0.106 0.077 0.104 0.105 0.103 0.074 0.094 0.127 0.135 0.103 0.083 0.097 0.066 0.101 0.099 0.094 0.065 0.095 0.101 0.090 0.113 0.066 0.115 0.105 0.089 0.095 0.075 0.108 0.102 0.106 0.096 0.085 0.074 0.067 0.103 0.095 0.096 0.120 0.087 0.107 0.106 0.081 0.134 0.096 0.080 
0.095 0.106 0.099 0.105 0.102 0.084 0.091 0.116 0.113 0.102 0.096 0.093 0.129 0.112 0.115 0.111 0.110 0.106 0.109 0.105 0.097 0.105 0.102 0.124 0.112 0.115 0.070 0.077 0.116 0.106 0.086 0.122 0.102 0.166 0.103 0.117 0.153 0.081 0.125 0.064 0.097 0.111 0.093 0.079 0.106 0.103 0.072 0.097 0.099 0.105 0.074 0.117 0.102 0.113 0.124 0.123 0.093 0.106 0.101 0.093 
0.090 0.069 0.113 0.068 0.099 0.103 0.072 0.116 0.107 0.062 0.104 0.080 0.104 0.088 0.113 0.073 0.072 0.102 0.101 0.114 0.067 0.167 0.228 0.249 0.223 0.209 0.187 0.201 0.156 0.148 0.140 0.124 0.108 0.124 0.188 0.223 0.222 0.233 0.201 0.182 0.175 0.156 0.111 0.128 0.111 0.104 0.088 0.087 0.072 0.076 0.089 0.069 0.122 0.102 0.080 0.155 0.244 0.178 0.084 0.135 
