0.168 0.167 0.174 0.182 0.169 0.182 0.155 0.169 0.173 0.156 0.165 0.131 0.172 0.179 0.162 0.168 0.162 0.158 0.129 0.167 0.174 0.168 0.152 0.158 0.166 0.175 0.167 0.172 0.137 0.182 0.163 0.140 0.174 0.164 0.188 0.142 0.129 0.169 0.173 0.160 0.165 0.137 0.189 0.177 0.173 0.173 0.178 0.157 0.171 0.176 0.161 0.173 0.142 0.165 0.167 0.142 0.169 0.139 0.186 0.188 
0.130 0.178 0.173 0.174 0.179 0.149 0.165 0.174 0.169 0.132 0.178 0.167 0.168 0.160 0.163 0.147 0.171 0.176 0.134 0.165 0.163 0.167 0.178 0.169 0.168 0.138 0.167 0.184 0.204 0.182 0.137 0.156 0.159 0.176 0.184 0.145 0.161 0.173 0.166 0.158 0.149 0.167 0.179 0.185 0.191 0.142 0.175 0.200 0.132 0.175 0.150 0.167 0.180 0.168 0.146 0.180 0.176 0.181 0.144 0.181 
0.167 0.183 0.150 0.179 0.187 0.182 0.137 0.171 0.148 0.155 0.171 0.175 0.170 0.177 0.203 0.187 0.176 0.182 0.178 0.166 0.141 0.178 0.167 0.176 0.181 0.174 0.181 0.153 0.152 0.176 0.165 0.180 0.179 0.144 0.166 0.182 0.137 0.167 0.169 0.168 0.179 0.172 0.151 0.194 0.163 0.171 0.163 0.174 0.143 0.181 0.204 0.178 0.179 0.175 0.138 0.176 0.172 0.174 0.163 0.194 
0.181 0.166 0.150 0.174 0.181 0.150 0.143 0.179 0.161 0.180 0.170 0.141 0.176 0.182 0.180 0.134 0.172 0.181 0.171 0.173 0.180 0.148 0.180 0.156 0.163 0.171 0.155 0.175 0.187 0.153 0.174 0.187 0.150 0.180 0.167 0.176 0.180 0.145 0.177 0.166 0.174 0.183 0.147 0.159 0.176 0.189 0.175 0.203 0.148 0.184 0.177 0.171 0.175 0.175 0.147 0.174 0.171 0.162 0.187 0.183 
0.162 0.146 0.194 0.175 0.173 0.166 0.170 0.181 0.138 0.176 0.177 0.170 0.176 0.176 0.155 0.176 0.188 0.192 0.137 0.160 0.162 0.169 0.179 0.164 0.148 0.179 0.182 0.176 0.152 0.185 0.168 0.177 0.147 0.182 0.197 0.177 0.142 0.155 0.152 0.174 0.176 0.176 0.149 0.192 0.185 0.168 0.183 0.161 0.148 0.150 0.179 0.179 0.174 0.188 0.144 0.153 0.187 0.194 0.190 0.157 
0.182 0.188 0.189 0.169 0.176 0.191 0.172 0.150 0.164 0.191 0.200 0.193 0.166 0.206 0.195 0.191 0.151 0.190 0.182 0.173 0.177 0.138 0.201 0.169 0.185 0.144 0.190 0.186 0.192 0.152 0.176 0.168 0.160 0.186 0.154 0.188 0.176 0.179 0.142 0.187 0.174 0.175 0.184 0.198 0.187 0.158 0.201 0.189 0.195 0.183 0.172 0.174 0.181 0.159 0.183 0.198 0.176 0.165 0.201 0.172 
0.178 0.148 0.233 0.311 0.289 0.342 0.309 0.336 0.304 0.241 0.267 0.268 0.262 0.206 0.227 0.209 0.197 0.231 0.210 0.210 0.206 0.316 0.316 0.299 0.315 0.293 0.264 0.278 0.274 0.250 0.274 0.230 0.211 0.222 0.207 0.230 0.214 0.191 0.151 0.186 0.176 0.188 0.178 0.170 0.146 0.180 0.194 0.192 0.152 0.174 0.183 0.188 0.164 0.182 0.183 0.193 0.190 0.160 0.185 0.182 
0.192 0.150 0.168 0.186 0.159 0.184 0.182 0.179 0.178 0.186 0.158 0.170 0.193 0.188 0.188 0.146 0.185 0.199 0.179 0.188 0.155 0.139 0.190 0.186 0.163 0.186 0.185 0.186 0.163 0.189 0.178 0.184 0.185 0.143 0.198 0.179 0.172 0.197 0.182 0.157 0.173 0.151 0.188 0.186 0.192 0.147 0.195 0.195 0.183 0.180 0.152 0.186 0.174 0.195 0.181 0.189 0.160 0.169 0.168 0.198 
0.182 0.189 0.148 0.193 0.196 0.194 0.148 0.178 0.192 0.174 0.185 0.145 0.181 0.199 0.183 0.184 0.186 0.144 0.157 0.184 0.191 0.190 0.146 0.193 0.176 0.195 0.187 0.156 0.200 0.198 0.191 0.168 0.184 0.190 0.198 0.165 0.152 0.202 0.198 0.184 0.164 0.177 0.190 0.193 0.183 0.192 0.159 0.166 0.192 0.194 0.170 0.179 0.164 0.194 0.193 0.163 0.185 0.197 0.190 0.161 
0.190 0.189 0.195 0.190 0.200 0.156 0.182 0.180 0.155 0.191 0.176 0.168 0.199 0.204 0.163 0.181 0.193 0.191 0.190 0.191 0.151 0.191 0.187 0.188 0.191 0.147 0.188 0.178 0.195 0.195 0.155 0.157 0.188 0.206 0.203 0.201 0.168 0.153 0.194 0.187 0.182 0.155 0.180 0.208 0.201 0.189 0.205 0.163 0.160 0.187 0.194 0.194 0.193 0.164 0.190 0.186 0.186 0.168 0.203 0.201 
0.193 0.157 0.201 0.202 0.196 0.220 0.146 0.160 0.183 0.186 0.159 0.182 0.206 0.196 0.195 0.194 0.198 0.159 0.189 0.198 0.164 0.221 0.187 0.160 0.177 0.167 0.195 0.206 0.196 0.214 0.198 0.163 0.162 0.211 0.214 0.193 0.155 0.189 0.212 0.197 0.187 0.190 0.163 0.185 0.155 0.200 0.169 0.184 0.193 0.192 0.198 0.326 0.194 0.206 0.198 0.184 0.195 0.157 0.198 0.192 
0.157 0.153 0.341 0.271 0.251 0.254 0.218 0.235 0.258 0.231 0.230 0.231 0.229 0.240 0.233 0.205 0.233 0.217 0.231 0.228 0.227 0.210 0.236 0.212 0.223 0.236 0.230 0.263 0.287 0.245 0.212 0.238 0.253 0.260 0.276 0.277 0.207 0.233 0.244 0.232 0.221 0.243 0.250 0.227 0.254 0.259 0.256 0.251 0.241 0.243 0.243 0.262 0.223 0.278 0.263 0.250 0.277 0.251 0.261 0.241 
0.224 0.270 0.262 0.248 0.270 0.281 0.259 0.252 0.273 0.213 0.253 0.244 0.251 0.257 0.244 0.214 0.245 0.233 0.227 0.217 0.239 0.239 0.232 0.242 0.232 0.225 0.251 0.255 0.265 0.254 0.245 0.235 0.245 0.255 0.253 0.215 0.243 0.241 0.226 0.197 0.240 0.235 0.239 0.247 0.203 0.238 0.256 0.268 0.243 0.237 0.255 0.212 0.241 0.248 0.252 0.247 0.253 0.240 0.221 0.219 
0.241 0.242 0.256 0.259 0.254 0.223 0.236 0.221 0.230 0.238 0.242 0.211 0.233 0.232 0.221 0.214 0.239 0.234 0.242 0.196 0.199 0.229 0.246 0.225 0.224 0.225 0.245 0.237 0.261 0.239 0.228 0.216 0.239 0.264 0.267 0.234 0.246 0.212 0.211 0.212 0.225 0.229 0.224 0.208 0.115 0.246 0.226 0.243 0.236 0.246 0.278 0.236 0.228 0.190 0.217 0.254 0.249 0.235 0.222 0.254 
0.235 0.237 0.210 0.251 0.252 0.255 0.223 0.238 0.197 0.244 0.261 0.257 0.232 0.215 0.222 0.228 0.236 0.223 0.202 0.213 0.175 0.233 0.218 0.203 0.216 0.213 0.224 0.228 0.206 0.223 0.220 0.189 0.237 0.215 0.213 0.206 0.210 0.221 0.207 0.190 0.204 0.215 0.215 0.202 0.193 0.205 0.204 0.205 0.205 0.218 0.222 0.220 0.242 0.218 0.178 0.213 0.205 0.197 0.197 0.208 
0.191 0.223 0.226 0.215 0.191 0.205 0.207 0.207 0.198 0.195 0.197 0.203 0.201 0.201 0.194 0.202 0.194 0.207 0.202 0.203 0.213 0.213 0.199 0.181 0.198 0.176 0.208 0.201 0.215 0.192 0.199 0.203 0.198 0.208 0.207 0.214 0.201 0.203 0.198 0.194 0.203 0.191 0.198 0.192 0.187 0.737 0.459 0.459 0.452 0.470 0.442 0.456 0.453 0.446 0.727 0.755 0.751 0.731 0.721 0.727 
0.742 0.688 0.698 0.709 0.723 0.714 0.823 0.777 0.846 0.627 0.545 0.531 0.446 0.473 0.445 0.446 0.460 0.840 0.766 0.735 0.717 0.707 0.750 0.749 0.712 0.726 0.704 0.711 0.676 0.788 0.773 0.670 0.199 0.205 0.193 0.167 0.194 0.202 0.201 0.193 0.197 0.191 0.167 0.176 0.195 0.201 0.195 0.195 0.202 0.164 0.205 0.214 0.204 0.218 0.209 0.216 0.237 0.226 0.228 0.207 
0.198 0.198 0.206 0.233 0.198 0.212 0.193 0.239 0.733 0.391 0.193 0.155 0.170 0.203 0.160 0.197 0.194 0.196 0.170 0.188 0.174 0.156 0.170 0.201 0.161 0.163 0.188 0.197 0.172 0.190 0.164 0.155 0.197 0.203 0.170 0.166 0.193 0.198 0.202 0.188 0.206 0.195 0.200 0.165 0.169 0.191 0.199 0.159 0.193 0.163 0.193 0.197 0.196 0.174 0.191 0.164 0.195 0.172 0.207 0.174 
0.195 0.165 0.192 0.190 0.180 0.158 0.193 0.187 0.169 0.194 0.162 0.192 0.169 0.204 0.169 0.194 0.164 0.160 0.165 0.201 0.163 0.170 0.162 0.226 0.204 0.192 0.198 0.196 0.200 0.194 0.206 0.168 0.215 0.176 0.209 0.170 0.202 0.165 0.223 0.151 0.158 0.183 0.161 0.156 0.189 0.188 0.159 0.184 0.164 0.159 0.152 0.158 0.154 0.165 0.153 0.191 0.157 0.163 0.189 0.192 
0.156 0.188 0.187 0.205 0.154 0.189 0.155 0.160 0.160 0.158 0.186 0.160 0.190 0.197 0.195 0.192 0.156 0.191 0.193 0.161 0.188 0.161 0.157 0.182 0.173 0.187 0.161 0.153 0.170 0.185 0.163 0.187 0.158 0.201 0.189 0.193 0.193 0.186 0.196 0.189 0.194 0.162 0.191 0.197 0.189 0.170 0.194 0.196 0.202 0.188 0.194 0.192 0.193 0.202 0.194 0.195 0.169 0.197 0.217 0.189 
0.193 0.195 0.175 0.195 0.192 0.197 0.200 0.192 0.197 0.189 0.209 0.211 0.166 0.201 0.193 0.198 0.204 0.194 0.216 0.206 0.203 0.201 0.191 0.200 0.192 0.169 0.206 0.165 0.205 0.198 0.195 0.205 0.193 0.211 0.194 0.211 0.167 0.190 0.199 0.194 0.201 0.207 0.196 0.203 0.193 0.214 0.200 0.180 0.213 0.195 0.202 0.199 0.184 0.208 0.209 0.212 0.217 0.203 0.216 0.195 
0.202 0.162 0.206 0.214 0.203 0.205 0.196 0.183 0.183 0.201 0.202 0.161 0.215 0.202 0.203 0.205 0.199 0.201 0.205 0.205 0.201 0.197 0.202 0.176 0.178 0.198 0.206 0.193 0.204 0.204 0.199 0.173 0.210 0.219 0.213 0.204 0.206 0.215 0.220 0.189 0.214 0.208 0.212 0.217 0.204 0.181 0.206 0.173 0.215 0.215 0.205 0.227 0.204 0.218 0.194 0.215 0.208 0.209 0.217 0.230 
0.207 0.223 0.186 0.233 0.212 0.214 0.212 0.198 0.192 0.217 0.213 0.203 0.216 0.219 0.205 0.208 0.206 0.204 0.179 0.202 0.210 0.216 0.206 0.223 0.211 0.189 0.213 0.207 0.230 0.179 0.219 0.194 0.224 0.229 0.221 0.184 0.210 0.217 0.225 0.217 0.211 0.175 0.226 0.215 0.208 0.218 0.208 0.209 0.217 0.181 0.193 0.214 0.213 0.207 0.192 0.217 0.216 0.231 0.235 0.239 
0.196 0.186 0.235 0.234 0.218 0.214 0.214 0.205 0.216 0.221 0.211 0.214 0.224 0.193 0.214 0.208 0.215 0.220 0.217 0.218 0.210 0.196 0.207 0.230 0.228 0.219 0.238 0.209 0.215 0.219 0.215 0.220 0.186 0.239 0.220 0.218 0.224 0.180 0.190 0.223 0.214 0.213 0.224 0.229 0.210 0.229 0.224 0.184 0.229 0.211 0.211 0.197 0.220 0.226 0.214 0.218 0.217 0.220 0.202 0.211 
