0.040 0.029 0.040 0.033 0.042 0.010 0.034 0.038 0.001 0.036 0.039 0.001 0.038 0.032 0.035 0.009 0.036 0.005 0.104 0.084 0.115 0.096 0.092 0.171 0.135 0.115 0.087 0.093 0.111 0.109 0.162 0.122 0.134 0.111 0.118 0.100 0.135 0.102 0.125 0.125 0.097 0.072 0.091 0.109 0.078 0.109 0.121 0.107 0.108 0.087 0.097 0.103 0.075 0.110 0.074 0.123 0.105 0.121 0.090 0.117 
0.124 0.116 0.159 0.118 0.097 0.082 0.112 0.111 0.108 0.131 0.116 0.103 0.112 0.096 0.112 0.093 0.106 0.129 0.098 0.124 0.110 0.088 0.062 0.103 0.125 0.109 0.104 0.098 0.144 0.127 0.109 0.114 0.098 0.124 0.119 0.110 0.127 0.101 0.142 0.104 0.085 0.128 0.112 0.114 0.071 0.112 0.104 0.095 0.111 0.096 0.087 0.092 0.070 0.084 0.086 0.074 0.090 0.122 0.114 0.123 
0.112 0.115 0.098 0.065 0.106 0.087 0.116 0.103 0.120 0.087 0.099 0.071 0.086 0.106 0.097 0.085 0.091 -0.027 0.150 0.091 0.066 0.070 0.095 0.121 0.106 0.098 0.080 0.082 0.108 0.087 0.095 0.087 0.096 0.066 0.093 0.099 0.091 0.092 0.095 0.103 0.083 0.068 0.083 0.081 0.079 0.095 0.092 0.074 0.080 0.095 0.069 0.042 0.077 0.065 0.064 0.063 0.062 0.082 0.074 0.080 
0.074 0.064 0.061 0.072 0.083 0.071 0.064 0.068 0.052 0.067 0.064 0.053 0.074 0.040 0.072 0.081 0.069 0.072 0.045 0.067 0.063 0.056 0.063 0.057 0.066 0.055 0.049 0.064 0.056 0.060 0.060 0.061 0.076 0.065 0.058 0.053 0.034 0.056 0.014 0.053 0.041 0.058 0.048 0.057 0.054 0.061 0.067 0.053 0.055 0.051 0.060 0.081 0.057 0.076 0.092 0.080 0.080 0.045 0.027 0.043 
0.051 0.053 0.051 0.053 0.056 0.044 0.049 0.053 0.052 0.062 0.056 0.054 0.063 0.076 0.064 0.071 0.083 0.091 0.570 0.350 0.334 0.357 0.372 0.439 0.555 0.576 0.616 0.591 0.595 0.576 0.590 0.600 0.538 0.597 0.686 0.717 0.623 0.523 0.378 0.324 0.492 0.639 0.563 0.618 0.637 0.562 0.579 0.579 0.613 0.536 0.634 0.713 0.477 0.053 0.055 0.074 0.026 0.049 0.027 0.052 
0.052 0.055 0.046 0.052 0.060 0.053 0.057 0.048 0.056 0.053 0.051 0.044 0.041 0.053 0.037 0.047 0.042 0.037 0.044 0.039 0.046 0.038 0.022 0.047 0.048 0.053 0.043 0.045 0.045 0.043 0.046 0.050 0.049 0.046 0.039 0.049 0.019 0.050 0.059 0.037 0.353 0.497 0.320 0.105 0.015 0.040 0.040 0.015 0.053 0.065 0.049 0.045 0.052 0.045 0.044 0.043 0.045 0.047 0.034 0.049 
0.042 0.035 0.068 0.045 0.052 0.030 0.024 0.050 0.052 0.048 0.044 0.048 0.035 0.044 0.051 0.050 0.018 0.042 0.050 0.042 0.045 0.040 0.039 0.045 0.040 0.008 0.005 0.043 0.048 0.046 0.055 0.043 0.041 0.041 0.044 0.047 0.040 0.037 0.010 0.053 0.010 0.007 0.042 0.008 0.009 0.049 0.015 0.010 0.043 0.039 0.038 0.008 0.039 0.013 0.010 0.044 0.023 0.016 0.019 0.032 
0.027 0.035 0.048 0.048 0.008 0.058 0.008 0.049 0.015 0.042 0.036 0.042 0.041 0.040 0.036 0.013 0.005 0.016 0.018 0.017 0.053 0.058 0.060 0.023 0.021 0.021 0.019 0.048 0.058 0.041 0.044 0.042 0.021 0.009 0.049 0.042 0.030 0.041 0.022 0.017 0.033 0.050 0.026 0.035 0.036 0.043 0.058 0.028 0.052 0.031 0.015 0.063 0.030 0.071 0.036 0.073 0.030 0.032 0.036 0.076 
0.039 0.044 0.081 0.039 0.069 0.047 0.066 0.119 0.046 0.107 0.034 0.039 0.041 0.052 0.082 0.102 0.087 0.078 0.105 0.095 0.098 0.090 0.119 0.107 0.070 0.120 0.105 0.105 0.137 0.082 0.123 0.138 0.123 0.121 0.084 0.119 0.108 0.133 0.097 0.107 0.089 0.100 0.111 0.127 0.111 0.132 0.120 0.115 0.084 0.087 0.088 0.099 0.083 0.099 0.108 0.089 0.102 0.117 0.120 0.123 
0.123 0.131 0.111 0.115 0.124 0.138 0.146 0.123 0.080 0.085 0.103 0.106 0.130 0.098 0.125 0.140 0.115 0.114 0.135 0.110 0.148 0.123 0.146 0.133 0.115 0.098 0.110 0.096 0.127 0.120 0.149 0.116 0.124 0.112 0.117 0.144 0.154 0.109 0.113 0.124 0.145 0.121 0.116 0.123 0.128 0.129 0.131 0.110 0.087 0.121 0.123 0.144 0.095 0.132 0.132 0.105 0.122 0.076 0.137 0.101 
0.138 0.137 0.123 0.099 0.084 0.125 0.146 0.107 0.136 0.117 0.134 0.122 0.099 0.132 0.131 0.125 0.149 0.104 0.129 0.114 0.119 0.118 0.085 0.101 0.158 0.153 0.121 0.127 0.125 0.159 0.154 0.135 0.118 0.149 0.140 0.142 0.155 0.128 0.109 0.109 0.095 0.111 0.113 0.137 0.106 0.134 0.154 0.111 0.087 0.129 0.141 0.142 0.125 0.112 0.134 0.157 0.132 0.091 0.108 0.138 
0.136 0.140 0.113 0.096 0.128 0.128 0.153 0.124 0.088 0.126 0.124 0.138 0.110 0.152 0.131 0.120 0.135 0.142 0.135 0.160 0.137 0.095 0.103 0.118 0.148 0.141 0.126 0.149 0.138 0.132 0.136 0.135 0.153 0.108 0.111 0.106 0.175 0.140 0.166 0.152 0.116 0.116 0.103 0.155 0.122 0.148 0.117 0.130 0.110 0.109 0.129 0.149 0.170 0.103 0.135 0.110 0.111 0.136 0.117 0.148 
0.137 0.151 0.109 0.115 0.126 0.129 0.108 0.110 0.126 0.156 0.104 0.116 0.136 0.135 0.110 0.148 0.121 0.127 0.170 0.163 0.116 0.081 0.137 0.127 0.079 0.141 0.135 0.112 0.155 0.188 0.138 0.157 0.156 0.127 0.166 0.158 0.141 0.132 0.147 0.145 0.136 0.103 0.116 0.141 0.123 0.154 0.148 0.084 0.110 0.124 0.091 0.148 0.182 0.128 0.085 0.115 0.100 0.127 0.160 0.111 
0.150 0.113 0.125 0.130 0.110 0.130 0.170 0.137 0.140 0.158 0.105 0.108 0.128 0.099 0.122 0.139 0.098 0.115 0.133 0.112 0.140 0.163 0.111 0.136 0.096 0.125 0.120 0.137 0.127 0.105 0.125 0.146 0.115 0.137 0.135 0.097 0.140 0.115 0.144 0.090 0.111 0.122 0.148 0.095 0.161 0.158 0.110 0.138 0.100 0.123 0.133 0.118 0.117 0.116 0.096 0.143 0.106 0.121 0.112 0.122 
0.122 0.122 0.111 0.120 0.097 0.100 0.139 0.125 0.127 0.086 0.101 0.099 0.140 0.135 0.116 0.167 0.157 0.153 0.116 0.125 0.151 0.143 0.115 0.079 0.124 0.101 0.135 0.142 0.111 0.126 0.103 0.137 0.126 0.141 0.099 0.137 0.126 0.097 0.105 0.123 0.086 0.126 0.135 0.156 0.095 0.103 0.139 0.119 0.123 0.130 0.117 0.173 0.131 0.126 0.103 0.132 0.106 0.123 0.090 0.106 
0.178 0.115 0.097 0.109 0.112 0.141 0.119 0.159 0.114 0.117 0.126 0.139 0.114 0.144 0.090 0.106 0.103 0.117 0.112 0.111 0.134 0.195 0.199 0.144 0.129 0.111 0.115 0.134 0.124 0.082 0.142 0.135 0.133 0.154 0.117 0.137 0.107 0.133 0.143 0.133 0.118 0.089 0.127 0.139 0.111 0.127 0.148 0.123 0.114 0.119 0.099 0.133 0.121 0.069 0.128 0.070 0.112 0.108 0.135 0.092 
0.138 0.135 0.127 0.120 0.121 0.124 0.155 0.137 0.107 0.111 0.102 0.082 0.123 0.091 0.116 0.137 0.113 0.129 0.116 0.146 0.097 0.141 0.115 0.072 0.153 0.129 0.221 0.250 0.228 0.239 0.279 0.210 0.225 0.216 0.199 0.207 0.179 0.175 0.154 0.172 0.168 0.153 0.176 0.141 0.206 0.241 0.252 0.253 0.260 0.219 0.198 0.204 0.205 0.191 0.115 0.147 0.136 0.152 0.188 0.177 
0.105 0.109 0.134 0.162 0.152 0.092 0.146 0.144 0.113 0.085 0.123 0.124 0.092 0.110 0.102 0.153 0.140 0.114 0.100 0.097 0.114 0.133 0.111 0.122 0.130 0.103 0.090 0.125 0.119 0.104 0.171 0.141 0.086 0.127 0.090 0.262 0.175 0.155 0.165 0.113 0.104 0.127 0.147 0.125 0.092 0.155 0.143 0.077 0.135 0.127 0.138 0.217 0.129 0.101 0.141 0.115 0.180 0.169 0.165 0.178 
0.122 0.148 0.122 0.126 0.156 0.128 0.178 0.186 0.169 0.116 0.143 0.084 0.170 0.182 0.216 0.183 0.126 0.167 0.154 0.151 0.160 0.187 0.124 0.110 0.139 0.093 0.136 0.196 0.125 0.096 0.142 0.150 0.175 0.201 0.119 0.126 0.130 0.194 0.190 0.110 0.147 0.154 0.167 0.165 0.173 0.213 0.106 0.119 0.183 0.170 0.146 0.160 0.167 0.195 0.131 0.202 0.203 0.224 0.164 0.191 
0.141 0.194 0.098 0.110 0.143 0.160 0.197 0.243 0.213 0.170 0.124 0.153 0.113 0.192 0.115 0.202 0.152 0.162 0.192 0.148 0.147 0.183 0.199 0.177 0.172 0.169 0.166 0.219 0.141 0.130 0.200 0.177 0.141 0.095 0.133 0.166 0.234 0.182 0.167 0.127 0.173 0.192 0.173 0.212 0.116 0.152 0.152 0.215 0.143 0.169 0.135 0.094 0.109 0.141 0.155 0.157 0.155 0.220 0.126 0.166 
0.197 0.197 0.152 0.154 0.107 0.147 0.130 0.200 0.135 0.154 0.135 0.171 0.151 0.145 0.157 0.202 0.132 0.154 0.166 0.177 0.086 0.230 0.206 0.140 0.131 0.168 0.145 0.167 0.133 0.166 0.165 0.154 0.150 0.172 0.118 0.149 0.170 0.209 0.144 0.180 0.124 0.091 0.121 0.148 0.130 0.220 0.192 0.170 0.113 0.136 0.150 0.147 0.159 0.140 0.170 0.106 0.132 0.132 0.151 0.127 
0.152 0.145 0.129 0.170 0.109 0.164 0.176 0.250 0.148 0.134 0.191 0.157 0.144 0.154 0.115 0.171 0.127 0.143 0.128 0.148 0.147 0.116 0.146 0.142 0.238 0.212 0.170 0.168 0.172 0.124 0.183 0.121 0.137 0.142 0.104 0.137 0.129 0.162 0.134 0.119 0.144 0.142 0.117 0.164 0.212 0.168 0.139 0.116 0.191 0.132 0.117 0.138 0.138 0.154 0.194 0.176 0.140 0.190 0.107 0.143 
0.193 0.167 0.124 0.140 0.260 0.150 0.211 0.180 0.164 0.190 0.209 0.167 0.145 0.188 0.161 0.160 0.211 0.136 0.141 0.133 0.093 0.125 0.129 0.128 0.141 0.077 0.103 0.113 0.141 0.139 0.148 0.156 0.111 0.075 0.115 0.133 0.164 0.132 0.090 0.113 0.102 0.137 0.120 0.073 0.108 0.114 0.115 0.145 0.079 0.097 0.126 0.128 0.099 0.110 0.175 0.097 0.095 0.104 0.170 0.131 
0.143 0.122 0.126 0.112 0.176 0.153 0.130 0.176 0.097 0.127 0.171 0.081 0.147 0.116 0.082 0.150 0.096 0.106 0.125 0.109 0.082 0.081 0.157 0.259 0.112 0.120 0.142 0.115 0.114 0.123 0.101 0.129 0.067 0.129 0.082 0.126 0.178 0.104 0.100 0.091 0.083 0.115 0.123 0.109 0.099 0.117 0.096 0.105 0.143 0.062 0.090 0.144 0.096 0.111 0.082 0.122 0.105 0.116 0.130 0.136 
