0.103 0.081 0.087 0.088 0.072 0.117 0.070 0.058 0.053 0.057 0.072 0.077 0.095 0.106 0.086 0.096 0.096 0.087 0.076 0.124 0.093 0.108 0.088 0.090 0.127 0.081 0.056 0.106 0.093 0.124 0.093 0.077 0.097 0.034 0.091 0.096 0.082 0.057 0.076 0.074 0.098 0.096 0.118 0.069 0.084 0.088 0.106 0.078 0.094 0.060 0.111 0.109 0.041 0.085 0.070 0.072 0.089 0.074 0.110 0.109 
0.071 0.095 0.076 0.099 0.090 0.105 0.070 0.097 0.099 0.111 0.097 0.066 0.063 0.118 0.095 0.105 0.078 0.089 0.084 0.103 0.075 0.068 0.058 0.089 0.090 0.084 0.090 0.068 0.090 0.083 0.073 0.087 0.080 0.071 0.063 0.073 0.054 0.085 0.091 0.100 0.074 0.098 0.077 0.108 0.071 0.106 0.103 0.125 0.088 0.063 0.058 0.087 0.074 0.079 0.078 0.068 0.077 0.066 0.109 0.073 
0.094 0.094 0.098 0.092 0.076 0.086 0.106 0.095 0.055 0.086 0.096 0.074 0.109 0.061 0.085 0.120 0.088 0.122 0.077 0.073 0.039 0.072 0.089 0.095 0.105 0.098 0.074 0.083 0.090 0.085 0.065 0.102 0.088 0.101 0.104 0.116 0.047 0.085 0.100 0.090 0.071 0.079 0.110 0.106 0.060 0.101 0.067 0.093 0.109 0.075 0.117 0.110 0.083 0.074 0.095 0.083 0.054 0.115 0.110 0.084 
0.086 0.102 0.095 0.093 0.069 0.074 0.072 0.084 0.095 0.057 0.094 0.083 0.105 0.097 0.098 0.060 0.123 0.092 0.096 0.126 0.105 0.101 0.122 0.072 0.079 0.113 0.117 0.104 0.109 0.113 0.088 0.118 0.109 0.081 0.100 0.067 0.089 0.129 0.103 0.091 0.093 0.068 0.104 0.049 0.069 0.057 0.117 0.131 0.075 0.097 0.055 0.106 0.089 0.107 0.121 0.119 0.091 0.101 0.106 0.115 
0.075 0.111 0.095 0.114 0.116 0.052 0.085 0.096 0.102 0.106 0.115 0.104 0.112 0.087 0.126 0.137 0.092 0.104 0.119 0.105 0.064 0.109 0.092 0.114 0.108 0.096 0.078 0.158 0.075 0.086 0.094 0.110 0.082 0.076 0.094 0.067 0.113 0.096 0.102 0.116 0.104 0.114 0.137 0.115 0.105 0.101 0.092 0.125 0.108 0.077 0.100 0.104 0.062 0.108 0.061 0.087 0.113 0.135 0.097 0.102 
0.123 0.073 0.078 0.054 0.112 0.097 0.100 0.106 0.098 0.136 0.100 0.072 0.100 0.091 0.108 0.097 0.110 0.117 0.120 0.090 0.083 0.084 0.108 0.111 0.094 0.077 0.080 0.132 0.080 0.101 0.140 0.101 0.144 0.101 0.079 0.139 0.127 0.093 0.110 0.104 0.163 0.094 0.148 0.105 0.067 0.085 0.069 0.099 0.103 0.150 0.117 0.106 0.105 0.083 0.106 0.067 0.085 0.111 0.076 0.102 
0.079 0.076 0.097 0.119 0.095 0.074 0.082 0.121 0.117 0.086 0.142 0.084 0.146 0.096 0.117 0.070 0.114 0.105 0.108 0.073 0.078 0.111 0.124 0.116 0.077 0.117 0.128 0.141 0.082 0.106 0.142 0.094 0.110 0.086 0.098 0.105 0.085 0.104 0.095 0.093 0.105 0.090 0.120 0.046 0.072 0.102 0.121 0.117 0.088 0.116 0.100 0.096 0.103 0.070 0.108 0.114 0.096 0.129 0.102 0.092 
0.082 0.129 0.136 0.127 0.124 0.104 0.104 0.094 0.136 0.095 0.130 0.109 0.115 0.095 0.078 0.127 0.122 0.133 0.114 0.132 0.132 0.124 0.073 0.121 0.091 0.110 0.089 0.154 0.120 0.104 0.110 0.082 0.065 0.082 0.123 0.107 0.091 0.113 0.088 0.076 0.068 0.054 0.141 0.092 0.094 0.134 0.141 0.082 0.086 0.075 0.151 0.121 0.138 0.119 0.088 0.124 0.147 0.123 0.126 0.091 
0.114 0.109 0.111 0.054 0.094 0.102 0.107 0.122 0.113 0.091 0.125 0.110 0.138 0.122 0.060 0.110 0.130 0.078 0.154 0.114 0.108 0.070 0.077 0.094 0.095 0.126 0.118 0.083 0.112 0.126 0.080 0.110 0.102 0.085 0.070 0.103 0.092 0.127 0.151 0.095 0.081 0.116 0.103 0.087 0.095 0.094 0.128 0.110 0.098 0.090 0.105 0.090 0.093 0.082 0.106 0.095 0.201 0.096 0.115 0.081 
0.051 0.059 0.106 0.096 0.093 0.094 0.067 0.099 0.097 0.111 0.142 0.127 0.097 0.097 0.085 0.148 0.144 0.117 0.163 0.119 0.124 0.076 0.092 0.129 0.118 0.071 0.110 0.195 0.111 0.069 0.065 0.084 0.109 0.153 0.112 0.099 0.096 0.114 0.118 0.126 0.122 0.125 0.133 0.092 0.113 0.116 0.083 0.106 0.109 0.151 0.111 0.118 0.099 0.097 0.077 0.084 0.094 0.115 0.065 0.088 
0.105 0.112 0.122 0.065 0.083 0.103 0.069 0.090 0.078 0.076 0.079 0.083 0.097 0.100 0.105 0.066 0.117 0.108 0.071 0.109 0.094 0.121 0.090 0.109 0.065 0.090 0.090 0.097 0.074 0.079 0.117 0.084 0.119 0.110 0.087 0.110 0.084 0.091 0.124 0.059 0.098 0.119 0.130 0.074 0.071 0.088 0.082 0.077 0.125 0.096 0.091 0.077 0.115 0.080 0.059 0.089 0.084 0.101 0.088 0.098 
0.111 0.115 0.078 0.046 0.059 0.074 0.094 0.107 0.083 0.096 0.044 0.099 0.132 0.115 0.090 0.119 0.107 0.068 0.115 0.088 0.066 0.088 0.038 0.086 0.087 0.047 0.092 0.069 0.087 0.095 0.082 0.054 0.085 0.085 0.232 0.086 0.079 0.090 0.056 0.075 0.137 0.085 0.128 0.045 0.085 0.089 0.089 0.107 0.117 0.086 0.077 0.046 0.044 0.074 0.073 0.068 0.085 0.053 0.084 0.064 
0.073 0.065 0.068 0.068 0.049 0.080 0.084 0.069 0.103 0.100 0.073 0.082 0.077 0.093 0.095 0.115 0.088 0.088 0.086 0.064 0.081 0.073 0.098 0.080 0.081 0.095 0.057 0.119 0.072 0.038 0.046 0.079 0.071 0.086 0.042 0.081 0.068 0.061 0.120 0.076 0.093 0.051 0.112 0.082 0.097 0.059 0.083 0.077 0.093 0.056 0.094 0.085 0.069 0.080 0.046 0.078 0.075 0.031 0.079 0.090 
0.074 0.075 0.035 0.068 0.055 0.058 0.071 0.063 0.083 0.052 0.059 0.068 0.075 0.081 0.070 0.075 0.075 0.093 0.072 0.057 0.055 0.030 0.057 0.073 0.063 0.058 0.052 0.067 0.058 0.032 0.049 0.064 0.064 0.076 0.064 0.073 0.066 0.035 0.064 0.068 0.071 0.094 0.039 0.071 0.068 0.073 0.082 0.099 0.064 0.045 0.082 0.082 0.078 0.079 0.079 0.032 0.073 0.046 0.068 0.055 
0.069 0.084 0.038 0.049 0.045 0.048 0.059 0.087 0.072 0.075 0.073 0.043 0.071 0.068 0.090 0.051 0.070 0.064 0.098 0.093 0.082 0.068 0.040 0.030 0.056 0.067 0.035 -0.069 0.031 0.044 0.030 0.017 0.071 0.088 0.069 0.060 0.065 0.054 0.047 0.057 0.068 0.073 0.039 0.046 0.046 0.054 0.057 0.094 0.068 0.057 0.060 0.055 0.057 0.048 0.045 0.056 0.042 0.021 0.052 0.057 
0.042 0.045 0.036 0.027 0.033 0.025 0.026 0.031 0.049 0.065 0.034 -0.008 -0.002 0.021 0.027 0.034 0.037 0.024 0.020 0.016 0.039 -0.006 0.002 0.014 0.030 0.024 0.032 0.038 0.046 0.048 0.024 0.015 0.017 -0.003 0.036 0.029 0.040 0.052 0.038 0.028 0.045 0.035 0.019 0.012 0.006 -0.001 0.049 0.021 0.018 0.034 0.022 -0.013 0.009 0.017 0.027 0.012 0.025 0.006 0.015 0.012 
0.013 0.011 0.013 -0.014 0.024 -0.007 -0.001 0.010 0.024 0.032 0.017 0.011 0.010 0.011 0.026 0.013 0.051 0.015 0.013 0.006 0.002 0.007 0.022 0.009 0.011 -0.005 0.001 -0.002 0.544 0.256 0.279 0.297 0.271 0.290 0.282 0.293 0.311 0.560 0.479 0.475 0.446 0.465 0.475 0.571 0.590 0.617 0.566 0.556 0.570 0.513 0.681 0.603 0.009 0.004 0.001 0.004 -0.031 0.004 -0.000 0.000 
0.005 -0.005 0.007 0.001 0.013 0.004 -0.002 0.007 0.002 0.008 -0.012 -0.015 0.004 0.002 0.025 0.003 0.011 0.009 0.007 0.004 0.003 0.004 -0.028 0.010 0.030 0.018 0.004 0.009 0.003 0.009 0.005 0.006 -0.016 -0.031 0.011 0.005 0.004 -0.026 0.005 -0.021 -0.011 -0.026 -0.022 -0.001 0.005 0.003 0.005 0.001 0.010 -0.027 -0.008 0.004 0.018 0.053 0.532 0.329 0.220 0.100 0.006 0.043 
-0.013 0.097 0.139 0.125 0.139 0.128 0.139 0.066 0.051 0.084 0.071 0.044 0.028 0.035 0.016 0.005 0.015 0.028 0.036 0.100 0.117 0.122 0.126 0.099 0.080 0.059 0.072 0.044 0.081 0.025 -0.005 0.023 0.029 0.000 0.002 -0.032 -0.001 -0.041 -0.011 -0.012 -0.019 -0.019 0.003 -0.038 -0.005 -0.012 -0.035 0.000 -0.009 -0.043 -0.012 -0.011 -0.013 -0.041 -0.005 -0.009 0.002 -0.010 -0.037 -0.044 
-0.010 -0.013 -0.035 0.003 -0.037 -0.007 -0.034 -0.011 -0.041 0.002 -0.027 -0.037 -0.030 -0.040 0.001 0.011 -0.029 -0.003 0.006 -0.001 -0.004 -0.023 -0.035 0.008 0.001 -0.033 -0.006 -0.031 -0.002 -0.030 -0.034 0.007 -0.031 0.004 -0.027 0.012 -0.030 -0.020 -0.024 0.020 -0.036 0.016 -0.042 -0.007 -0.028 0.005 -0.035 0.006 -0.032 0.015 0.012 -0.027 -0.029 -0.037 -0.029 0.002 0.010 -0.020 -0.021 -0.031 
-0.019 -0.001 0.009 0.005 0.009 0.006 -0.031 0.000 -0.017 -0.008 -0.019 -0.030 0.022 -0.016 -0.004 -0.002 0.006 -0.026 0.007 -0.038 -0.027 -0.004 0.010 -0.032 0.009 0.014 0.003 -0.000 0.024 -0.015 -0.010 0.008 0.018 0.015 -0.017 0.002 0.038 0.012 0.007 0.021 0.007 0.015 0.014 0.005 0.022 0.019 0.016 0.016 0.040 0.029 0.025 -0.003 0.016 0.014 0.021 0.000 0.023 0.032 0.009 0.030 
0.019 0.021 0.026 0.028 0.027 0.015 0.029 0.024 0.014 0.040 0.040 0.041 0.046 0.030 0.036 0.022 0.035 0.060 0.028 0.008 0.026 0.022 0.023 0.028 0.047 0.049 0.052 0.030 0.055 0.074 0.051 0.033 0.039 0.038 0.051 0.017 0.057 0.060 0.051 0.075 0.061 0.079 0.041 0.044 0.038 0.039 0.076 0.024 0.058 0.057 0.057 0.040 0.050 0.067 0.047 0.029 0.033 0.052 0.071 0.060 
0.069 0.020 0.064 0.073 0.050 0.061 0.046 0.057 0.048 0.071 0.060 0.101 0.066 0.062 0.026 0.057 0.027 0.076 0.066 0.065 0.082 0.060 0.089 0.068 0.067 0.082 0.041 0.055 0.075 0.078 0.049 0.056 0.057 0.074 0.080 0.042 0.043 0.042 0.077 0.093 0.053 0.046 0.040 0.058 0.071 0.063 0.066 0.073 0.045 0.041 0.045 0.058 0.018 0.075 0.052 0.053 0.070 0.021 0.046 0.063 
0.048 0.040 0.048 0.046 0.040 0.042 0.043 0.052 0.069 0.074 0.076 0.070 0.052 0.080 0.023 0.066 0.082 0.058 0.056 0.043 0.075 0.029 0.058 0.058 0.063 0.060 0.067 0.062 0.037 0.054 0.064 0.043 0.015 0.048 0.062 0.079 0.069 0.033 0.083 0.082 0.032 0.063 0.066 0.048 0.046 0.078 0.086 0.001 0.047 0.068 0.042 0.068 0.068 0.042 0.026 0.031 0.065 0.056 0.069 0.043 
