0.127 0.113 0.099 0.111 0.075 0.125 0.112 0.115 0.116 0.105 0.100 0.111 0.110 0.114 0.108 0.114 0.077 0.106 0.091 0.113 0.114 0.079 0.114 0.110 0.098 0.116 0.109 0.076 0.126 0.100 0.116 0.107 0.110 0.071 0.110 0.119 0.105 0.108 0.095 0.103 0.119 0.078 0.118 0.123 0.082 0.116 0.107 0.108 0.083 0.112 0.124 0.072 0.111 0.099 0.112 0.112 0.072 0.102 0.112 0.076 
0.112 0.103 0.108 0.108 0.116 0.088 0.103 0.116 0.104 0.113 0.121 0.087 0.111 0.117 0.122 0.098 0.083 0.115 0.126 0.085 0.109 0.113 0.114 0.115 0.103 0.086 0.111 0.095 0.132 0.109 0.112 0.078 0.103 0.109 0.081 0.107 0.073 0.099 0.111 0.099 0.085 0.113 0.123 0.127 0.082 0.133 0.103 0.117 0.113 0.114 0.117 0.083 0.113 0.077 0.118 0.114 0.080 0.110 0.129 0.109 
0.122 0.112 0.078 0.102 0.117 0.106 0.114 0.105 0.103 0.079 0.138 0.129 0.084 0.091 0.118 0.116 0.083 0.111 0.118 0.120 0.122 0.108 0.074 0.115 0.105 0.112 0.107 0.100 0.084 0.098 0.112 0.081 0.099 0.106 0.103 0.077 0.107 0.109 0.111 0.109 0.124 0.078 0.119 0.105 0.115 0.115 0.105 0.086 0.106 0.122 0.119 0.086 0.100 0.071 0.109 0.113 0.109 0.101 0.083 0.113 
0.114 0.116 0.098 0.078 0.110 0.118 0.109 0.079 0.086 0.077 0.119 0.123 0.118 0.129 0.090 0.120 0.132 0.126 0.085 0.133 0.130 0.083 0.111 0.108 0.110 0.348 0.163 0.161 0.151 0.130 0.165 0.180 0.189 0.191 0.157 0.175 0.175 0.166 0.160 0.177 0.142 0.183 0.185 0.184 0.183 0.172 0.179 0.137 0.162 0.180 0.199 0.184 0.161 0.128 0.165 0.163 0.171 0.163 0.169 0.145 
0.145 0.175 0.171 0.141 0.174 0.167 0.151 0.175 0.152 0.173 0.188 0.174 0.176 0.202 0.140 0.130 0.185 0.182 0.185 0.197 0.176 0.174 0.149 0.170 0.122 0.181 0.144 0.153 0.206 0.145 0.160 0.127 0.160 0.158 0.174 0.142 0.182 0.167 0.178 0.176 0.166 0.179 0.180 0.161 0.178 0.161 0.182 0.154 0.191 0.196 0.164 0.133 0.149 0.169 0.175 0.144 0.164 0.157 0.166 0.148 
0.156 0.135 0.158 0.158 0.186 0.168 0.167 0.166 0.179 0.181 0.166 0.174 0.179 0.168 0.196 0.174 0.185 0.177 0.146 0.198 0.187 0.151 0.135 0.184 0.161 0.185 0.133 0.166 0.181 0.161 0.170 0.164 0.164 0.137 0.166 0.174 0.163 0.164 0.147 0.168 0.183 0.162 0.174 0.185 0.181 0.145 0.163 0.174 0.162 0.183 0.142 0.177 0.169 0.194 0.171 0.184 0.168 0.169 0.156 0.157 
0.131 0.150 0.167 0.166 0.181 0.170 0.150 0.170 0.162 0.163 0.172 0.178 0.169 0.202 0.214 0.202 0.187 0.156 0.162 0.185 0.187 0.198 0.168 0.147 0.157 0.186 0.150 0.165 0.183 0.156 0.156 0.151 0.177 0.125 0.175 0.164 0.183 0.137 0.165 0.174 0.179 0.148 0.194 0.188 0.195 0.181 0.182 0.156 0.201 0.203 0.198 0.197 0.127 0.162 0.176 0.166 0.151 0.174 0.160 0.202 
0.238 0.182 0.180 0.185 0.154 0.178 0.189 0.136 0.199 0.193 0.183 0.210 0.172 0.150 0.170 0.175 0.180 0.178 0.182 0.165 0.208 0.187 0.177 0.149 0.161 0.178 0.171 0.160 0.188 0.153 0.159 0.170 0.172 0.173 0.161 0.140 0.163 0.179 0.165 0.171 0.168 0.148 0.195 0.182 0.192 0.170 0.176 0.201 0.156 0.185 0.175 0.186 0.159 0.167 0.168 0.166 0.157 0.152 0.146 0.152 
0.152 0.175 0.167 0.173 0.163 0.162 0.180 0.126 0.147 0.178 0.194 0.154 0.180 0.138 0.177 0.156 0.188 0.184 0.179 0.221 0.169 0.199 0.137 0.176 0.178 0.171 0.176 0.156 0.174 0.155 0.121 0.172 0.134 0.168 0.151 0.163 0.187 0.158 0.165 0.160 0.184 0.194 0.161 0.188 0.190 0.192 0.178 0.187 0.179 0.170 0.165 0.136 0.173 0.182 0.151 0.171 0.171 0.158 0.192 0.159 
0.160 0.140 0.174 0.161 0.133 0.181 0.364 0.151 0.174 0.178 0.176 0.164 0.204 0.179 0.161 0.180 0.169 0.197 0.186 0.178 0.182 0.183 0.173 0.157 0.155 0.132 0.154 0.157 0.173 0.126 0.126 0.169 0.164 0.161 0.158 0.158 0.178 0.164 0.152 0.173 0.166 0.186 0.182 0.164 0.148 0.134 0.187 0.162 0.177 0.150 0.174 0.184 0.165 0.176 0.146 0.170 0.173 0.160 0.184 0.163 
0.153 0.181 0.162 0.149 0.140 0.165 0.191 0.179 0.138 0.131 0.177 0.191 0.171 0.165 0.154 0.191 0.197 0.180 0.172 0.165 0.179 0.172 0.160 0.124 0.170 0.174 0.129 0.177 0.145 0.166 0.165 0.136 0.158 0.146 0.160 0.158 0.161 0.172 0.185 0.129 0.173 0.170 0.143 0.161 0.162 0.168 0.192 0.175 0.188 0.148 0.183 0.188 0.150 0.184 0.156 0.141 0.129 0.161 0.184 0.157 
0.160 0.174 0.169 0.128 0.154 0.183 0.182 0.195 0.147 0.166 0.179 0.183 0.152 0.169 0.165 0.168 0.169 0.169 0.130 0.173 0.151 0.185 0.174 0.166 0.156 0.155 0.131 0.147 0.163 0.152 0.137 0.166 0.161 0.153 0.155 0.157 0.140 0.175 0.140 0.157 0.149 0.173 0.180 0.172 0.139 0.171 0.177 0.162 0.169 0.185 0.163 0.176 0.158 0.151 0.147 0.172 0.163 0.140 0.129 0.032 
0.163 0.158 0.150 0.159 0.152 0.186 0.123 0.145 0.148 0.155 0.176 0.157 0.173 0.132 0.148 0.147 0.140 0.140 0.145 0.124 0.169 0.161 0.125 0.117 0.156 0.155 0.135 0.138 0.143 0.139 0.112 0.137 0.110 0.139 0.145 0.146 0.143 0.107 0.133 0.133 0.146 0.125 0.135 0.132 0.127 0.137 0.134 0.130 0.123 0.120 0.092 0.125 0.123 0.117 0.128 0.114 0.117 0.127 0.096 0.144 
0.130 0.123 0.134 0.120 0.128 0.120 0.118 0.124 0.129 0.102 0.115 0.108 0.104 0.068 0.101 0.099 0.100 0.098 0.101 0.095 0.095 0.077 0.062 0.103 0.094 0.106 0.103 0.097 0.108 0.097 0.106 0.105 0.078 0.101 0.093 0.109 0.097 0.093 0.101 0.098 0.107 0.099 0.065 0.097 0.098 0.104 0.109 0.097 0.105 0.112 0.067 0.107 0.103 0.118 0.103 0.102 0.097 0.096 0.098 0.097 
0.708 0.463 0.443 0.426 0.408 0.423 0.589 0.684 0.652 0.667 0.700 0.675 0.623 0.673 0.718 0.775 0.762 0.624 0.623 0.556 0.473 0.656 0.668 0.666 0.670 0.666 0.650 0.650 0.664 0.788 0.806 0.116 0.099 0.100 0.061 0.068 0.099 0.098 0.101 0.092 0.097 0.097 0.099 0.096 0.073 0.084 0.101 0.068 0.096 0.098 0.099 0.099 0.098 0.061 0.099 0.100 0.107 0.094 0.093 0.065 
0.070 0.103 0.099 0.065 0.098 0.097 0.095 0.096 0.058 0.096 0.097 0.096 0.100 0.095 0.096 0.065 0.065 0.065 0.058 0.100 0.102 0.088 0.148 0.680 0.503 0.266 0.180 0.101 0.093 0.101 0.093 0.114 0.120 0.092 0.100 0.093 0.105 0.105 0.104 0.094 0.103 0.100 0.108 0.078 0.075 0.101 0.109 0.100 0.098 0.097 0.097 0.098 0.095 0.091 0.099 0.066 0.096 0.102 0.091 0.103 
0.116 0.114 0.077 0.086 0.114 0.122 0.123 0.084 0.121 0.114 0.124 0.091 0.120 0.135 0.075 0.124 0.111 0.095 0.123 0.086 0.097 0.085 0.123 0.089 0.109 0.079 0.103 0.117 0.121 0.101 0.093 0.085 0.133 0.118 0.107 0.116 0.087 0.094 0.088 0.121 0.123 0.134 0.125 0.124 0.117 0.080 0.078 0.099 0.114 0.091 0.120 0.110 0.119 0.098 0.092 0.083 0.075 0.081 0.086 0.083 
0.099 0.108 0.116 0.128 0.082 0.118 0.125 0.080 0.117 0.116 0.089 0.126 0.091 0.089 0.083 0.115 0.083 0.122 0.128 0.128 0.107 0.116 0.118 0.082 0.084 0.101 0.113 0.114 0.079 0.114 0.073 0.114 0.107 0.102 0.111 0.113 0.083 0.073 0.116 0.112 0.118 0.097 0.096 0.127 0.109 0.115 0.114 0.109 0.124 0.090 0.087 0.113 0.099 0.113 0.118 0.104 0.108 0.072 0.035 0.131 
0.109 0.150 0.116 0.096 0.074 0.121 0.084 0.115 0.142 0.116 0.116 0.112 0.110 0.112 0.109 0.113 0.126 0.124 0.119 0.083 0.103 0.116 0.109 0.114 0.082 0.111 0.120 0.111 0.103 0.114 0.115 0.108 0.107 0.108 0.130 0.118 0.125 0.112 0.113 0.110 0.126 0.085 0.123 0.113 0.118 0.079 0.115 0.130 0.125 0.087 0.094 0.102 0.113 0.109 0.088 0.110 0.118 0.109 0.112 0.117 
0.077 0.112 0.110 0.112 0.113 0.108 0.133 0.100 0.112 0.123 0.104 0.106 0.086 0.113 0.111 0.160 0.142 0.082 0.121 0.122 0.115 0.124 0.080 0.115 0.111 0.111 0.105 0.108 0.088 0.086 0.118 0.108 0.113 0.108 0.074 0.115 0.112 0.125 0.114 0.077 0.117 0.118 0.127 0.120 0.106 0.084 0.113 0.125 0.125 0.102 0.089 0.116 0.109 0.115 0.091 0.119 0.125 0.118 0.081 0.127 
0.129 0.129 0.124 0.112 0.081 0.119 0.125 0.098 0.119 0.126 0.071 0.126 0.113 0.120 0.123 0.104 0.113 0.090 0.123 0.127 0.122 0.132 0.083 0.117 0.106 0.113 0.096 0.074 0.108 0.107 0.112 0.112 0.098 0.083 0.108 0.125 0.100 0.152 0.117 0.116 0.115 0.084 0.116 0.109 0.103 0.109 0.077 0.122 0.094 0.112 0.115 0.110 0.116 0.085 0.115 0.111 0.104 0.121 0.082 0.289 
0.167 0.169 0.172 0.148 0.155 0.183 0.170 0.155 0.173 0.174 0.164 0.183 0.142 0.179 0.146 0.175 0.197 0.181 0.189 0.209 0.157 0.193 0.159 0.168 0.194 0.213 0.183 0.155 0.164 0.164 0.164 0.154 0.184 0.130 0.175 0.174 0.160 0.172 0.167 0.150 0.160 0.189 0.180 0.171 0.146 0.179 0.184 0.174 0.187 0.191 0.165 0.168 0.175 0.150 0.156 0.138 0.174 0.216 0.176 0.207 
0.126 0.156 0.166 0.151 0.173 0.167 0.203 0.230 0.159 0.194 0.215 0.170 0.152 0.180 0.179 0.176 0.169 0.212 0.174 0.213 0.180 0.181 0.156 0.174 0.193 0.160 0.186 0.184 0.173 0.160 0.158 0.193 0.184 0.178 0.185 0.168 0.168 0.179 0.209 0.190 0.191 0.181 0.163 0.171 0.196 0.187 0.172 0.199 0.214 0.219 0.189 0.142 0.175 0.170 0.195 0.166 0.205 0.135 0.173 0.175 
0.155 0.158 0.160 0.178 0.343 0.152 0.171 0.207 0.176 0.205 0.149 0.177 0.189 0.173 0.170 0.164 0.163 0.189 0.180 0.160 0.181 0.173 0.174 0.174 0.132 0.177 0.162 0.178 0.160 0.177 0.167 0.165 0.147 0.158 0.135 0.195 0.166 0.177 0.174 0.174 0.155 0.152 0.195 0.165 0.149 0.171 0.156 0.183 0.187 0.172 0.183 0.158 0.183 0.132 0.156 0.169 0.190 0.166 0.166 0.153 
