0.157 0.166 0.132 0.151 0.163 0.152 0.144 0.135 0.154 0.166 0.173 0.178 0.128 0.162 0.187 0.119 0.162 0.137 0.154 0.166 0.155 0.133 0.167 0.163 0.168 0.131 0.168 0.154 0.170 0.137 0.165 0.174 0.169 0.123 0.158 0.135 0.141 0.157 0.161 0.157 0.164 0.189 0.174 0.162 0.169 0.164 0.153 0.127 0.164 0.154 0.163 0.167 0.160 0.167 0.139 0.139 0.162 0.152 0.167 0.165 
0.131 0.153 0.169 0.123 0.153 0.156 0.154 0.166 0.158 0.138 0.180 0.150 0.157 0.149 0.161 0.129 0.168 0.190 0.165 0.166 0.162 0.125 0.162 0.159 0.160 0.149 0.181 0.167 0.153 0.136 0.160 0.167 0.137 0.129 0.165 0.148 0.166 0.156 0.128 0.162 0.168 0.166 0.120 0.159 0.167 0.158 0.159 0.167 0.134 0.166 0.142 0.149 0.158 0.141 0.161 0.174 0.139 0.160 0.173 0.137 
0.166 0.153 0.162 0.166 0.131 0.163 0.152 0.161 0.169 0.133 0.145 0.163 0.175 0.161 0.189 0.134 0.170 0.163 0.157 0.161 0.161 0.133 0.161 0.157 0.148 0.173 0.169 0.149 0.132 0.180 0.161 0.159 0.152 0.156 0.167 0.124 0.162 0.163 0.156 0.162 0.162 0.141 0.162 0.174 0.178 0.123 0.146 0.148 0.155 0.165 0.150 0.134 0.165 0.168 0.162 0.138 0.171 0.154 0.163 0.133 
0.168 0.183 0.163 0.128 0.141 0.138 0.160 0.162 0.162 0.135 0.178 0.171 0.154 0.169 0.147 0.134 0.136 0.165 0.165 0.160 0.174 0.130 0.139 0.173 0.180 0.176 0.143 0.167 0.173 0.175 0.155 0.162 0.177 0.157 0.136 0.150 0.177 0.185 0.178 0.152 0.192 0.181 0.177 0.137 0.176 0.168 0.159 0.163 0.124 0.187 0.155 0.171 0.130 0.176 0.172 0.177 0.137 0.161 0.154 0.146 
0.172 0.140 0.174 0.162 0.165 0.127 0.173 0.160 0.161 0.170 0.184 0.173 0.144 0.186 0.175 0.181 0.168 0.157 0.160 0.166 0.145 0.169 0.184 0.161 0.150 0.186 0.158 0.164 0.134 0.219 0.296 0.275 0.328 0.294 0.322 0.289 0.226 0.253 0.254 0.248 0.192 0.212 0.195 0.183 0.217 0.195 0.196 0.192 0.301 0.302 0.285 0.300 0.278 0.249 0.263 0.259 0.235 0.259 0.215 0.196 
0.207 0.193 0.215 0.200 0.176 0.136 0.171 0.162 0.173 0.163 0.155 0.131 0.165 0.180 0.177 0.138 0.159 0.168 0.174 0.149 0.167 0.169 0.178 0.175 0.145 0.170 0.168 0.178 0.136 0.153 0.171 0.145 0.170 0.167 0.165 0.163 0.171 0.143 0.155 0.178 0.173 0.173 0.131 0.171 0.184 0.164 0.173 0.140 0.124 0.175 0.171 0.148 0.171 0.170 0.172 0.148 0.174 0.163 0.169 0.171 
0.128 0.183 0.164 0.157 0.182 0.167 0.142 0.158 0.136 0.173 0.171 0.177 0.132 0.181 0.180 0.168 0.165 0.137 0.171 0.159 0.180 0.166 0.174 0.145 0.154 0.153 0.183 0.167 0.174 0.133 0.178 0.181 0.179 0.133 0.163 0.177 0.159 0.170 0.130 0.166 0.184 0.168 0.169 0.171 0.129 0.142 0.169 0.176 0.175 0.131 0.178 0.160 0.180 0.172 0.141 0.185 0.182 0.175 0.153 0.169 
0.175 0.183 0.150 0.137 0.187 0.183 0.169 0.149 0.162 0.175 0.178 0.167 0.176 0.144 0.151 0.177 0.179 0.155 0.164 0.149 0.178 0.177 0.148 0.169 0.181 0.175 0.145 0.175 0.173 0.179 0.175 0.185 0.141 0.167 0.165 0.140 0.176 0.161 0.153 0.184 0.188 0.148 0.165 0.178 0.176 0.175 0.175 0.136 0.175 0.172 0.173 0.175 0.132 0.173 0.163 0.180 0.180 0.140 0.141 0.172 
0.190 0.187 0.186 0.152 0.137 0.178 0.171 0.167 0.140 0.165 0.192 0.185 0.174 0.189 0.147 0.145 0.171 0.178 0.179 0.178 0.149 0.175 0.171 0.171 0.153 0.187 0.185 0.177 0.141 0.185 0.186 0.180 0.205 0.130 0.144 0.168 0.170 0.144 0.167 0.191 0.181 0.179 0.178 0.182 0.144 0.173 0.182 0.148 0.205 0.171 0.144 0.161 0.151 0.180 0.191 0.180 0.198 0.183 0.147 0.146 
0.196 0.198 0.177 0.139 0.173 0.196 0.181 0.171 0.174 0.147 0.170 0.139 0.184 0.153 0.168 0.177 0.176 0.182 0.310 0.178 0.190 0.182 0.168 0.179 0.141 0.182 0.176 0.141 0.137 0.325 0.255 0.236 0.238 0.202 0.219 0.242 0.215 0.214 0.215 0.213 0.225 0.217 0.189 0.217 0.201 0.216 0.212 0.211 0.195 0.220 0.196 0.207 0.220 0.214 0.247 0.271 0.229 0.196 0.222 0.237 
0.244 0.260 0.261 0.191 0.217 0.228 0.216 0.204 0.227 0.234 0.211 0.238 0.243 0.240 0.235 0.225 0.227 0.227 0.246 0.207 0.262 0.247 0.234 0.261 0.235 0.245 0.225 0.208 0.254 0.245 0.231 0.254 0.265 0.243 0.236 0.257 0.197 0.237 0.228 0.235 0.241 0.228 0.198 0.229 0.217 0.210 0.201 0.222 0.223 0.216 0.226 0.216 0.209 0.235 0.238 0.249 0.238 0.228 0.218 0.228 
0.239 0.237 0.198 0.227 0.225 0.210 0.181 0.224 0.219 0.223 0.231 0.187 0.221 0.240 0.251 0.226 0.220 0.239 0.195 0.225 0.231 0.236 0.230 0.236 0.224 0.205 0.202 0.224 0.226 0.239 0.243 0.237 0.207 0.219 0.205 0.213 0.221 0.225 0.194 0.216 0.216 0.205 0.197 0.222 0.218 0.225 0.179 0.182 0.212 0.229 0.208 0.207 0.209 0.229 0.220 0.245 0.223 0.212 0.199 0.222 
0.247 0.250 0.217 0.229 0.196 0.194 0.196 0.208 0.212 0.207 0.192 0.098 0.229 0.209 0.227 0.219 0.229 0.262 0.220 0.211 0.173 0.200 0.237 0.233 0.218 0.205 0.237 0.218 0.220 0.193 0.234 0.235 0.238 0.206 0.221 0.180 0.227 0.244 0.240 0.215 0.198 0.206 0.211 0.219 0.206 0.185 0.196 0.158 0.217 0.202 0.187 0.199 0.196 0.207 0.211 0.189 0.206 0.203 0.172 0.220 
0.198 0.196 0.189 0.193 0.205 0.190 0.174 0.187 0.198 0.198 0.185 0.176 0.188 0.187 0.188 0.188 0.201 0.205 0.203 0.225 0.202 0.161 0.196 0.188 0.180 0.180 0.191 0.174 0.206 0.209 0.198 0.174 0.188 0.190 0.190 0.181 0.178 0.180 0.186 0.184 0.183 0.177 0.185 0.177 0.190 0.185 0.185 0.196 0.196 0.182 0.164 0.181 0.159 0.191 0.184 0.197 0.175 0.182 0.185 0.181 
0.191 0.190 0.197 0.184 0.185 0.180 0.177 0.186 0.174 0.181 0.175 0.169 0.719 0.442 0.442 0.435 0.452 0.425 0.439 0.436 0.428 0.710 0.738 0.734 0.714 0.704 0.710 0.725 0.670 0.680 0.692 0.705 0.697 0.806 0.759 0.829 0.610 0.528 0.514 0.428 0.455 0.428 0.429 0.443 0.823 0.749 0.718 0.699 0.690 0.732 0.732 0.694 0.708 0.687 0.693 0.658 0.770 0.756 0.653 0.182 
0.188 0.176 0.150 0.176 0.185 0.183 0.175 0.179 0.173 0.150 0.158 0.177 0.184 0.177 0.177 0.184 0.147 0.187 0.196 0.187 0.201 0.192 0.198 0.220 0.208 0.211 0.189 0.180 0.180 0.189 0.215 0.181 0.195 0.176 0.221 0.715 0.374 0.176 0.137 0.152 0.185 0.143 0.180 0.177 0.178 0.152 0.170 0.156 0.139 0.152 0.183 0.143 0.146 0.171 0.180 0.154 0.173 0.146 0.138 0.179 
0.185 0.152 0.148 0.175 0.181 0.185 0.170 0.188 0.177 0.182 0.148 0.151 0.174 0.182 0.141 0.175 0.145 0.175 0.179 0.178 0.156 0.173 0.146 0.177 0.154 0.189 0.156 0.177 0.147 0.174 0.172 0.162 0.140 0.175 0.169 0.151 0.176 0.144 0.175 0.152 0.186 0.151 0.176 0.146 0.142 0.147 0.183 0.145 0.152 0.144 0.208 0.186 0.175 0.180 0.178 0.182 0.176 0.188 0.150 0.197 
0.158 0.191 0.152 0.184 0.147 0.205 0.133 0.140 0.165 0.143 0.138 0.171 0.170 0.141 0.166 0.146 0.141 0.134 0.140 0.136 0.147 0.135 0.173 0.139 0.145 0.171 0.174 0.138 0.170 0.169 0.187 0.136 0.171 0.137 0.141 0.142 0.140 0.168 0.142 0.171 0.179 0.176 0.174 0.137 0.173 0.175 0.143 0.170 0.142 0.138 0.164 0.155 0.169 0.143 0.134 0.152 0.167 0.144 0.168 0.140 
0.183 0.170 0.175 0.175 0.168 0.178 0.170 0.176 0.143 0.173 0.179 0.170 0.152 0.176 0.178 0.184 0.170 0.176 0.174 0.174 0.183 0.176 0.176 0.151 0.178 0.199 0.170 0.174 0.176 0.157 0.176 0.174 0.179 0.181 0.174 0.179 0.171 0.190 0.192 0.148 0.182 0.174 0.180 0.186 0.175 0.198 0.187 0.184 0.183 0.173 0.181 0.174 0.150 0.188 0.147 0.186 0.179 0.176 0.186 0.174 
0.192 0.176 0.192 0.148 0.171 0.181 0.175 0.182 0.188 0.178 0.184 0.174 0.195 0.181 0.162 0.194 0.176 0.184 0.181 0.165 0.189 0.190 0.193 0.199 0.184 0.198 0.176 0.183 0.144 0.187 0.195 0.185 0.186 0.177 0.164 0.165 0.182 0.183 0.143 0.196 0.184 0.184 0.186 0.180 0.183 0.186 0.186 0.182 0.178 0.183 0.157 0.159 0.179 0.187 0.174 0.185 0.186 0.180 0.155 0.191 
0.200 0.194 0.186 0.187 0.196 0.201 0.170 0.195 0.190 0.194 0.198 0.185 0.162 0.187 0.154 0.196 0.197 0.186 0.208 0.185 0.199 0.175 0.196 0.189 0.190 0.198 0.211 0.188 0.204 0.167 0.214 0.193 0.195 0.193 0.179 0.173 0.198 0.194 0.184 0.197 0.200 0.186 0.189 0.187 0.185 0.160 0.183 0.191 0.197 0.187 0.204 0.191 0.170 0.194 0.188 0.211 0.160 0.200 0.175 0.205 
0.209 0.202 0.165 0.191 0.198 0.206 0.198 0.192 0.156 0.207 0.196 0.189 0.199 0.189 0.189 0.198 0.161 0.173 0.195 0.194 0.188 0.173 0.198 0.197 0.212 0.216 0.220 0.177 0.166 0.215 0.214 0.198 0.195 0.194 0.186 0.197 0.202 0.192 0.194 0.205 0.174 0.194 0.188 0.196 0.201 0.198 0.199 0.191 0.176 0.188 0.211 0.208 0.200 0.219 0.189 0.195 0.200 0.196 0.201 0.167 
0.219 0.200 0.199 0.204 0.160 0.171 0.204 0.194 0.194 0.204 0.209 0.190 0.209 0.205 0.165 0.209 0.192 0.192 0.177 0.201 0.206 0.194 0.198 0.198 0.201 0.183 0.191 0.203 0.203 0.202 0.187 0.211 0.202 0.198 0.173 0.207 0.169 0.203 0.198 0.216 0.203 0.177 0.202 0.196 0.200 0.209 0.203 0.168 0.191 0.200 0.196 0.213 0.175 0.175 0.214 0.169 0.203 0.208 0.199 0.212 
0.178 0.219 0.200 0.197 0.199 0.163 0.208 0.194 0.195 0.204 0.197 0.174 0.166 0.204 0.189 0.204 0.207 0.202 0.205 0.173 0.209 0.224 0.200 0.216 0.180 0.212 0.203 0.206 0.177 0.174 0.189 0.210 0.209 0.200 0.189 0.199 0.212 0.205 0.196 0.205 0.170 0.201 0.204 0.192 0.203 0.213 0.173 0.205 0.204 0.202 0.189 0.195 0.174 0.209 0.221 0.220 0.173 0.204 0.197 0.210 
