0.086 0.089 0.102 0.063 0.105 0.064 0.097 0.111 0.088 0.091 0.041 0.064 0.096 0.073 0.130 0.078 0.069 0.064 0.062 0.071 0.088 0.071 0.076 0.048 0.064 0.056 0.486 0.266 0.268 0.326 0.300 0.288 0.248 0.294 0.345 0.485 0.370 0.465 0.411 0.444 0.445 0.475 0.473 0.548 0.591 0.561 0.590 0.576 0.552 0.550 0.549 0.565 0.555 0.634 0.547 0.310 0.451 0.441 0.452 0.472 
0.507 0.548 0.534 0.545 0.535 0.139 0.111 0.122 0.112 0.130 0.137 0.110 0.120 0.101 0.139 0.125 0.123 0.138 0.121 0.124 0.111 0.094 0.150 0.173 0.161 0.150 0.134 0.132 0.351 0.671 0.244 0.410 0.683 0.621 0.635 0.656 0.553 0.856 0.877 0.860 0.858 0.836 0.791 0.855 0.912 0.911 0.870 0.786 0.715 0.838 0.848 0.847 0.821 0.822 0.771 0.717 0.726 0.373 0.406 0.420 
0.179 0.326 0.355 0.265 0.415 0.411 0.312 0.309 0.296 0.511 0.725 0.638 0.449 0.294 0.800 0.783 0.140 0.290 0.335 0.267 0.589 0.335 0.054 0.339 0.378 0.384 0.488 0.557 0.604 0.488 0.542 0.213 0.622 0.700 0.072 0.056 0.053 0.209 0.600 0.585 0.573 0.594 0.561 0.564 0.582 0.608 0.105 0.064 0.094 0.567 0.587 0.598 0.595 0.598 0.602 0.596 0.597 0.592 0.579 0.608 
0.608 0.614 0.602 0.592 0.607 0.596 0.593 0.600 0.604 0.604 0.610 0.593 0.610 0.188 0.091 0.061 0.322 0.593 0.612 0.609 0.600 0.625 0.607 0.611 0.609 0.615 0.598 0.605 0.600 0.609 0.600 0.614 0.610 0.625 0.612 0.630 0.621 0.643 0.608 0.633 0.595 0.604 0.614 0.622 0.612 0.630 0.603 0.639 0.620 0.616 0.613 0.613 0.603 0.613 0.615 0.605 0.609 0.619 0.596 0.615 
0.612 0.616 0.606 0.633 0.608 0.614 0.617 0.616 0.615 0.607 0.629 0.611 0.624 0.596 0.612 0.612 0.616 0.607 0.620 0.607 0.635 0.605 0.651 0.621 0.654 0.617 0.242 0.070 0.055 0.082 0.104 0.089 0.087 0.065 0.126 0.088 0.074 0.083 0.074 0.085 0.091 0.062 0.093 0.083 0.102 0.131 0.133 0.107 0.110 0.104 0.138 0.057 0.092 0.065 0.090 0.125 0.080 0.115 0.082 0.108 
0.105 0.095 0.108 0.077 0.108 0.090 0.133 0.115 0.123 0.109 0.114 0.146 0.109 0.086 0.120 0.161 0.123 0.117 0.111 0.098 0.092 0.132 0.141 0.145 0.146 0.128 0.156 0.173 0.163 0.138 0.134 0.144 0.153 0.156 0.132 0.167 0.173 0.194 0.204 0.172 0.131 0.141 0.143 0.155 0.191 0.151 0.159 0.140 0.153 0.121 0.147 0.182 0.138 0.146 0.128 0.160 0.204 0.165 0.193 0.160 
0.168 0.193 0.152 0.192 0.151 0.165 0.160 0.169 0.165 0.225 0.180 0.172 0.168 0.174 0.153 0.174 0.175 0.183 0.204 0.164 0.211 0.176 0.186 0.218 0.175 0.166 0.196 0.196 0.149 0.167 0.185 0.178 0.212 0.146 0.150 0.184 0.185 0.215 0.157 0.209 0.137 0.159 0.202 0.176 0.194 0.179 0.160 0.130 0.131 0.156 0.149 0.191 0.155 0.165 0.168 0.136 0.173 0.126 0.157 0.140 
0.135 0.151 0.172 0.144 0.132 0.175 0.183 0.192 0.191 0.150 0.140 0.153 0.193 0.172 0.220 0.162 0.171 0.179 0.168 0.171 0.169 0.203 0.193 0.180 0.164 0.139 0.180 0.175 0.190 0.162 0.158 0.136 0.194 0.205 0.242 0.149 0.183 0.196 0.160 0.168 0.177 0.164 0.150 0.161 0.179 0.128 0.190 0.219 0.178 0.180 0.180 0.209 0.181 0.167 0.127 0.197 0.203 0.173 0.189 0.134 
0.154 0.161 0.167 0.197 0.187 0.169 0.181 0.147 0.199 0.192 0.214 0.184 0.183 0.188 0.143 0.201 0.188 0.130 0.124 0.193 0.169 0.189 0.154 0.148 0.137 0.164 0.222 0.179 0.230 0.191 0.216 0.174 0.169 0.173 0.193 0.204 0.163 0.202 0.197 0.182 0.206 0.165 0.226 0.170 0.226 0.218 0.182 0.195 0.167 0.180 0.120 0.164 0.181 0.339 0.489 0.281 0.206 0.228 0.189 0.226 
0.170 0.183 0.176 0.177 0.205 0.185 0.190 0.173 0.218 0.184 0.178 0.177 0.135 0.192 0.198 0.257 0.169 0.171 0.192 0.189 0.185 0.170 0.143 0.164 0.206 0.144 0.175 0.146 0.180 0.156 0.207 0.205 0.192 0.148 0.216 0.201 0.201 0.180 0.184 0.161 0.210 0.201 0.177 0.187 0.211 0.235 0.205 0.171 0.232 0.215 0.197 0.192 0.166 0.197 0.179 0.195 0.174 0.197 0.148 0.262 
0.192 0.218 0.210 0.173 0.254 0.186 0.196 0.236 0.161 0.234 0.155 0.191 0.186 0.194 0.237 0.253 0.204 0.191 0.204 0.162 0.188 0.218 0.173 0.188 0.199 0.202 0.165 0.135 0.185 0.169 0.207 0.181 0.194 0.182 0.235 0.202 0.193 0.215 0.223 0.236 0.205 0.186 0.164 0.165 0.210 0.169 0.155 0.197 0.168 0.179 0.157 0.206 0.207 0.215 0.217 0.156 0.219 0.161 0.213 0.181 
0.171 0.262 0.164 0.204 0.176 0.195 0.206 0.217 0.175 0.195 0.142 0.156 0.186 0.181 0.194 0.234 0.149 0.197 0.203 0.194 0.211 0.180 0.189 0.201 0.214 0.195 0.201 0.220 0.204 0.225 0.245 0.208 0.217 0.189 0.238 0.183 0.235 0.181 0.222 0.165 0.159 0.193 0.159 0.208 0.216 0.194 0.195 0.220 0.216 0.219 0.161 0.174 0.229 0.213 0.199 0.213 0.155 0.192 0.191 0.158 
0.180 0.153 0.180 0.158 0.183 0.179 0.210 0.219 0.150 0.262 0.443 0.153 0.160 0.200 0.258 0.148 0.187 0.178 0.199 0.197 0.155 0.194 0.191 0.205 0.221 0.176 0.196 0.140 0.195 0.152 0.166 0.192 0.171 0.207 0.181 0.199 0.177 0.127 0.182 0.155 0.176 0.147 0.177 0.175 0.190 0.199 0.196 0.156 0.167 0.162 0.185 0.170 0.193 0.200 0.231 0.144 0.186 0.113 0.196 0.176 
0.176 0.140 0.175 0.158 0.161 0.163 0.197 0.182 0.225 0.232 0.166 0.182 0.149 0.188 0.209 0.228 0.177 0.175 0.227 0.159 0.190 0.188 0.189 0.208 0.220 0.185 0.228 0.235 0.150 0.141 0.151 0.133 0.130 0.161 0.192 0.135 0.204 0.217 0.177 0.194 0.177 0.166 0.118 0.192 0.190 0.201 0.244 0.166 0.224 0.189 0.145 0.201 0.154 0.178 0.199 0.167 0.189 0.148 0.233 0.117 
0.171 0.183 0.166 0.217 0.156 0.210 0.220 0.195 0.165 0.214 0.162 0.171 0.167 0.184 0.168 0.213 0.168 0.145 0.169 0.179 0.250 0.168 0.184 0.203 0.200 0.186 0.147 0.166 0.153 0.152 0.177 0.156 0.187 0.169 0.194 0.165 0.165 0.212 0.187 0.148 0.146 0.126 0.162 0.191 0.245 0.165 0.177 0.175 0.173 0.168 0.158 0.173 0.155 0.221 0.199 0.148 0.162 0.163 0.194 0.142 
0.178 0.161 0.116 0.192 0.207 0.211 0.210 0.298 0.584 0.329 0.145 0.153 0.144 0.178 0.193 0.200 0.160 0.175 0.186 0.193 0.154 0.187 0.216 0.175 0.166 0.186 0.158 0.203 0.144 0.230 0.179 0.161 0.154 0.174 0.200 0.167 0.224 0.188 0.196 0.170 0.171 0.170 0.181 0.231 0.199 0.213 0.167 0.140 0.188 0.156 0.226 0.190 0.186 0.187 0.190 0.197 0.135 0.173 0.189 0.169 
0.196 0.154 0.236 0.205 0.156 0.210 0.190 0.175 0.225 0.187 0.188 0.196 0.194 0.167 0.233 0.209 0.163 0.144 0.188 0.208 0.175 0.206 0.184 0.180 0.186 0.155 0.299 0.191 0.215 0.197 0.182 0.170 0.169 0.172 0.177 0.204 0.221 0.207 0.202 0.208 0.232 0.131 0.171 0.185 0.216 0.223 0.178 0.186 0.175 0.184 0.185 0.174 0.182 0.183 0.220 0.169 0.173 0.174 0.174 0.180 
0.173 0.184 0.125 0.163 0.222 0.190 0.210 0.174 0.151 0.177 0.156 0.173 0.185 0.174 0.173 0.210 0.180 0.143 0.203 0.175 0.232 0.175 0.155 0.180 0.211 0.219 0.163 0.266 0.170 0.219 0.188 0.151 0.166 0.202 0.206 0.184 0.190 0.242 0.163 0.212 0.200 0.181 0.210 0.200 0.224 0.152 0.207 0.186 0.141 0.183 0.215 0.161 0.182 0.190 0.183 0.164 0.196 0.196 0.231 0.180 
0.206 0.195 0.187 0.150 0.221 0.197 0.222 0.195 0.198 0.158 0.192 0.137 0.169 0.202 0.197 0.236 0.197 0.189 0.203 0.184 0.186 0.192 0.178 0.220 0.168 0.177 0.198 0.169 0.166 0.178 0.200 0.180 0.192 0.209 0.190 0.182 0.209 0.210 0.138 0.172 0.169 0.148 0.186 0.155 0.215 0.201 0.161 0.151 0.242 0.185 0.145 0.202 0.159 0.192 0.167 0.156 0.181 0.144 0.261 0.203 
0.292 0.208 0.249 0.256 0.217 0.296 0.206 0.323 0.235 0.214 0.205 0.153 0.211 0.220 0.209 0.184 0.144 0.152 0.186 0.172 0.149 0.166 0.163 0.121 0.169 0.120 0.178 0.181 0.178 0.205 0.265 0.193 0.214 0.145 0.148 0.204 0.185 0.186 0.226 0.178 0.176 0.162 0.148 0.189 0.144 0.204 0.166 0.135 0.197 0.185 0.210 0.163 0.186 0.116 0.163 0.163 0.172 0.162 0.131 0.152 
0.164 0.130 0.186 0.140 0.174 0.185 0.175 0.190 0.145 0.180 0.135 0.201 0.196 0.157 0.198 0.193 0.164 0.192 0.182 0.154 0.186 0.202 0.153 0.163 0.150 0.194 0.199 0.165 0.147 0.169 0.167 0.180 0.192 0.182 0.145 0.180 0.183 0.163 0.185 0.171 0.186 0.135 0.170 0.157 0.198 0.222 0.176 0.165 0.163 0.172 0.164 0.133 0.170 0.148 0.197 0.172 0.188 0.161 0.172 0.174 
0.112 0.220 0.203 0.158 0.194 0.220 0.148 0.186 0.191 0.195 0.136 0.160 0.162 0.195 0.198 0.178 0.189 0.127 0.179 0.164 0.167 0.153 0.140 0.138 0.203 0.167 0.191 0.178 0.193 0.157 0.150 0.179 0.171 0.179 0.171 0.163 0.161 0.215 0.157 0.149 0.182 0.169 0.196 0.176 0.194 0.192 0.156 0.192 0.153 0.201 0.204 0.170 0.166 0.171 0.120 0.138 0.173 0.168 0.138 0.137 
0.127 0.137 0.174 0.164 0.172 0.162 0.188 0.162 0.136 0.142 0.156 0.146 0.137 0.169 0.135 0.142 0.171 0.125 0.156 0.152 0.143 0.166 0.130 0.196 -0.025 0.254 0.116 0.139 0.163 0.134 0.180 0.140 0.125 0.137 0.132 0.133 0.155 0.156 0.140 0.142 0.176 0.164 0.141 0.176 0.173 0.170 0.132 0.177 0.109 0.130 0.157 0.142 0.108 0.113 0.160 0.180 0.123 0.146 0.133 0.147 
0.154 0.150 0.150 0.166 0.124 0.161 0.082 0.143 0.107 0.128 0.112 0.132 0.145 0.097 0.156 0.150 0.137 0.148 0.095 0.108 0.097 0.104 0.118 0.106 0.184 0.136 0.132 0.124 0.106 0.166 0.117 0.220 0.173 0.231 0.133 0.153 0.154 0.219 0.124 0.118 0.111 0.110 0.138 0.144 0.102 0.119 0.090 0.108 0.114 0.092 0.111 0.096 0.117 0.107 0.097 0.132 0.094 0.110 0.118 0.124 
