0.139 0.149 0.127 0.147 0.134 0.119 0.128 0.151 0.120 0.127 0.123 0.128 0.121 0.002 0.105 0.111 0.116 0.114 0.127 0.174 0.132 0.075 0.104 0.152 0.124 0.130 0.141 0.138 0.112 0.120 0.085 0.093 0.107 0.128 0.125 0.130 0.120 0.095 0.110 0.118 0.114 0.110 0.128 0.114 0.115 0.117 0.083 0.105 0.096 0.104 0.096 0.080 0.079 0.093 0.101 0.104 0.123 0.095 0.114 0.139 
0.109 0.121 0.124 0.121 0.125 0.109 0.101 0.085 0.106 0.096 0.104 0.102 0.077 0.066 0.124 0.097 0.094 0.098 0.098 0.089 0.071 0.082 0.111 0.090 0.086 0.085 0.111 0.092 0.104 0.093 0.053 0.094 0.096 0.083 0.049 0.093 0.079 0.093 0.087 0.079 0.086 0.074 0.083 0.082 0.079 0.093 0.079 0.087 0.084 0.071 0.048 0.086 0.081 0.085 0.079 0.131 0.094 0.073 0.099 0.090 
0.082 0.081 0.094 0.093 0.080 0.082 0.081 0.081 0.093 0.070 0.054 0.079 0.083 0.082 0.709 0.683 0.702 0.603 0.740 0.750 0.568 0.463 0.443 0.441 0.422 0.725 0.637 0.651 0.650 0.642 0.769 0.488 0.080 0.041 0.077 0.069 0.078 0.077 0.063 0.060 0.038 0.077 0.074 0.072 0.075 0.072 0.087 0.076 0.067 0.042 0.072 0.075 0.074 0.067 0.075 0.069 0.075 0.074 0.072 0.084 
0.055 0.084 0.087 0.076 0.080 0.049 0.074 0.079 0.075 0.083 0.081 0.092 0.110 0.076 0.090 0.078 0.085 0.088 0.077 0.092 0.085 0.057 0.057 0.079 0.086 0.094 0.094 0.106 0.084 0.083 0.072 0.054 0.051 0.039 0.061 0.105 0.614 0.451 0.268 0.069 0.076 0.077 0.072 0.084 0.090 0.084 0.097 0.080 0.086 0.102 0.081 0.088 0.094 0.081 0.078 0.072 0.075 0.038 0.082 0.089 
0.087 0.052 0.079 0.058 0.094 0.073 0.084 0.073 0.078 0.075 0.070 0.075 0.070 0.133 0.131 0.135 0.149 0.093 0.183 0.147 0.139 0.141 0.098 0.121 0.114 0.147 0.157 0.159 0.175 0.183 0.167 0.115 0.152 0.145 0.164 0.144 0.148 0.147 0.145 0.112 0.129 0.149 0.191 0.164 0.149 0.142 0.150 0.148 0.122 0.139 0.143 0.125 0.142 0.171 0.167 0.142 0.181 0.165 0.132 0.118 
0.116 0.141 0.149 0.134 0.157 0.141 0.131 0.148 0.140 0.157 0.124 0.131 0.142 0.139 0.160 0.145 0.133 0.132 0.148 0.114 0.131 0.137 0.105 0.147 0.146 0.146 0.140 0.144 0.159 0.147 0.169 0.172 0.167 0.180 0.143 0.154 0.145 0.139 0.141 0.114 0.100 0.131 0.136 0.127 0.133 0.138 0.147 0.127 0.122 0.116 0.154 0.142 0.146 0.156 0.156 0.162 0.116 0.142 0.130 0.130 
0.124 0.138 0.165 0.136 0.129 0.142 0.135 0.125 0.126 0.129 0.121 0.135 0.008 0.138 0.121 0.105 0.152 0.153 0.161 0.105 0.070 0.123 0.121 0.118 0.127 0.129 0.125 0.107 0.133 0.141 0.103 0.133 0.136 0.132 0.129 0.127 0.158 0.078 0.080 0.072 0.092 0.093 0.090 0.082 0.047 0.084 0.081 0.074 0.077 0.081 0.078 0.081 0.074 0.075 0.076 0.081 0.075 0.086 0.049 0.065 
0.052 0.073 0.074 0.079 0.072 0.075 0.073 0.077 0.076 0.071 0.082 0.074 0.080 0.077 0.076 0.077 0.076 0.041 0.083 0.077 0.081 0.074 0.051 0.058 0.067 0.080 0.072 0.078 0.079 0.074 0.089 0.101 0.108 0.041 0.089 0.073 0.081 0.086 0.077 0.068 0.072 0.075 0.075 0.067 0.056 0.072 0.079 0.069 0.075 0.076 0.068 0.077 0.075 0.077 0.076 0.064 0.072 0.072 0.067 0.075 
0.069 0.042 0.075 0.074 0.078 0.072 0.057 0.063 0.072 0.089 0.077 0.086 0.078 0.615 0.414 0.344 0.321 0.338 0.353 0.668 0.632 0.650 0.568 0.642 0.799 0.615 0.511 0.396 0.377 0.397 0.563 0.620 0.665 0.616 0.610 0.728 0.634 0.077 0.074 0.066 0.075 0.041 0.076 0.073 0.069 0.066 0.040 0.074 0.073 0.069 0.098 0.069 0.072 0.073 0.071 0.074 0.069 0.043 0.076 0.068 
0.077 0.073 0.078 0.080 0.072 0.081 0.073 0.078 0.052 0.065 0.077 0.070 0.076 0.072 0.076 0.076 0.070 0.076 0.070 0.042 0.075 0.066 0.078 0.070 0.080 0.081 0.072 0.043 0.069 0.067 0.051 0.069 0.049 0.092 0.397 0.477 0.350 0.081 0.044 0.050 0.038 0.047 0.039 0.051 0.077 0.036 0.081 0.074 0.078 0.051 0.046 0.092 0.045 0.044 0.074 0.082 0.056 0.076 0.051 0.066 
0.077 0.074 0.082 0.076 0.071 0.080 0.081 0.073 0.080 0.073 0.077 0.075 0.071 0.080 0.070 0.079 0.074 0.070 0.070 0.071 0.070 0.066 0.038 0.066 0.068 0.071 0.069 0.067 0.072 0.037 0.076 0.083 0.052 0.078 0.077 0.072 0.075 0.070 0.070 0.071 0.076 0.043 0.040 0.069 0.073 0.074 0.041 0.075 0.071 0.070 0.070 0.038 0.077 0.072 0.072 0.076 0.039 0.076 0.044 0.069 
0.064 0.051 0.046 0.039 0.079 0.078 0.047 0.041 0.060 0.048 0.070 0.082 0.079 0.079 0.053 0.047 0.097 0.040 0.047 0.075 0.080 0.072 0.047 0.077 0.040 0.079 0.042 0.049 0.041 0.045 0.040 0.048 0.080 0.056 0.075 0.079 0.044 0.084 0.063 0.092 0.047 0.049 0.047 0.053 0.052 0.076 0.080 0.076 0.052 0.045 0.049 0.046 0.100 0.080 0.057 0.066 0.057 0.057 0.057 0.081 
0.059 0.061 0.067 0.054 0.056 0.081 0.086 0.047 0.091 0.071 0.061 0.097 0.087 0.101 0.091 0.095 0.094 0.056 0.097 0.096 0.097 0.104 0.123 0.106 0.096 0.113 0.112 0.098 0.105 0.054 0.093 0.080 0.101 0.095 0.103 0.101 0.070 0.102 0.101 0.088 0.099 0.111 0.098 0.070 0.095 0.095 0.088 0.092 0.092 0.098 0.096 0.058 0.066 0.076 0.115 0.110 0.089 0.097 0.095 0.118 
0.085 0.101 0.122 0.092 0.082 0.095 0.117 0.129 0.112 0.117 0.081 0.101 0.121 0.121 0.101 0.098 0.102 0.117 0.119 0.083 0.121 0.122 0.107 0.110 0.114 0.082 0.107 0.115 0.089 0.068 0.121 0.121 0.108 0.106 0.078 0.108 0.099 0.106 0.112 0.067 0.120 0.114 0.113 0.094 0.091 0.133 0.130 0.108 0.084 0.096 0.122 0.102 0.102 0.113 0.107 0.084 0.112 0.097 0.084 0.074 
0.095 0.118 0.110 0.093 0.098 0.075 0.083 0.098 0.099 0.094 0.090 0.078 0.131 0.133 0.101 0.104 0.088 0.113 0.134 0.106 0.072 0.109 0.117 0.107 0.072 0.086 0.112 0.113 0.105 0.112 0.108 0.082 0.080 0.113 0.083 0.100 0.104 0.127 0.103 0.111 0.100 0.075 0.110 0.110 0.094 0.106 0.120 0.088 0.098 0.120 0.116 0.114 0.076 0.124 0.111 0.080 0.113 0.081 0.090 0.109 
0.088 0.114 0.132 0.290 0.185 0.185 0.177 0.158 0.188 0.206 0.196 0.155 0.153 0.159 0.182 0.222 0.204 0.216 0.193 0.153 0.198 0.198 0.174 0.142 0.203 0.191 0.204 0.210 0.215 0.168 0.163 0.200 0.141 0.161 0.188 0.175 0.180 0.177 0.166 0.184 0.190 0.240 0.156 0.185 0.201 0.157 0.206 0.158 0.184 0.174 0.159 0.139 0.188 0.186 0.170 0.207 0.159 0.190 0.169 0.171 
0.190 0.159 0.200 0.172 0.215 0.213 0.150 0.144 0.178 0.174 0.186 0.194 0.172 0.187 0.195 0.141 0.172 0.193 0.148 0.162 0.182 0.176 0.177 0.155 0.194 0.212 0.149 0.159 0.216 0.202 0.175 0.219 0.202 0.175 0.167 0.171 0.163 0.170 0.271 0.308 0.348 0.345 0.343 0.324 0.309 0.291 0.281 0.285 0.275 0.234 0.226 0.239 0.247 0.218 0.238 0.214 0.319 0.325 0.302 0.278 
0.345 0.331 0.309 0.269 0.266 0.211 0.246 0.238 0.215 0.232 0.183 0.214 0.180 0.131 0.158 0.136 0.187 0.162 0.197 0.144 0.150 0.173 0.165 0.156 0.174 0.187 0.176 0.178 0.169 0.139 0.156 0.186 0.195 0.157 0.177 0.183 0.157 0.147 0.136 0.170 0.169 0.172 0.182 0.137 0.176 0.180 0.153 0.142 0.161 0.147 0.177 0.152 0.156 0.182 0.224 0.213 0.196 0.166 0.160 0.172 
0.180 0.161 0.206 0.173 0.159 0.164 0.148 0.194 0.175 0.186 0.198 0.199 0.176 0.156 0.198 0.176 0.153 0.146 0.182 0.185 0.198 0.190 0.155 0.188 0.164 0.207 0.181 0.181 0.167 0.197 0.185 0.167 0.172 0.170 0.212 0.183 0.178 0.159 0.199 0.194 0.198 0.243 0.183 0.162 0.174 0.193 0.146 0.201 0.170 0.158 0.163 0.196 0.144 0.217 0.154 0.196 0.180 0.143 0.141 0.214 
0.156 0.202 0.169 0.175 0.173 0.152 0.168 0.171 0.166 0.166 0.162 0.173 0.155 0.179 0.135 0.148 0.156 0.166 0.177 0.138 0.171 0.196 0.169 0.160 0.188 0.175 0.167 0.195 0.147 0.175 0.171 0.162 0.157 0.136 0.142 0.162 0.186 0.127 0.168 0.175 0.196 0.187 0.175 0.143 0.163 0.192 0.153 0.164 0.158 0.145 0.168 0.167 0.196 0.187 0.169 0.143 0.169 0.196 0.151 0.178 
0.211 0.174 0.190 0.168 0.134 0.169 0.189 0.185 0.142 0.165 0.160 0.175 0.154 0.165 0.161 0.169 0.173 0.161 0.148 0.158 0.156 0.210 0.192 0.184 0.163 0.203 0.194 0.173 0.182 0.176 0.142 0.172 0.199 0.195 0.127 0.164 0.163 0.159 0.144 0.158 0.171 0.209 0.196 0.177 0.184 0.157 0.172 0.179 0.217 0.281 0.297 0.296 0.294 0.362 0.347 0.277 0.289 0.256 0.275 0.224 
0.226 0.217 0.194 0.216 0.179 0.215 0.265 0.263 0.312 0.270 0.361 0.285 0.242 0.247 0.250 0.256 0.179 0.209 0.208 0.230 0.207 0.218 0.168 0.188 0.182 0.175 0.183 0.180 0.162 0.185 0.205 0.205 0.144 0.187 0.162 0.157 0.164 0.184 0.198 0.149 0.179 0.209 0.184 0.172 0.183 0.164 0.201 0.188 0.183 0.192 0.176 0.172 0.172 0.168 0.184 0.182 0.185 0.168 0.180 0.160 
0.223 0.147 0.150 0.176 0.162 0.181 0.181 0.197 0.181 0.172 0.174 0.195 0.190 0.189 0.184 0.165 0.248 0.186 0.156 0.195 0.159 0.160 0.217 0.178 0.163 0.192 0.213 0.201 0.173 0.192 0.203 0.226 0.205 0.159 0.167 0.229 0.190 0.215 0.184 0.156 0.156 0.180 0.172 0.197 0.180 0.143 0.222 0.209 0.180 0.160 0.176 0.200 0.178 0.165 0.188 0.208 0.207 0.180 0.158 0.264 
0.218 0.200 0.164 0.196 0.184 0.167 0.153 0.180 0.187 0.186 0.202 0.180 0.152 0.172 0.169 0.157 0.159 0.176 0.172 0.187 0.179 0.156 0.199 0.202 0.214 0.187 0.194 0.197 0.184 0.151 0.216 0.199 0.207 0.174 0.170 0.192 0.157 0.184 0.166 0.169 0.152 0.191 0.191 0.148 0.183 0.191 0.153 0.158 0.202 0.188 0.170 0.185 0.201 0.190 0.172 0.178 0.176 0.188 0.168 0.204 
