0.238 0.214 0.203 0.163 0.196 0.211 0.225 0.172 0.201 0.201 0.182 0.182 0.207 0.159 0.198 0.175 0.198 0.183 0.210 0.181 0.148 0.183 0.184 0.182 0.191 0.196 0.172 0.206 0.215 0.222 0.192 0.162 0.196 0.213 0.206 0.212 0.186 0.197 0.186 0.181 0.187 0.160 0.180 0.170 0.186 0.175 0.191 0.210 0.192 0.150 0.180 0.173 0.197 0.193 0.187 0.201 0.205 0.196 0.200 0.196 
0.180 0.191 0.215 0.190 0.217 0.177 0.191 0.195 0.224 0.197 0.180 0.203 0.192 0.231 0.191 0.188 0.209 0.193 0.148 0.172 0.183 0.200 0.147 0.212 0.200 0.200 0.204 0.195 0.201 0.187 0.202 0.199 0.193 0.201 0.192 0.203 0.174 0.155 0.218 0.176 0.167 0.191 0.190 0.206 0.189 0.225 0.213 0.220 0.189 0.145 0.149 0.181 0.187 0.169 0.174 0.200 0.197 0.215 0.190 0.208 
0.192 0.184 0.205 0.179 0.206 0.173 0.200 0.207 0.202 0.187 0.164 0.181 0.164 0.155 0.057 0.199 0.183 0.177 0.171 0.174 0.210 0.186 0.135 0.169 0.161 0.179 0.183 0.153 0.194 0.195 0.174 0.178 0.159 0.182 0.177 0.150 0.158 0.156 0.178 0.164 0.191 0.203 0.178 0.172 0.169 0.174 0.162 0.177 0.175 0.191 0.166 0.180 0.168 0.129 0.148 0.152 0.175 0.169 0.158 0.132 
0.132 0.158 0.153 0.159 0.158 0.154 0.166 0.118 0.139 0.148 0.158 0.153 0.154 0.126 0.177 0.159 0.152 0.155 0.157 0.159 0.146 0.151 0.158 0.146 0.154 0.148 0.161 0.147 0.145 0.155 0.137 0.149 0.151 0.157 0.151 0.128 0.145 0.119 0.159 0.152 0.171 0.149 0.144 0.164 0.147 0.155 0.123 0.160 0.148 0.144 0.143 0.151 0.177 0.159 0.145 0.139 0.113 0.111 0.148 0.143 
0.128 0.165 0.134 0.140 0.164 0.168 0.143 0.145 0.153 0.145 0.140 0.146 0.138 0.147 0.142 0.699 0.417 0.409 0.436 0.440 0.408 0.431 0.425 0.600 0.704 0.678 0.649 0.609 0.688 0.665 0.689 0.676 0.669 0.792 0.817 0.668 0.498 0.456 0.420 0.435 0.437 0.431 0.644 0.723 0.708 0.666 0.663 0.656 0.631 0.651 0.683 0.730 0.769 0.178 0.131 0.129 0.131 0.129 0.108 0.138 
0.136 0.115 0.138 0.135 0.144 0.140 0.150 0.145 0.135 0.138 0.132 0.120 0.140 0.107 0.155 0.144 0.145 0.119 0.129 0.147 0.133 0.111 0.111 0.137 0.141 0.130 0.144 0.136 0.111 0.120 0.102 0.107 0.138 0.127 0.128 0.142 0.136 0.129 0.140 0.135 0.133 0.137 0.136 0.137 0.456 0.628 0.497 0.212 0.146 0.154 0.142 0.145 0.147 0.147 0.134 0.097 0.102 0.131 0.135 0.102 
0.106 0.157 0.138 0.172 0.150 0.136 0.115 0.137 0.120 0.147 0.139 0.144 0.143 0.182 0.140 0.140 0.130 0.273 0.685 0.636 0.230 0.139 0.146 0.142 0.154 0.096 0.135 0.139 0.110 0.167 0.139 0.133 0.118 0.105 0.131 0.127 0.133 0.098 0.128 0.104 0.132 0.136 0.135 0.100 0.130 0.097 0.133 0.100 0.101 0.094 0.134 0.100 0.134 0.104 0.142 0.107 0.135 0.113 0.107 0.105 
0.132 0.158 0.124 0.123 0.142 0.146 0.105 0.146 0.135 0.108 0.098 0.137 0.131 0.104 0.127 0.110 0.133 0.104 0.110 0.117 0.161 0.136 0.127 0.163 0.120 0.141 0.107 0.150 0.114 0.124 0.147 0.111 0.124 0.160 0.119 0.114 0.132 0.151 0.134 0.147 0.151 0.116 0.173 0.125 0.151 0.122 0.119 0.162 0.125 0.119 0.147 0.130 0.153 0.128 0.119 0.169 0.129 0.204 0.132 0.174 
0.134 0.143 0.166 0.155 0.146 0.188 0.141 0.125 0.130 0.189 0.138 0.171 0.220 0.179 0.152 0.201 0.200 0.199 0.163 0.195 0.193 0.223 0.185 0.192 0.198 0.224 0.221 0.267 0.205 0.171 0.207 0.219 0.164 0.145 0.129 0.135 0.140 0.151 0.140 0.140 0.144 0.110 0.173 0.162 0.170 0.158 0.146 0.124 0.167 0.152 0.132 0.141 0.140 0.140 0.143 0.111 0.114 0.183 0.146 0.156 
0.138 0.158 0.145 0.148 0.118 0.145 0.141 0.141 0.155 0.152 0.134 0.121 0.192 0.164 0.152 0.126 0.151 0.143 0.160 0.124 0.139 0.146 0.137 0.151 0.150 0.164 0.126 0.167 0.162 0.144 0.154 0.121 0.147 0.146 0.151 0.131 0.151 0.138 0.147 0.160 0.154 0.166 0.138 0.165 0.163 0.157 0.153 0.166 0.110 0.144 0.142 0.151 0.147 0.150 0.134 0.132 0.121 0.155 0.146 0.163 
0.153 0.118 0.148 0.163 0.128 0.150 0.149 0.140 0.156 0.150 0.125 0.156 0.162 0.135 0.142 0.127 0.173 0.142 0.114 0.158 0.151 0.141 0.156 0.153 0.113 0.151 0.150 0.162 0.128 0.157 0.124 0.120 0.124 0.177 0.155 0.127 0.152 0.160 0.160 0.121 0.141 0.159 0.174 0.165 0.122 0.146 0.152 0.146 0.129 0.153 0.124 0.149 0.149 0.113 0.155 0.149 0.131 0.147 0.147 0.160 
0.137 0.123 0.150 0.165 0.153 0.136 0.116 0.143 0.147 0.148 0.160 0.128 0.155 0.150 0.133 0.169 0.152 0.161 0.150 0.137 0.147 0.150 0.157 0.118 0.125 0.165 0.144 0.120 0.152 0.162 0.145 0.132 0.158 0.144 0.185 0.149 0.121 0.140 0.157 0.155 0.150 0.142 0.121 0.141 0.149 0.128 0.129 0.258 0.165 0.114 0.151 0.149 0.165 0.138 0.151 0.176 0.157 0.158 0.174 0.140 
0.160 0.135 0.154 0.176 0.149 0.160 0.139 0.146 0.119 0.159 0.129 0.159 0.140 0.156 0.177 0.163 0.156 0.146 0.161 0.160 0.145 0.153 0.144 0.122 0.163 0.152 0.159 0.173 0.143 0.152 0.145 0.149 0.149 0.140 0.159 0.162 0.139 0.141 0.153 0.149 0.152 0.109 0.180 0.207 0.117 0.151 0.143 0.154 0.164 0.151 0.130 0.144 0.152 0.153 0.158 0.122 0.123 0.210 0.163 0.171 
0.159 0.138 0.168 0.172 0.141 0.125 0.119 0.164 0.162 0.158 0.149 0.125 0.139 0.176 0.153 0.167 0.157 0.152 0.144 0.130 0.118 0.153 0.114 0.165 0.147 0.153 0.157 0.163 0.160 0.146 0.121 0.153 0.161 0.181 0.166 0.161 0.147 0.151 0.121 0.153 0.154 0.144 0.171 0.131 0.158 0.149 0.147 0.127 0.146 0.149 0.154 0.154 0.156 0.125 0.160 0.152 0.156 0.166 0.138 0.146 
0.147 0.155 0.153 0.176 0.169 0.132 0.153 0.111 0.137 0.156 0.162 0.157 0.163 0.138 0.160 0.160 0.129 0.157 0.135 0.156 0.154 0.125 0.155 0.160 0.148 0.128 0.149 0.167 0.137 0.145 0.148 0.117 0.149 0.182 0.158 0.123 0.158 0.154 0.149 0.154 0.159 0.109 0.166 0.161 0.160 0.156 0.149 0.129 0.164 0.155 0.127 0.155 0.146 0.120 0.161 0.155 0.144 0.135 0.165 0.157 
0.159 0.170 0.125 0.160 0.131 0.152 0.151 0.116 0.158 0.162 0.154 0.178 0.165 0.139 0.153 0.178 0.157 0.138 0.161 0.159 0.136 0.140 0.124 0.163 0.120 0.160 0.151 0.159 0.162 0.121 0.158 0.144 0.130 0.179 0.154 0.168 0.127 0.122 0.160 0.159 0.160 0.130 0.175 0.166 0.150 0.164 0.128 0.155 0.162 0.166 0.123 0.149 0.152 0.128 0.157 0.142 0.126 0.168 0.165 0.116 
0.156 0.150 0.156 0.164 0.213 0.273 0.201 0.157 0.135 0.148 0.164 0.154 0.181 0.148 0.146 0.161 0.173 0.172 0.161 0.157 0.112 0.174 0.159 0.166 0.160 0.120 0.126 0.176 0.176 0.157 0.155 0.155 0.153 0.158 0.131 0.125 0.155 0.165 0.166 0.163 0.155 0.137 0.192 0.179 0.122 0.162 0.131 0.162 0.155 0.156 0.126 0.117 0.152 0.158 0.124 0.175 0.147 0.157 0.198 0.242 
0.177 0.122 0.161 0.166 0.172 0.120 0.139 0.148 0.121 0.126 0.158 0.162 0.180 0.138 0.175 0.169 0.157 0.160 0.130 0.152 0.150 0.132 0.138 0.159 0.125 0.159 0.143 0.166 0.141 0.145 0.157 0.117 0.118 0.162 0.177 0.123 0.145 0.155 0.166 0.127 0.160 0.163 0.204 0.301 0.291 0.265 0.309 0.268 0.256 0.246 0.237 0.171 0.203 0.166 0.208 0.160 0.188 0.259 0.294 0.254 
0.282 0.256 0.240 0.262 0.224 0.159 0.182 0.192 0.201 0.141 0.163 0.125 0.185 0.142 0.159 0.165 0.127 0.172 0.171 0.157 0.138 0.150 0.158 0.144 0.155 0.132 0.158 0.185 0.137 0.155 0.161 0.153 0.173 0.135 0.125 0.121 0.164 0.176 0.159 0.129 0.159 0.159 0.175 0.172 0.157 0.117 0.168 0.161 0.141 0.185 0.158 0.131 0.119 0.164 0.150 0.134 0.154 0.180 0.128 0.147 
0.154 0.169 0.206 0.224 0.175 0.132 0.151 0.166 0.163 0.151 0.124 0.157 0.157 0.183 0.151 0.164 0.152 0.174 0.164 0.143 0.153 0.159 0.174 0.132 0.169 0.162 0.143 0.137 0.173 0.167 0.157 0.175 0.149 0.148 0.183 0.126 0.125 0.171 0.160 0.159 0.125 0.158 0.184 0.176 0.149 0.262 0.216 0.208 0.159 0.195 0.167 0.117 0.165 0.134 0.152 0.177 0.159 0.173 0.148 0.162 
0.144 0.134 0.179 0.160 0.166 0.159 0.138 0.138 0.168 0.233 0.295 0.297 0.313 0.308 0.294 0.257 0.277 0.242 0.220 0.216 0.200 0.208 0.199 0.218 0.207 0.193 0.180 0.284 0.279 0.265 0.293 0.288 0.312 0.241 0.246 0.233 0.241 0.190 0.194 0.203 0.167 0.151 0.199 0.196 0.181 0.130 0.155 0.158 0.162 0.137 0.161 0.189 0.124 0.148 0.135 0.162 0.128 0.163 0.163 0.167 
0.148 0.156 0.120 0.170 0.180 0.120 0.156 0.158 0.168 0.134 0.134 0.171 0.163 0.154 0.177 0.209 0.164 0.132 0.172 0.126 0.164 0.167 0.126 0.158 0.153 0.166 0.185 0.177 0.137 0.124 0.132 0.153 0.157 0.167 0.132 0.160 0.156 0.126 0.148 0.166 0.157 0.119 0.159 0.154 0.165 0.130 0.143 0.170 0.158 0.196 0.131 0.160 0.152 0.165 0.165 0.136 0.159 0.152 0.156 0.167 
0.135 0.154 0.159 0.139 0.139 0.150 0.145 0.156 0.153 0.163 0.139 0.152 0.176 0.159 0.154 0.132 0.165 0.178 0.177 0.132 0.164 0.165 0.125 0.121 0.165 0.167 0.151 0.176 0.128 0.160 0.158 0.160 0.161 0.124 0.174 0.163 0.172 0.145 0.164 0.169 0.157 0.131 0.124 0.126 0.152 0.160 0.159 0.155 0.119 0.156 0.131 0.172 0.165 0.156 0.156 0.169 0.119 0.164 0.161 0.133 
0.121 0.148 0.158 0.173 0.139 0.160 0.163 0.156 0.158 0.164 0.131 0.143 0.168 0.146 0.129 0.152 0.153 0.154 0.135 0.154 0.281 0.149 0.146 0.148 0.166 0.127 0.156 0.158 0.151 0.128 0.158 0.160 0.161 0.189 0.167 0.123 0.144 0.132 0.156 0.120 0.155 0.153 0.160 0.124 0.153 0.155 0.146 0.157 0.135 0.167 0.167 0.164 0.144 0.148 0.156 0.135 0.146 0.161 0.117 0.161 
