0.217 0.212 0.230 0.193 0.210 0.207 0.240 0.235 0.224 0.210 0.182 0.172 0.198 0.209 0.177 0.074 0.173 0.186 0.172 0.160 0.213 0.231 0.212 0.203 0.207 0.197 0.189 0.199 0.211 0.216 0.181 0.189 0.189 0.197 0.200 0.237 0.211 0.200 0.203 0.199 0.200 0.191 0.189 0.200 0.185 0.164 0.195 0.201 0.186 0.189 0.180 0.171 0.176 0.169 0.170 0.175 0.193 0.209 0.178 0.136 
0.143 0.165 0.172 0.178 0.182 0.168 0.164 0.160 0.183 0.138 0.146 0.159 0.175 0.168 0.176 0.183 0.191 0.193 0.169 0.160 0.162 0.142 0.181 0.174 0.185 0.198 0.184 0.173 0.190 0.181 0.164 0.157 0.152 0.144 0.195 0.167 0.164 0.180 0.168 0.133 0.155 0.163 0.173 0.158 0.171 0.152 0.161 0.159 0.159 0.157 0.160 0.133 0.171 0.139 0.146 0.157 0.171 0.178 0.164 0.157 
0.157 0.158 0.173 0.159 0.198 0.162 0.160 0.153 0.149 0.154 0.169 0.156 0.159 0.142 0.148 0.145 0.692 0.403 0.427 0.445 0.418 0.438 0.430 0.441 0.459 0.708 0.627 0.623 0.593 0.613 0.623 0.719 0.738 0.765 0.714 0.705 0.719 0.661 0.829 0.751 0.157 0.152 0.150 0.153 0.118 0.153 0.148 0.149 0.154 0.143 0.156 0.150 0.162 0.153 0.147 0.156 0.151 0.157 0.138 0.134 
0.153 0.151 0.174 0.153 0.161 0.158 0.156 0.153 0.153 0.154 0.122 0.159 0.179 0.167 0.153 0.158 0.153 0.159 0.155 0.156 0.134 0.119 0.162 0.156 0.155 0.124 0.156 0.130 0.139 0.124 0.128 0.149 0.156 0.154 0.156 0.151 0.161 0.124 0.143 0.155 0.168 0.204 0.683 0.480 0.371 0.251 0.157 0.194 0.139 0.248 0.291 0.277 0.290 0.279 0.291 0.218 0.202 0.235 0.223 0.196 
0.179 0.187 0.167 0.157 0.167 0.180 0.188 0.252 0.269 0.274 0.278 0.251 0.232 0.211 0.224 0.196 0.234 0.177 0.147 0.175 0.182 0.153 0.155 0.121 0.152 0.112 0.141 0.141 0.134 0.134 0.156 0.115 0.148 0.141 0.118 0.154 0.144 0.110 0.141 0.143 0.140 0.113 0.149 0.145 0.155 0.144 0.117 0.109 0.144 0.141 0.119 0.157 0.117 0.147 0.120 0.143 0.113 0.156 0.127 0.117 
0.124 0.114 0.156 0.165 0.125 0.152 0.161 0.154 0.150 0.131 0.120 0.162 0.156 0.121 0.148 0.124 0.153 0.125 0.121 0.162 0.124 0.159 0.128 0.167 0.126 0.136 0.131 0.175 0.119 0.171 0.114 0.148 0.127 0.161 0.121 0.161 0.124 0.170 0.168 0.129 0.127 0.119 0.127 0.158 0.166 0.136 0.135 0.125 0.138 0.156 0.165 0.162 0.166 0.162 0.125 0.157 0.140 0.148 0.138 0.127 
0.179 0.141 0.153 0.155 0.163 0.131 0.164 0.119 0.130 0.153 0.167 0.125 0.166 0.171 0.160 0.157 0.181 0.143 0.148 0.166 0.176 0.172 0.141 0.160 0.196 0.170 0.165 0.179 0.165 0.173 0.172 0.163 0.180 0.177 0.175 0.174 0.198 0.187 0.183 0.155 0.174 0.173 0.179 0.159 0.182 0.191 0.168 0.189 0.178 0.180 0.185 0.187 0.186 0.174 0.188 0.183 0.173 0.199 0.199 0.200 
0.205 0.190 0.196 0.181 0.195 0.220 0.187 0.167 0.186 0.182 0.183 0.188 0.207 0.208 0.211 0.190 0.215 0.234 0.211 0.193 0.199 0.199 0.212 0.177 0.217 0.221 0.211 0.235 0.222 0.240 0.201 0.205 0.199 0.200 0.236 0.185 0.218 0.218 0.218 0.201 0.211 0.228 0.208 0.190 0.194 0.213 0.232 0.222 0.230 0.182 0.225 0.235 0.212 0.223 0.207 0.218 0.210 0.233 0.221 0.262 
0.228 0.224 0.188 0.219 0.189 0.238 0.228 0.227 0.244 0.222 0.251 0.230 0.229 0.245 0.203 0.218 0.238 0.241 0.212 0.219 0.220 0.236 0.243 0.205 0.205 0.205 0.240 0.256 0.216 0.210 0.203 0.222 0.235 0.226 0.229 0.236 0.209 0.205 0.208 0.222 0.182 0.239 0.215 0.217 0.234 0.185 0.210 0.227 0.212 0.204 0.212 0.210 0.204 0.206 0.207 0.216 0.233 0.238 0.241 0.235 
0.217 0.244 0.187 0.230 0.246 0.222 0.220 0.208 0.240 0.193 0.223 0.223 0.228 0.225 0.231 0.227 0.202 0.219 0.229 0.209 0.181 0.214 0.227 0.244 0.234 0.198 0.248 0.248 0.198 0.229 0.231 0.214 0.211 0.244 0.251 0.167 0.213 0.234 0.208 0.234 0.234 0.209 0.192 0.197 0.231 0.223 0.236 0.210 0.200 0.195 0.218 0.182 0.216 0.240 0.236 0.229 0.225 0.228 0.201 0.244 
0.220 0.217 0.190 0.237 0.209 0.253 0.220 0.219 0.211 0.198 0.226 0.227 0.216 0.202 0.216 0.233 0.194 0.224 0.256 0.257 0.239 0.198 0.200 0.226 0.238 0.211 0.245 0.273 0.263 0.214 0.256 0.233 0.231 0.228 0.250 0.255 0.236 0.244 0.222 0.224 0.186 0.206 0.238 0.301 0.389 0.275 0.230 0.259 0.193 0.237 0.215 0.248 0.231 0.214 0.218 0.237 0.219 0.227 0.251 0.218 
0.224 0.271 0.212 0.216 0.251 0.253 0.227 0.217 0.236 0.226 0.231 0.218 0.227 0.178 0.250 0.193 0.232 0.218 0.206 0.194 0.250 0.227 0.239 0.219 0.218 0.232 0.262 0.255 0.252 0.250 0.236 0.248 0.226 0.274 0.201 0.268 0.213 0.220 0.263 0.250 0.262 0.208 0.230 0.228 0.280 0.211 0.221 0.264 0.228 0.274 0.209 0.245 0.250 0.233 0.236 0.206 0.256 0.287 0.241 0.266 
0.215 0.220 0.239 0.258 0.286 0.242 0.269 0.250 0.249 0.242 0.198 0.220 0.215 0.256 0.286 0.269 0.238 0.224 0.199 0.206 0.261 0.225 0.237 0.254 0.270 0.245 0.258 0.268 0.265 0.269 0.230 0.224 0.234 0.199 0.246 0.239 0.239 0.208 0.228 0.223 0.241 0.211 0.236 0.242 0.266 0.239 0.241 0.240 0.215 0.212 0.239 0.281 0.253 0.248 0.243 0.246 0.244 0.275 0.229 0.284 
0.223 0.199 0.230 0.254 0.212 0.270 0.215 0.248 0.253 0.242 0.222 0.241 0.242 0.273 0.272 0.213 0.227 0.247 0.259 0.256 0.263 0.213 0.253 0.269 0.287 0.233 0.277 0.259 0.240 0.237 0.245 0.212 0.213 0.242 0.255 0.252 0.240 0.268 0.271 0.225 0.243 0.251 0.228 0.233 0.273 0.274 0.243 0.258 0.202 0.214 0.247 0.241 0.198 0.250 0.255 0.260 0.260 0.226 0.211 0.267 
0.324 0.233 0.246 0.247 0.257 0.242 0.238 0.261 0.250 0.248 0.237 0.248 0.249 0.258 0.265 0.236 0.244 0.237 0.217 0.205 0.232 0.267 0.175 0.179 0.172 0.143 0.170 0.162 0.137 0.174 0.178 0.159 0.177 0.145 0.185 0.193 0.147 0.136 0.169 0.174 0.139 0.166 0.178 0.140 0.203 0.162 0.175 0.167 0.139 0.169 0.179 0.165 0.132 0.142 0.152 0.164 0.178 0.174 0.202 0.196 
0.179 0.194 0.173 0.143 0.148 0.191 0.172 0.164 0.148 0.168 0.171 0.160 0.170 0.166 0.205 0.186 0.170 0.212 0.175 0.134 0.176 0.163 0.136 0.178 0.184 0.164 0.158 0.150 0.134 0.157 0.190 0.180 0.163 0.179 0.184 0.149 0.196 0.164 0.145 0.175 0.171 0.166 0.162 0.177 0.162 0.175 0.176 0.174 0.163 0.125 0.179 0.172 0.168 0.200 0.166 0.146 0.178 0.190 0.175 0.162 
0.176 0.138 0.188 0.194 0.171 0.152 0.150 0.170 0.138 0.162 0.194 0.170 0.178 0.184 0.160 0.178 0.169 0.145 0.166 0.176 0.185 0.133 0.181 0.166 0.154 0.160 0.165 0.196 0.153 0.180 0.176 0.170 0.177 0.145 0.158 0.174 0.142 0.179 0.178 0.186 0.135 0.154 0.147 0.180 0.199 0.160 0.180 0.140 0.201 0.165 0.182 0.176 0.165 0.154 0.150 0.148 0.184 0.170 0.225 0.187 
0.177 0.175 0.169 0.183 0.179 0.154 0.173 0.172 0.173 0.172 0.167 0.135 0.180 0.173 0.184 0.147 0.172 0.159 0.158 0.195 0.140 0.179 0.166 0.169 0.185 0.170 0.197 0.155 0.141 0.178 0.185 0.184 0.191 0.162 0.188 0.184 0.152 0.135 0.139 0.136 0.187 0.176 0.174 0.174 0.186 0.180 0.171 0.139 0.172 0.169 0.178 0.170 0.194 0.192 0.146 0.184 0.141 0.175 0.158 0.196 
0.176 0.183 0.177 0.184 0.158 0.194 0.173 0.170 0.139 0.175 0.175 0.141 0.141 0.177 0.185 0.168 0.148 0.171 0.186 0.143 0.170 0.178 0.164 0.177 0.138 0.193 0.183 0.145 0.187 0.181 0.156 0.163 0.166 0.185 0.147 0.196 0.172 0.170 0.136 0.185 0.189 0.137 0.173 0.174 0.193 0.168 0.181 0.188 0.181 0.144 0.138 0.145 0.165 0.179 0.152 0.170 0.181 0.182 0.179 0.147 
0.164 0.183 0.168 0.179 0.136 0.195 0.181 0.139 0.155 0.168 0.195 0.172 0.170 0.139 0.152 0.190 0.183 0.194 0.183 0.196 0.190 0.178 0.140 0.194 0.229 0.150 0.151 0.211 0.138 0.195 0.191 0.152 0.181 0.177 0.204 0.175 0.188 0.143 0.166 0.141 0.179 0.176 0.175 0.152 0.154 0.172 0.178 0.188 0.206 0.183 0.149 0.188 0.144 0.173 0.195 0.179 0.162 0.187 0.187 0.140 
0.152 0.169 0.182 0.151 0.181 0.205 0.153 0.189 0.191 0.137 0.181 0.170 0.178 0.180 0.194 0.142 0.188 0.180 0.139 0.156 0.185 0.180 0.148 0.189 0.178 0.172 0.184 0.186 0.169 0.163 0.141 0.145 0.176 0.141 0.173 0.178 0.183 0.170 0.195 0.178 0.168 0.177 0.169 0.188 0.185 0.140 0.140 0.142 0.177 0.177 0.150 0.182 0.185 0.161 0.178 0.169 0.182 0.193 0.194 0.179 
0.154 0.175 0.155 0.185 0.190 0.190 0.166 0.174 0.147 0.171 0.177 0.139 0.145 0.160 0.174 0.177 0.172 0.147 0.175 0.169 0.176 0.345 0.158 0.166 0.179 0.185 0.173 0.187 0.166 0.178 0.170 0.162 0.137 0.176 0.177 0.188 0.172 0.173 0.145 0.173 0.183 0.170 0.171 0.168 0.135 0.185 0.179 0.176 0.176 0.138 0.146 0.168 0.180 0.161 0.173 0.194 0.139 0.186 0.178 0.146 
0.170 0.180 0.179 0.173 0.156 0.182 0.179 0.191 0.189 0.149 0.186 0.156 0.135 0.184 0.175 0.181 0.187 0.179 0.182 0.144 0.188 0.179 0.151 0.189 0.176 0.181 0.240 0.337 0.257 0.253 0.177 0.174 0.179 0.145 0.193 0.165 0.188 0.177 0.181 0.176 0.141 0.172 0.176 0.165 0.160 0.169 0.173 0.174 0.142 0.170 0.165 0.192 0.196 0.180 0.181 0.155 0.177 0.191 0.184 0.183 
0.177 0.173 0.136 0.184 0.150 0.182 0.180 0.171 0.146 0.176 0.176 0.171 0.164 0.174 0.144 0.175 0.190 0.193 0.180 0.164 0.176 0.142 0.179 0.168 0.156 0.184 0.168 0.203 0.145 0.179 0.195 0.142 0.149 0.187 0.181 0.178 0.181 0.187 0.168 0.177 0.188 0.143 0.148 0.166 0.172 0.171 0.177 0.173 0.168 0.168 0.162 0.136 0.186 0.178 0.179 0.176 0.194 0.179 0.181 0.140 
