0.672 0.670 0.682 0.653 0.716 0.675 0.654 0.647 0.654 0.636 0.652 0.649 0.622 0.644 0.689 0.638 0.688 0.649 0.635 0.647 0.728 0.740 0.695 0.659 0.650 0.656 0.678 0.653 0.670 0.689 0.666 0.691 0.630 0.668 0.647 0.646 0.620 0.629 0.649 0.619 0.648 0.650 0.661 0.658 0.627 0.637 0.654 0.647 0.638 0.627 0.685 0.673 0.666 0.646 0.640 0.657 0.654 0.700 0.633 0.685 
0.691 0.695 0.654 0.642 0.683 0.648 0.641 0.642 0.686 0.663 0.644 0.687 0.612 0.630 0.638 0.652 0.634 0.674 0.661 0.683 0.661 0.702 0.662 0.674 0.638 0.658 0.715 0.688 0.649 0.698 0.729 0.657 0.665 0.670 0.638 0.706 0.672 0.667 0.635 0.651 0.657 0.689 0.881 0.851 0.716 0.650 0.679 0.624 0.640 0.669 0.675 0.682 0.673 0.670 0.656 0.651 0.690 0.649 0.656 0.679 
0.689 0.669 0.645 0.620 0.639 0.655 0.647 0.655 0.626 0.623 0.637 0.693 0.654 0.661 0.635 0.662 0.675 0.659 0.691 0.688 0.660 0.650 0.640 0.658 0.667 0.639 0.683 0.653 0.684 0.658 0.705 0.628 0.636 0.664 0.624 0.687 0.632 0.623 0.701 0.597 0.637 0.634 0.647 0.643 0.674 0.636 0.680 0.669 0.678 0.641 0.698 0.646 0.677 0.664 0.706 0.644 0.650 0.663 0.673 0.679 
0.678 0.658 0.646 0.661 0.674 0.669 0.667 0.655 0.654 0.645 0.620 0.683 0.646 0.637 0.689 0.653 0.667 0.611 0.650 0.689 0.661 0.684 0.652 0.699 0.673 0.696 0.719 0.696 0.673 0.741 0.671 0.710 0.666 0.700 0.651 0.654 0.668 0.668 0.679 0.675 0.678 0.679 0.702 0.659 0.679 0.707 0.656 0.677 0.704 0.675 0.701 0.683 0.693 0.687 0.684 0.648 0.664 0.701 0.674 0.719 
0.761 0.664 0.698 0.708 0.740 0.691 0.676 0.702 0.626 0.693 0.650 0.776 0.703 0.692 0.701 0.687 0.716 0.658 0.665 0.690 0.684 0.722 0.711 0.724 0.745 0.693 0.681 0.670 0.687 0.699 0.713 0.723 0.643 0.657 0.655 0.689 0.632 0.681 0.681 0.664 0.649 0.662 0.680 0.656 0.651 0.643 0.676 0.689 0.632 0.678 0.682 0.669 0.705 0.660 0.699 0.698 0.676 0.702 0.694 0.682 
0.696 0.684 0.655 0.663 0.683 0.669 0.664 0.696 0.730 0.683 0.691 0.785 0.693 0.702 0.646 0.700 0.700 0.679 0.701 0.710 0.721 0.761 0.691 0.685 0.722 0.694 0.732 0.689 0.693 0.699 0.731 0.716 0.663 0.699 0.668 0.709 0.656 0.707 0.711 0.649 0.701 0.702 0.698 0.699 0.690 0.684 0.687 0.726 0.667 0.676 0.681 0.719 0.698 0.693 0.740 0.674 0.694 0.731 0.672 0.760 
0.716 0.742 0.690 0.681 0.708 0.688 0.663 0.660 0.703 0.695 0.675 0.729 0.675 0.689 0.697 0.659 0.700 0.682 0.715 0.723 0.717 0.723 0.704 0.699 0.659 0.682 0.761 0.690 0.718 0.735 0.713 0.771 0.675 0.718 0.722 0.719 0.712 0.677 0.712 0.709 0.685 0.702 0.714 0.713 0.754 0.692 0.736 0.783 0.687 0.677 0.731 0.778 0.741 0.734 0.682 0.769 0.687 0.745 0.716 0.765 
0.731 0.719 0.773 0.729 0.720 0.658 0.715 0.701 0.760 0.689 0.662 0.700 0.710 0.683 0.748 0.810 0.708 0.725 0.688 0.728 0.706 0.699 0.722 0.688 0.701 0.714 0.680 0.738 0.710 0.685 0.692 0.724 0.694 0.721 0.702 0.693 0.681 0.700 0.711 0.689 0.661 0.672 0.686 0.684 0.687 0.658 0.695 0.662 0.671 0.713 0.665 0.730 0.680 0.688 0.706 0.650 0.716 0.686 0.716 0.704 
0.697 0.693 0.692 0.674 0.701 0.695 0.701 0.687 0.704 0.678 0.662 0.714 0.685 0.705 0.672 0.690 0.701 0.684 0.686 0.683 0.687 0.733 0.669 0.703 0.696 0.726 0.710 0.692 0.702 0.670 0.721 0.710 0.699 0.638 0.705 0.684 0.677 0.711 0.674 0.707 0.660 0.683 0.697 0.661 0.703 0.692 0.684 0.727 0.686 0.705 0.690 0.698 0.685 0.679 0.738 0.658 0.710 0.709 0.690 0.680 
0.693 0.727 0.681 0.729 0.683 0.685 0.692 0.680 0.737 0.679 0.686 0.702 0.707 0.690 0.680 0.701 0.706 0.759 0.713 0.678 0.712 0.692 0.723 0.707 0.694 0.653 0.685 0.706 0.636 0.734 0.720 0.724 0.744 0.694 0.662 0.681 0.702 0.690 0.708 0.687 0.667 0.705 0.716 0.650 0.706 0.693 0.705 0.709 0.660 0.706 0.692 0.729 0.705 0.696 0.699 0.702 0.675 0.703 0.731 0.711 
0.711 0.720 0.692 0.679 0.676 0.699 0.697 0.681 0.711 0.513 0.785 0.701 0.668 0.689 0.687 0.735 0.699 0.679 0.661 0.695 0.727 0.707 0.722 0.668 0.683 0.667 0.691 0.669 0.672 0.698 0.676 0.712 0.682 0.664 0.702 0.644 0.682 0.678 0.686 0.673 0.683 0.681 0.675 0.659 0.685 0.676 0.704 0.667 0.680 0.641 0.665 0.713 0.663 0.631 0.643 0.659 0.666 0.664 0.654 0.642 
0.633 0.671 0.663 0.634 0.658 0.623 0.651 0.656 0.637 0.698 0.644 0.676 0.666 0.640 0.652 0.627 0.633 0.707 0.640 0.655 0.725 0.688 0.671 0.641 0.700 0.638 0.654 0.694 0.644 0.631 0.639 0.640 0.626 0.657 0.647 0.635 0.681 0.609 0.646 0.632 0.648 0.679 0.679 0.657 0.627 0.654 0.654 0.627 0.634 0.639 0.651 0.657 0.624 0.630 0.633 0.644 0.680 0.642 0.660 0.652 
0.608 0.665 0.669 0.670 0.634 0.640 0.650 0.628 0.640 0.632 1.054 0.935 0.916 0.918 0.926 0.907 0.970 0.944 1.125 1.156 1.135 1.181 1.146 1.165 1.159 1.158 1.170 1.179 1.218 1.021 0.993 0.930 0.932 0.914 0.906 0.916 0.951 1.027 1.178 1.166 1.129 1.157 1.113 1.137 1.158 1.124 1.125 1.193 1.187 0.843 0.682 0.791 0.912 0.896 0.909 0.971 0.994 1.144 1.074 1.073 
1.083 0.781 0.647 0.629 0.651 0.643 0.656 0.656 0.621 0.635 0.653 0.654 0.732 1.211 1.070 1.364 0.804 1.176 1.188 1.190 1.173 1.420 1.512 1.445 1.471 1.393 1.422 1.502 1.502 1.478 1.463 1.459 1.450 1.409 1.393 1.268 1.289 1.255 1.138 1.170 0.640 1.072 1.188 1.108 1.025 1.186 1.361 1.244 1.090 1.325 0.667 1.003 1.266 1.130 1.193 1.184 1.223 0.907 1.346 0.999 
0.646 0.662 0.664 0.631 0.759 0.677 0.646 0.664 0.627 0.674 0.709 0.733 0.691 0.750 0.700 0.717 0.754 0.729 0.706 0.699 0.770 0.754 0.740 0.749 0.709 0.743 0.708 0.757 0.715 0.729 0.742 0.714 0.717 0.724 0.703 0.739 0.687 0.736 0.738 0.700 0.737 0.708 0.739 0.722 0.711 0.710 0.717 0.719 0.689 0.748 0.723 0.742 0.726 0.725 0.722 0.700 0.731 0.761 0.725 0.750 
0.755 0.740 0.752 0.717 0.747 0.723 0.705 0.729 0.740 0.741 0.769 0.761 0.738 0.744 0.878 0.744 0.901 0.737 0.767 0.738 0.748 0.795 0.792 0.769 0.731 0.732 0.721 0.730 0.762 0.806 0.706 0.755 0.748 0.710 0.756 0.704 0.746 0.727 0.736 0.737 0.715 0.758 0.712 0.717 0.730 0.736 0.763 0.698 0.708 0.742 0.751 0.739 0.748 0.739 0.723 0.736 0.745 0.680 0.727 0.722 
0.736 0.747 0.697 0.726 0.760 0.725 0.732 0.704 0.789 0.704 0.755 0.725 0.737 0.756 0.752 0.802 0.796 0.761 0.791 0.825 0.837 0.767 0.879 0.775 0.770 0.761 0.747 0.761 0.746 0.790 0.793 0.761 0.783 0.798 0.765 0.768 0.776 0.776 0.751 0.785 0.774 0.747 0.764 0.797 0.768 0.763 0.812 0.755 0.777 0.799 0.797 0.773 0.730 0.761 0.790 0.821 0.779 0.792 0.780 0.786 
0.741 0.767 0.823 0.798 0.831 0.758 0.825 0.998 0.843 0.801 0.760 0.767 0.764 0.775 0.747 0.783 0.789 0.741 0.762 0.771 0.742 0.740 0.779 0.820 0.754 0.786 0.758 0.768 0.786 0.787 0.777 0.726 0.763 0.684 0.767 0.770 0.765 0.767 0.742 0.729 0.720 0.734 0.745 0.717 0.761 0.730 0.765 0.750 0.761 0.763 0.761 0.742 0.733 0.749 0.765 0.763 0.742 0.760 0.748 0.802 
0.759 0.768 0.770 0.761 0.746 0.792 0.781 0.773 0.762 0.759 0.740 0.796 0.772 0.782 0.729 0.761 0.773 0.733 0.806 0.799 0.757 0.750 0.720 0.770 0.751 0.780 0.777 0.737 0.787 0.773 0.770 0.749 0.789 0.756 0.742 0.780 0.758 0.767 0.814 0.735 0.749 0.759 0.777 0.774 0.736 0.794 0.754 0.757 0.736 0.776 0.754 0.741 0.811 0.726 0.772 0.801 0.734 0.778 0.800 0.767 
0.745 0.845 0.823 0.759 0.787 0.778 0.781 0.796 0.764 0.763 0.734 0.775 0.783 0.776 0.774 0.737 0.573 0.822 0.726 0.744 0.771 0.745 0.804 0.745 0.720 0.748 0.773 0.751 0.774 0.795 0.774 0.760 0.719 0.781 0.753 0.775 0.763 0.779 0.759 0.762 0.738 0.753 0.770 0.744 0.740 0.766 0.733 0.765 0.759 0.755 0.760 0.742 0.735 0.725 0.729 0.725 0.716 0.744 0.724 0.704 
0.746 0.731 0.725 0.708 0.715 0.740 0.711 0.744 0.700 0.729 0.736 0.729 0.731 0.721 0.711 0.720 0.709 0.771 0.702 0.726 0.721 0.709 0.764 0.719 0.770 0.762 0.765 0.770 0.758 0.751 0.738 0.800 0.721 0.717 0.720 0.701 0.752 0.706 0.710 0.715 0.728 0.720 0.677 0.758 0.702 0.746 0.742 0.728 0.759 0.728 0.758 0.734 0.745 0.733 0.699 0.779 0.723 0.707 0.724 0.712 
0.725 0.706 0.706 0.735 0.678 0.692 0.690 0.693 0.706 0.698 0.701 0.682 0.692 0.714 0.681 0.705 0.688 1.137 0.985 1.002 1.026 1.002 1.014 1.013 1.000 1.037 1.211 1.184 1.181 1.179 1.214 1.209 1.180 1.202 1.203 1.250 1.221 1.042 0.913 0.979 0.970 1.008 1.020 1.033 1.117 1.079 1.231 1.182 1.173 1.182 1.173 1.144 1.193 1.179 1.177 1.218 1.246 1.171 1.111 1.111 
1.090 1.114 1.110 1.146 1.182 1.090 1.184 1.175 1.146 1.195 1.180 1.179 1.220 1.248 1.173 1.112 1.113 1.091 1.116 1.112 1.148 1.184 1.092 0.844 0.810 0.806 0.773 0.789 0.795 0.828 1.019 0.989 0.855 0.788 0.817 0.762 0.779 0.807 0.813 0.820 0.811 0.809 0.795 0.789 0.829 0.788 0.794 0.817 0.827 0.807 0.784 0.759 0.778 0.793 0.785 0.793 0.764 0.762 0.776 0.832 
0.792 0.799 0.773 0.801 0.813 0.798 0.829 0.826 0.798 0.789 0.779 0.796 0.806 0.777 0.821 0.792 0.822 0.797 0.844 0.766 0.775 0.802 0.762 0.825 0.771 0.762 0.839 0.736 0.776 0.772 0.786 0.781 0.812 0.775 0.819 0.808 0.817 0.780 0.836 0.784 0.815 0.802 0.844 0.782 0.789 0.802 0.812 0.817 0.817 0.796 0.784 0.799 0.813 0.808 0.805 0.794 0.792 0.783 0.759 0.821 
