0.242 0.187 0.207 0.148 0.110 0.180 0.171 0.186 0.176 0.165 0.235 0.180 0.209 0.178 0.183 0.182 0.227 0.218 0.146 0.180 0.157 0.158 0.175 0.182 0.158 0.181 0.207 0.216 0.162 0.214 0.159 0.206 0.208 0.173 0.161 0.167 0.200 0.213 0.182 0.217 0.209 0.238 0.186 0.228 0.195 0.176 0.241 0.193 0.184 0.201 0.174 0.220 0.221 0.239 0.230 0.186 0.239 0.171 0.213 0.192 
0.188 0.166 0.204 0.225 0.183 0.285 0.206 0.228 0.226 0.244 0.208 0.243 0.239 0.225 0.238 0.226 0.192 0.181 0.198 0.182 0.178 0.204 0.227 0.165 0.220 0.193 0.189 0.208 0.205 0.205 0.185 0.234 0.219 0.209 0.186 0.184 0.233 0.158 0.217 0.225 0.230 0.220 0.151 0.223 0.240 0.164 0.186 0.215 0.202 0.125 0.205 0.204 0.186 0.174 0.210 0.206 0.216 0.220 0.227 0.220 
0.208 0.273 0.229 0.238 0.203 0.227 0.204 0.188 0.165 0.156 0.257 0.264 0.211 0.183 0.212 0.196 0.208 0.266 0.206 0.206 0.190 0.187 0.227 0.210 0.224 0.170 0.189 0.209 0.162 0.197 0.195 0.227 0.218 0.235 0.177 0.198 0.201 0.173 0.231 0.234 0.182 0.184 0.276 0.222 0.188 0.220 0.209 0.262 0.204 0.181 0.230 0.191 0.235 0.256 0.163 0.163 0.195 0.239 0.166 0.255 
0.207 0.170 0.263 0.196 0.200 0.185 0.214 0.190 0.215 0.178 0.191 0.262 0.255 0.224 0.233 0.200 0.206 0.168 0.182 0.165 0.254 0.245 0.226 0.287 0.198 0.278 0.251 0.201 0.258 0.217 0.168 0.254 0.282 0.195 0.137 0.145 0.156 0.190 0.235 0.209 0.246 0.173 0.287 0.234 0.254 0.233 0.245 0.239 0.157 0.169 0.187 0.221 0.257 0.169 0.244 0.195 0.267 0.185 0.166 0.199 
0.214 0.247 0.220 0.222 0.224 0.151 0.151 0.215 0.192 0.171 0.244 0.262 0.183 0.186 0.169 0.162 0.181 0.191 0.206 0.172 0.188 0.173 0.244 0.188 0.216 0.253 0.249 0.252 0.208 0.213 0.238 0.248 0.268 0.216 0.159 0.200 0.219 0.218 0.227 0.228 0.187 0.228 0.177 0.219 0.178 0.168 0.281 0.248 0.170 0.201 0.183 0.191 0.181 0.189 0.203 0.191 0.197 0.184 0.218 0.203 
0.389 0.248 0.250 0.219 0.191 0.210 0.174 0.205 0.191 0.177 0.171 0.202 0.205 0.182 0.178 0.220 0.223 0.248 0.167 0.187 0.204 0.195 0.237 0.183 0.172 0.199 0.209 0.201 0.167 0.222 0.206 0.246 0.232 0.265 0.177 0.190 0.179 0.170 0.266 0.194 0.208 0.215 0.205 0.181 0.208 0.165 0.225 0.184 0.163 0.191 0.193 0.171 0.219 0.211 0.165 0.203 0.222 0.150 0.189 0.185 
0.164 0.263 0.177 0.204 0.185 0.186 0.119 0.218 0.188 0.161 0.191 0.224 0.216 0.180 0.147 0.228 0.208 0.169 0.199 0.206 0.175 0.171 0.211 0.180 0.187 0.201 0.208 0.217 0.204 0.250 0.187 0.208 0.248 0.186 0.153 0.179 0.199 0.228 0.195 0.237 0.176 0.233 0.201 0.209 0.158 0.235 0.230 0.198 0.199 0.133 0.186 0.198 0.190 0.217 0.180 0.185 0.186 0.198 0.219 0.139 
0.212 0.260 0.160 0.213 0.215 0.176 0.203 0.201 0.222 0.217 0.158 0.171 0.176 0.219 0.206 0.180 0.173 0.209 0.182 0.153 0.195 0.185 0.217 0.190 0.143 0.154 0.158 0.172 0.215 0.181 0.212 0.209 0.166 0.168 0.161 0.170 0.182 0.174 0.228 0.199 0.229 0.230 0.234 0.200 0.230 0.238 0.209 0.209 0.162 0.188 0.192 0.185 0.196 0.196 0.176 0.195 0.215 0.173 0.223 0.153 
0.195 0.190 0.190 0.183 0.175 0.249 0.220 0.212 0.176 0.184 0.203 0.186 0.182 0.227 0.226 0.191 0.227 0.157 0.218 0.146 0.157 0.129 0.204 0.264 0.131 0.207 0.224 0.191 0.364 0.252 0.246 0.282 0.256 0.211 0.194 0.241 0.223 0.262 0.249 0.322 0.296 0.236 0.230 0.279 0.195 0.191 0.234 0.185 0.262 0.232 0.141 0.171 0.185 0.218 0.213 0.203 0.208 0.262 0.322 0.275 
0.300 0.333 0.311 0.280 0.256 0.284 0.228 0.240 0.247 0.218 0.242 0.307 0.328 0.319 0.313 0.304 0.290 0.234 0.237 0.230 0.241 0.229 0.256 0.246 0.262 0.195 0.164 0.150 0.137 0.199 0.173 0.227 0.210 0.146 0.131 0.186 0.187 0.183 0.199 0.216 0.173 0.226 0.200 0.203 0.215 0.247 0.203 0.201 0.218 0.147 0.198 0.187 0.170 0.212 0.219 0.202 0.193 0.185 0.212 0.157 
0.202 0.195 0.162 0.173 0.230 0.224 0.149 0.200 0.233 0.221 0.217 0.190 0.154 0.183 0.192 0.170 0.238 0.242 0.173 0.200 0.159 0.205 0.178 0.243 0.196 0.184 0.173 0.167 0.161 0.227 0.211 0.297 0.400 0.270 0.223 0.232 0.250 0.287 0.263 0.230 0.245 0.307 0.269 0.300 0.244 0.288 0.279 0.314 0.255 0.187 0.250 0.221 0.282 0.234 0.243 0.250 0.235 0.241 0.228 0.231 
0.167 0.252 0.241 0.202 0.203 0.217 0.197 0.200 0.213 0.183 0.204 0.262 0.166 0.213 0.251 0.189 0.198 0.270 0.208 0.201 0.295 0.343 0.314 0.332 0.337 0.328 0.345 0.254 0.329 0.291 0.301 0.226 0.233 0.213 0.278 0.269 0.261 0.326 0.275 0.314 0.309 0.303 0.322 0.505 0.319 0.235 0.286 0.253 0.275 0.242 0.209 0.264 0.189 0.272 0.255 0.209 0.206 0.164 0.165 0.153 
0.220 0.222 0.167 0.209 0.163 0.154 0.162 0.184 0.182 0.173 0.195 0.195 0.173 0.218 0.164 0.188 0.195 0.207 0.201 0.284 0.122 0.138 0.206 0.180 0.208 0.181 0.212 0.166 0.160 0.196 0.171 0.230 0.216 0.187 0.198 0.162 0.194 0.206 0.211 0.221 0.221 0.159 0.194 0.349 0.189 0.207 0.214 0.183 0.198 0.208 0.185 0.187 0.147 0.216 0.251 0.212 0.186 0.147 0.208 0.190 
0.196 0.200 0.196 0.163 0.152 0.178 0.146 0.158 0.158 0.174 0.192 0.145 0.170 0.188 0.234 0.186 0.190 0.252 0.201 0.172 0.152 0.210 0.171 0.207 0.173 0.149 0.161 0.175 0.217 0.201 0.168 0.236 0.188 0.121 0.108 0.201 0.161 0.140 0.231 0.173 0.202 0.186 0.103 0.198 0.193 0.213 0.230 0.189 0.178 0.163 0.159 0.148 0.161 0.179 0.180 0.200 0.186 0.153 0.189 0.200 
0.154 0.198 0.195 0.229 0.214 0.157 0.170 0.155 0.161 0.213 0.156 0.184 0.128 0.220 0.192 0.163 0.234 0.175 0.199 0.293 0.206 0.168 0.131 0.262 0.189 0.167 0.192 0.269 0.167 0.158 0.196 0.203 0.197 0.155 0.277 0.185 0.200 0.161 0.210 0.162 0.238 0.120 0.172 0.146 0.138 0.189 0.206 0.224 0.130 0.132 0.118 0.158 0.150 0.166 0.161 0.171 0.142 0.146 0.175 0.161 
0.182 0.208 0.172 0.167 0.168 0.147 0.140 0.132 0.155 0.149 0.176 0.158 0.110 0.144 0.157 0.157 0.191 0.177 0.141 0.196 0.203 0.109 0.137 0.153 0.150 0.144 0.146 0.171 0.150 0.207 0.152 0.167 0.202 0.154 0.173 0.195 0.165 0.141 0.226 0.162 0.120 0.184 0.138 0.140 0.107 0.170 0.172 0.159 0.143 0.161 0.195 0.171 0.163 0.151 0.134 0.157 0.146 0.156 0.139 0.185 
0.203 0.170 0.165 0.178 0.208 0.171 0.233 0.195 0.112 0.142 0.147 0.175 0.164 0.131 0.184 0.131 0.122 0.151 0.148 0.157 0.159 0.169 0.124 0.132 0.224 0.131 0.162 0.140 0.118 0.143 0.146 0.200 0.151 0.129 0.189 0.176 0.158 0.111 0.116 0.111 0.136 0.187 0.100 0.158 0.159 0.193 0.119 0.161 0.136 0.149 0.123 0.111 0.138 0.120 0.139 0.152 0.134 0.178 0.165 0.148 
0.130 0.170 0.154 0.157 0.156 0.132 0.137 0.154 0.123 0.169 0.205 0.139 0.130 0.137 0.125 0.127 0.125 0.152 0.112 0.167 0.226 0.135 0.167 0.134 0.135 0.184 0.155 0.138 0.100 0.139 0.153 0.140 0.179 0.129 0.169 0.126 0.167 0.142 0.111 0.166 0.093 -0.069 0.245 0.115 0.089 0.125 0.137 0.196 0.103 0.076 0.097 0.136 0.128 0.110 0.128 0.113 0.111 0.107 0.122 0.100 
0.133 0.136 0.147 0.122 0.092 0.119 0.116 0.083 0.130 0.102 0.125 0.131 0.102 0.123 0.119 0.108 0.075 0.093 0.155 0.135 0.137 0.094 0.049 0.136 0.084 0.081 0.075 0.114 0.113 0.090 0.105 0.081 0.123 0.063 0.073 0.074 0.077 0.038 0.131 0.066 0.091 0.085 0.074 0.070 0.108 0.038 0.055 0.085 0.068 0.125 0.059 0.065 0.081 0.069 0.084 0.061 0.116 0.058 0.031 0.091 
0.112 0.067 0.056 0.061 0.058 0.042 0.050 0.047 0.046 0.057 0.029 0.058 0.048 0.064 0.058 0.034 0.069 0.058 0.071 0.059 0.012 0.063 0.079 0.047 0.084 0.038 0.050 0.046 0.073 0.071 0.093 0.062 0.054 0.050 0.053 0.037 0.050 0.068 0.050 0.110 0.089 0.035 0.567 0.319 0.322 0.303 0.302 0.314 0.364 0.320 0.425 0.559 0.548 0.535 0.550 0.497 0.526 0.555 0.515 0.502 
0.546 0.533 0.547 0.499 0.569 0.567 0.569 0.557 0.397 0.252 0.296 0.354 0.341 0.362 0.435 0.478 0.564 0.539 0.506 0.496 0.498 0.472 0.542 0.512 0.507 0.485 0.523 0.498 0.515 0.533 0.495 0.570 0.547 0.526 0.089 0.075 0.346 0.373 0.375 0.391 0.351 0.475 0.566 0.533 0.447 0.639 0.854 0.693 0.824 0.210 0.018 0.504 0.706 0.799 0.697 0.804 0.813 0.432 0.892 0.892 
0.882 0.858 0.837 0.843 0.815 0.782 0.812 0.629 0.625 0.639 0.728 0.623 0.639 0.650 0.281 0.512 0.126 0.271 0.396 0.654 0.588 0.719 0.673 0.427 0.448 0.780 0.823 0.617 0.465 0.514 0.635 0.630 0.674 0.595 0.523 0.469 0.741 0.132 0.054 0.055 0.429 0.563 0.544 0.566 0.559 0.504 0.552 0.550 0.362 0.043 0.038 0.246 0.532 0.566 0.568 0.578 0.563 0.552 0.570 0.578 
0.571 0.574 0.570 0.571 0.568 0.566 0.562 0.559 0.564 0.568 0.567 0.570 0.554 0.561 0.561 0.554 0.568 0.577 0.199 0.055 0.225 0.564 0.574 0.571 0.589 0.591 0.575 0.567 0.580 0.598 0.589 0.583 0.575 0.587 0.573 0.596 0.569 0.582 0.570 0.578 0.574 0.585 0.572 0.555 0.569 0.591 0.584 0.583 0.581 0.583 0.587 0.589 0.586 0.593 0.584 0.612 0.585 0.576 0.583 0.582 
0.605 0.589 0.608 0.592 0.599 0.583 0.591 0.586 0.590 0.580 0.604 0.580 0.594 0.566 0.596 0.582 0.589 0.572 0.590 0.577 0.595 0.583 0.583 0.719 0.566 0.586 0.579 0.606 0.580 0.338 0.115 0.039 0.034 0.038 0.014 0.038 0.058 0.029 0.135 0.021 0.069 0.061 0.045 0.039 0.030 0.049 0.031 0.045 0.036 0.040 0.082 0.084 0.066 0.133 0.035 0.102 0.058 0.199 0.213 0.041 
