0.213 0.206 0.253 0.244 0.261 0.244 0.294 0.258 0.220 0.228 0.207 0.212 0.213 0.211 0.261 0.243 0.259 0.229 0.209 0.247 0.241 0.254 0.253 0.252 0.195 0.264 0.229 0.219 0.222 0.215 0.205 0.211 0.221 0.216 0.210 0.239 0.207 0.245 0.229 0.209 0.221 0.218 0.223 0.209 0.213 0.213 0.193 0.221 0.218 0.208 0.232 0.164 0.199 0.215 0.210 0.204 0.208 0.195 0.205 0.284 
0.228 0.235 0.234 0.274 0.259 0.186 0.260 0.223 0.237 0.220 0.207 0.241 0.199 0.236 0.225 0.260 0.241 0.249 0.243 0.246 0.264 0.238 0.198 0.258 0.205 0.234 0.196 0.250 0.240 0.225 0.259 0.242 0.244 0.257 0.233 0.238 0.250 0.261 0.217 0.228 0.208 0.193 0.212 0.206 0.189 0.238 0.228 0.268 0.189 0.228 0.206 0.206 0.214 0.192 0.209 0.202 0.245 0.229 0.213 0.207 
0.218 0.215 0.220 0.218 0.215 0.211 0.245 0.202 0.209 0.221 0.218 0.209 0.233 0.196 0.156 0.207 0.229 0.201 0.265 0.216 0.213 0.251 0.219 0.254 0.239 0.241 0.244 0.218 0.238 0.191 0.194 0.200 0.196 0.229 0.205 0.200 0.197 0.229 0.276 0.239 0.238 0.199 0.234 0.233 0.242 0.208 0.185 0.203 0.187 0.233 0.260 0.237 0.219 0.267 0.285 0.232 0.235 0.229 0.222 0.200 
0.178 0.214 0.200 0.202 0.267 0.267 0.214 0.230 0.231 0.261 0.201 0.216 0.194 0.209 0.253 0.192 0.184 0.227 0.202 0.260 0.224 0.254 0.224 0.249 0.285 0.209 0.173 0.179 0.185 0.183 0.173 0.257 0.226 0.243 0.173 0.266 0.336 0.273 0.230 0.205 0.253 0.196 0.262 0.211 0.169 0.197 0.162 0.235 0.232 0.205 0.202 0.221 0.185 0.194 0.239 0.222 0.195 0.192 0.163 0.209 
0.188 0.187 0.229 0.234 0.291 0.167 0.188 0.205 0.193 0.208 0.192 0.224 0.232 0.176 0.190 0.174 0.201 0.190 0.162 0.201 0.152 0.208 0.220 0.205 0.200 0.173 0.202 0.199 0.214 0.229 0.198 0.250 0.212 0.176 0.251 0.175 0.212 0.290 0.222 0.189 0.186 0.223 0.166 0.241 0.242 0.227 0.194 0.185 0.246 0.210 0.252 0.224 0.198 0.179 0.181 0.207 0.247 0.190 0.220 0.199 
0.272 0.218 0.197 0.215 0.343 0.227 0.233 0.188 0.189 0.171 0.186 0.198 0.203 0.260 0.181 0.192 0.254 0.238 0.207 0.247 0.252 0.217 0.263 0.227 0.242 0.206 0.190 0.299 0.201 0.221 0.225 0.192 0.188 0.191 0.205 0.228 0.183 0.233 0.198 0.231 0.226 0.188 0.237 0.250 0.249 0.226 0.183 0.222 0.239 0.322 0.218 0.211 0.210 0.180 0.195 0.204 0.240 0.207 0.236 0.223 
0.230 0.222 0.199 0.241 0.237 0.224 0.210 0.176 0.189 0.267 0.179 0.220 0.228 0.184 0.212 0.267 0.318 0.244 0.249 0.300 0.209 0.278 0.234 0.255 0.259 0.297 0.199 0.211 0.198 0.260 0.278 0.222 0.235 0.252 0.231 0.250 0.212 0.252 0.218 0.208 0.201 0.196 0.212 0.233 0.231 0.232 0.191 0.252 0.226 0.205 0.231 0.279 0.233 0.224 0.212 0.216 0.195 0.218 0.212 0.250 
0.208 0.190 0.213 0.201 0.221 0.268 0.222 0.239 0.262 0.251 0.167 0.201 0.239 0.187 0.279 0.217 0.209 0.227 0.252 0.216 0.230 0.240 0.247 0.210 0.260 0.195 0.222 0.359 0.244 0.250 0.173 0.212 0.256 0.243 0.221 0.223 0.227 0.221 0.211 0.267 0.221 0.213 0.213 0.214 0.254 0.262 0.226 0.213 0.230 0.208 0.211 0.190 0.260 0.226 0.211 0.249 0.193 0.214 0.240 0.219 
0.237 0.295 0.262 0.252 0.230 0.208 0.221 0.232 0.226 0.220 0.253 0.239 0.208 0.218 0.233 0.262 0.245 0.231 0.227 0.209 0.247 0.333 0.259 0.338 0.279 0.242 0.282 0.235 0.358 0.263 0.282 0.215 0.257 0.222 0.244 0.288 0.181 0.284 0.209 0.241 0.236 0.246 0.258 0.165 0.226 0.221 0.219 0.246 0.214 0.227 0.183 0.241 0.260 0.349 0.235 0.197 0.210 0.186 0.220 0.216 
0.215 0.210 0.210 0.274 0.225 0.234 0.230 0.218 0.237 0.275 0.205 0.258 0.178 0.201 0.192 0.230 0.220 0.220 0.221 0.225 0.197 0.191 0.193 0.212 0.225 0.230 0.197 0.232 0.171 0.191 0.198 0.201 0.221 0.259 0.261 0.219 0.253 0.244 0.213 0.209 0.229 0.269 0.201 0.233 0.211 0.196 0.195 0.215 0.213 0.239 0.207 0.197 0.216 0.200 0.155 0.212 0.208 0.207 0.225 0.197 
0.222 0.201 0.211 0.201 0.194 0.231 0.225 0.243 0.204 0.197 0.248 0.210 0.222 0.243 0.242 0.200 0.244 0.219 0.200 0.220 0.190 0.182 0.205 0.190 0.191 0.190 0.217 0.231 0.191 0.197 0.196 0.193 0.206 0.178 0.210 0.175 0.249 0.199 0.208 0.179 0.196 0.203 0.238 0.215 0.202 0.208 0.202 0.217 0.236 0.241 0.213 0.163 0.184 0.224 0.193 0.206 0.226 0.200 0.211 0.194 
0.209 0.211 0.195 0.227 0.191 0.205 0.196 0.223 0.231 0.184 0.234 0.227 0.222 0.189 0.227 0.189 0.195 0.153 0.175 0.191 0.211 0.173 0.197 0.226 0.201 0.189 0.191 0.203 0.170 0.196 0.207 0.198 0.219 0.208 0.210 0.199 0.198 0.204 0.165 0.214 0.200 0.191 0.270 0.217 0.202 0.229 0.197 0.055 0.286 0.232 0.205 0.205 0.211 0.292 0.175 0.197 0.198 0.203 0.208 0.186 
0.220 0.208 0.174 0.210 0.211 0.202 0.210 0.175 0.216 0.204 0.238 0.196 0.249 0.307 0.197 0.183 0.184 0.231 0.206 0.190 0.249 0.230 0.255 0.192 0.194 0.188 0.187 0.198 0.215 0.192 0.200 0.195 0.244 0.183 0.214 0.147 0.186 0.193 0.202 0.215 0.186 0.188 0.159 0.171 0.172 0.172 0.181 0.180 0.172 0.196 0.189 0.194 0.204 0.213 0.269 0.191 0.264 0.212 0.235 0.188 
0.219 0.187 0.185 0.185 0.170 0.179 0.187 0.174 0.164 0.166 0.181 0.170 0.168 0.202 0.155 0.202 0.188 0.176 0.172 0.147 0.179 0.217 0.188 0.212 0.162 0.206 0.193 0.161 0.179 0.171 0.184 0.209 0.199 0.207 0.173 0.167 0.185 0.173 0.192 0.195 0.165 0.160 0.155 0.182 0.170 0.168 0.171 0.172 0.583 0.435 0.423 0.426 0.433 0.454 0.443 0.439 0.485 0.598 0.657 0.640 
0.672 0.640 0.648 0.626 0.657 0.636 0.643 0.659 0.697 0.686 0.662 0.697 0.706 0.718 0.490 0.328 0.382 0.402 0.419 0.432 0.469 0.512 0.640 0.720 0.653 0.668 0.685 0.647 0.655 0.646 0.670 0.646 0.666 0.651 0.634 0.662 0.652 0.708 0.681 0.235 0.208 0.439 0.475 0.534 0.572 0.570 0.618 0.631 0.613 0.600 0.808 0.978 0.824 0.797 0.566 0.691 0.714 0.531 0.690 0.953 
0.973 0.979 0.983 0.873 1.027 1.039 1.032 0.988 0.963 0.984 0.947 0.920 0.940 0.791 0.792 0.807 0.698 0.254 0.652 0.176 0.193 0.468 0.535 0.689 0.768 0.815 0.585 0.590 0.603 0.898 0.608 0.523 0.519 0.863 0.221 0.708 0.724 0.728 0.737 0.728 0.490 0.539 0.877 0.303 0.175 0.379 0.699 0.619 0.568 0.661 0.697 0.533 0.621 0.664 0.434 0.168 0.216 0.626 0.693 0.694 
0.705 0.704 0.698 0.698 0.705 0.702 0.708 0.709 0.692 0.699 0.701 0.702 0.695 0.695 0.713 0.707 0.699 0.703 0.703 0.693 0.694 0.695 0.499 0.170 0.255 0.664 0.706 0.696 0.708 0.707 0.705 0.704 0.702 0.714 0.730 0.710 0.725 0.713 0.697 0.714 0.716 0.705 0.704 0.705 0.724 0.700 0.707 0.714 0.724 0.686 0.706 0.712 0.714 0.702 0.720 0.709 0.712 0.706 0.701 0.716 
0.717 0.715 0.732 0.713 0.706 0.716 0.716 0.724 0.708 0.723 0.717 0.724 0.718 0.727 0.711 0.721 0.741 0.715 0.729 0.725 0.711 0.711 0.705 0.705 0.711 0.714 0.727 0.718 0.734 0.721 0.727 0.756 0.710 0.578 0.184 0.152 0.175 0.158 0.157 0.183 0.173 0.204 0.164 0.187 0.169 0.186 0.198 0.170 0.202 0.226 0.209 0.185 0.172 0.190 0.184 0.185 0.171 0.181 0.193 0.184 
0.180 0.195 0.176 0.189 0.163 0.196 0.198 0.155 0.186 0.166 0.236 0.190 0.198 0.204 0.191 0.192 0.182 0.218 0.193 0.173 0.205 0.242 0.222 0.248 0.214 0.200 0.177 0.208 0.207 0.179 0.185 0.191 0.202 0.223 0.211 0.190 0.197 0.220 0.209 0.217 0.185 0.173 0.182 0.185 0.164 0.232 0.229 0.218 0.232 0.206 0.232 0.223 0.238 0.214 0.232 0.206 0.195 0.231 0.196 0.204 
0.247 0.191 0.205 0.217 0.205 0.202 0.156 0.209 0.220 0.208 0.217 0.199 0.216 0.199 0.230 0.249 0.239 0.203 0.205 0.219 0.210 0.223 0.222 0.203 0.228 0.211 0.247 0.262 0.203 0.282 0.223 0.244 0.236 0.212 0.241 0.220 0.246 0.251 0.234 0.250 0.229 0.278 0.262 0.247 0.270 0.199 0.241 0.198 0.239 0.204 0.183 0.227 0.216 0.265 0.252 0.229 0.263 0.221 0.260 0.252 
0.273 0.296 0.242 0.262 0.242 0.257 0.270 0.270 0.278 0.229 0.214 0.202 0.222 0.260 0.248 0.233 0.234 0.261 0.236 0.221 0.242 0.236 0.262 0.274 0.241 0.241 0.234 0.276 0.251 0.255 0.253 0.226 0.267 0.252 0.302 0.241 0.242 0.252 0.254 0.274 0.270 0.280 0.266 0.242 0.247 0.248 0.228 0.209 0.265 0.232 0.241 0.182 0.261 0.223 0.273 0.267 0.224 0.292 0.256 0.263 
0.261 0.285 0.252 0.253 0.228 0.247 0.279 0.258 0.246 0.259 0.207 0.282 0.268 0.249 0.248 0.219 0.230 0.252 0.235 0.283 0.257 0.281 0.224 0.270 0.230 0.241 0.215 0.228 0.276 0.260 0.233 0.276 0.250 0.300 0.249 0.291 0.296 0.262 0.266 0.224 0.252 0.248 0.237 0.301 0.279 0.220 0.212 0.229 0.239 0.246 0.236 0.242 0.296 0.268 0.285 0.248 0.258 0.270 0.310 0.282 
0.278 0.237 0.248 0.272 0.287 0.277 0.245 0.243 0.250 0.296 0.320 0.259 0.269 0.277 0.262 0.203 0.228 0.275 0.221 0.257 0.238 0.270 0.228 0.271 0.251 0.258 0.247 0.281 0.341 0.329 0.334 0.234 0.285 0.280 0.277 0.225 0.252 0.273 0.294 0.211 0.224 0.237 0.241 0.271 0.265 0.195 0.226 0.218 0.209 0.233 0.250 0.255 0.241 0.247 0.278 0.225 0.255 0.262 0.256 0.253 
0.287 0.267 0.242 0.251 0.219 0.306 0.275 0.221 0.254 0.215 0.231 0.232 0.292 0.253 0.253 0.255 0.261 0.268 0.251 0.225 0.250 0.259 0.238 0.246 0.304 0.234 0.210 0.267 0.268 0.277 0.295 0.290 0.279 0.234 0.259 0.230 0.266 0.245 0.279 0.274 0.247 0.226 0.258 0.240 0.272 0.292 0.237 0.228 0.254 0.250 0.234 0.260 0.260 0.246 0.258 0.266 0.268 0.248 0.279 0.243 
