0.296 0.339 0.520 0.232 0.379 0.305 0.459 0.428 0.330 0.417 0.354 0.388 0.279 0.330 0.425 0.318 0.306 0.322 0.267 0.562 0.476 0.482 0.383 0.329 0.400 0.340 0.422 0.386 0.395 0.350 0.354 0.338 0.240 0.388 0.462 0.320 0.411 0.396 0.307 0.467 0.311 0.419 0.471 0.285 0.318 0.426 0.458 0.388 0.381 0.388 0.337 0.407 0.384 0.394 0.503 0.312 0.568 0.347 0.414 0.335 
0.411 0.456 0.375 0.320 0.228 0.375 0.409 0.423 0.383 0.369 0.582 0.293 0.437 0.443 0.407 0.463 0.400 0.518 0.409 0.315 0.444 0.333 0.471 0.345 0.361 0.511 0.337 0.419 0.461 0.367 0.413 0.328 0.538 0.380 0.266 0.365 0.433 0.423 0.454 0.529 0.398 0.266 0.491 0.439 0.389 0.466 0.426 0.456 0.407 0.430 0.543 0.376 0.404 0.332 0.429 0.489 0.382 0.510 0.390 0.329 
0.480 0.355 0.497 0.325 0.510 0.488 0.454 0.444 0.426 0.383 0.362 0.530 0.418 0.461 0.380 0.358 0.454 0.362 0.409 0.494 0.370 0.361 0.502 0.428 0.391 0.450 0.458 0.368 0.430 0.285 0.396 0.431 0.363 0.531 0.355 0.514 0.363 0.643 0.531 0.468 0.368 0.376 0.574 0.436 0.397 0.450 0.386 0.513 0.361 0.401 0.452 0.389 0.561 0.318 0.366 0.427 0.434 0.448 0.440 0.373 
0.543 0.393 0.434 0.391 0.389 0.306 0.379 0.548 0.345 0.371 0.392 0.431 0.378 0.346 0.552 0.317 0.377 0.451 0.326 0.309 0.422 0.450 0.347 0.396 0.330 0.305 0.439 0.304 0.412 0.408 0.447 0.549 0.339 0.439 0.571 0.281 0.441 0.487 0.445 0.448 0.396 0.335 0.370 0.442 0.593 0.302 0.403 0.450 0.492 0.389 0.376 0.338 0.447 0.365 0.472 0.460 0.469 0.367 0.396 0.293 
0.514 0.345 0.448 0.415 0.314 0.348 0.331 0.411 0.450 0.441 0.456 0.347 0.473 0.517 0.360 0.415 0.448 0.673 0.545 0.456 0.373 0.380 0.443 0.339 0.433 0.496 0.449 0.685 0.297 0.394 0.507 0.465 0.428 0.409 0.478 0.391 0.660 0.393 0.374 0.528 0.388 0.318 0.546 0.432 0.325 0.363 0.576 0.419 0.477 0.333 0.466 0.533 0.305 0.547 0.447 0.392 0.554 0.423 0.340 0.493 
0.397 0.352 0.463 0.491 0.407 0.488 0.428 0.406 0.427 0.336 0.351 0.464 0.405 0.617 0.438 0.478 0.516 0.343 0.512 0.401 0.407 0.368 0.555 0.475 0.352 0.373 0.335 0.338 0.614 0.375 0.496 0.465 0.532 0.544 0.371 0.480 0.426 0.320 0.516 0.351 0.517 0.525 0.563 0.401 0.460 0.488 0.351 0.341 0.430 0.565 0.426 0.359 0.499 0.428 0.517 0.438 0.400 0.384 0.436 0.353 
0.374 0.469 0.361 0.432 0.520 0.494 0.450 0.459 0.406 0.447 0.454 0.494 0.422 0.385 0.456 0.423 0.442 0.335 0.477 0.405 0.443 0.374 0.475 0.484 0.528 0.351 0.358 0.424 0.403 0.409 0.390 0.525 0.315 0.510 0.365 0.551 0.342 0.391 0.367 0.350 0.385 0.535 0.521 0.450 0.381 0.555 0.572 0.441 0.462 0.384 0.368 0.393 0.468 0.407 0.380 0.583 0.348 0.351 0.348 0.428 
0.530 0.442 0.553 0.389 0.496 0.348 0.336 0.439 0.299 0.478 0.474 0.329 0.513 0.383 0.526 0.404 0.363 0.473 0.318 0.447 0.453 0.430 0.412 0.331 0.338 0.504 0.420 0.512 0.365 0.497 0.338 0.580 0.411 0.326 0.397 0.391 0.401 0.360 0.626 0.360 0.450 0.372 0.377 0.376 0.402 0.485 0.364 0.476 0.514 0.317 0.425 0.355 0.590 0.605 0.463 0.545 0.450 0.492 0.570 0.371 
0.373 0.333 0.480 0.495 0.534 0.548 0.501 0.308 0.354 0.433 0.406 0.402 0.493 0.381 0.510 0.346 0.368 0.511 0.503 0.336 0.520 0.462 0.386 0.431 0.370 0.461 0.602 0.348 0.499 0.412 0.431 0.600 0.393 0.340 0.380 0.272 0.469 0.318 0.506 0.467 0.300 0.480 0.472 0.606 0.292 0.287 0.519 0.469 0.460 0.320 0.603 0.463 0.469 0.336 0.394 0.317 0.404 0.459 0.507 0.340 
0.459 0.420 0.468 0.385 0.475 0.445 0.436 0.484 0.430 0.445 0.509 0.402 0.458 0.511 0.532 0.368 0.357 0.472 0.351 0.453 0.408 0.342 0.434 0.470 0.379 0.348 0.426 0.373 0.373 0.790 0.445 0.499 0.545 0.472 0.479 0.486 0.387 0.346 0.539 0.417 0.466 0.532 0.414 0.512 0.467 0.440 0.491 0.377 0.520 0.411 0.487 0.432 0.396 0.486 0.422 0.425 0.499 0.381 0.357 0.339 
0.376 0.519 0.419 0.532 0.352 0.353 0.390 0.515 0.491 0.444 0.437 0.373 0.477 0.254 0.472 0.520 0.500 0.512 0.491 0.427 0.426 0.366 0.303 0.440 0.359 0.346 0.497 0.441 0.333 0.460 0.463 0.484 0.301 0.507 0.584 0.369 0.573 0.549 0.268 0.477 0.347 0.453 0.352 0.516 0.493 0.456 0.564 0.398 0.586 0.352 0.502 0.416 0.423 0.554 0.359 0.505 0.453 0.370 0.408 0.349 
0.437 0.405 0.488 0.467 0.375 0.484 0.315 0.459 0.425 0.404 0.343 0.418 0.535 0.502 0.328 0.398 0.417 0.446 0.508 0.481 0.576 0.310 0.589 0.319 0.352 0.411 0.459 0.395 0.501 0.542 0.393 0.389 0.321 0.384 0.389 0.309 0.410 0.535 0.515 0.391 0.342 0.448 0.435 0.413 0.514 0.475 0.452 0.487 0.339 0.430 0.355 0.418 0.355 0.394 0.471 0.330 0.329 0.367 0.511 0.273 
0.339 0.561 0.359 0.668 0.401 0.465 0.420 0.426 0.506 0.402 0.440 0.466 0.401 0.419 0.431 0.507 0.564 0.480 0.372 0.352 0.416 0.368 0.377 0.559 0.432 0.541 0.567 0.453 0.426 0.390 0.460 0.573 0.475 0.411 0.498 0.471 0.356 0.391 0.385 0.431 0.402 0.462 0.489 0.446 0.504 0.511 0.342 0.597 0.376 0.429 0.458 0.452 0.413 0.468 0.305 0.484 0.542 0.326 0.342 0.435 
0.426 0.490 0.460 0.423 0.584 0.494 0.411 0.611 0.394 0.575 0.359 0.600 0.389 0.385 0.273 0.415 0.444 0.320 0.483 0.363 0.437 0.445 0.397 0.384 0.411 0.300 0.459 0.404 0.422 0.512 0.498 0.482 0.412 0.414 0.530 0.453 0.421 0.378 0.472 0.400 0.558 0.420 0.363 0.492 0.521 0.608 0.356 0.281 0.412 0.402 0.426 0.408 0.355 0.390 0.508 0.501 0.382 0.433 0.463 0.406 
0.556 0.494 0.597 0.515 0.443 0.405 0.330 0.453 0.421 0.286 0.357 0.386 0.648 0.434 0.527 0.480 0.418 0.470 0.464 0.535 0.452 0.368 0.460 0.424 0.295 0.386 0.414 0.444 0.356 0.574 0.377 0.500 0.449 0.435 0.504 0.294 0.548 0.441 0.380 0.532 0.342 0.412 0.311 0.362 0.323 0.432 0.484 0.381 0.438 0.379 0.416 0.456 0.352 0.393 0.448 0.492 0.448 0.402 0.419 0.397 
0.530 0.351 0.396 0.522 0.286 0.419 0.490 0.098 0.522 0.434 0.409 0.323 0.400 0.396 0.640 0.473 0.388 0.498 0.442 0.521 0.386 0.297 0.451 0.533 0.352 0.396 0.359 0.435 0.385 0.425 0.442 0.388 0.412 0.456 0.321 0.477 0.410 0.418 0.365 0.402 0.428 0.444 0.541 0.346 0.494 0.549 0.305 0.459 0.302 0.488 0.270 0.434 0.424 0.401 0.448 0.361 0.435 0.353 0.450 0.479 
0.401 0.413 0.448 0.410 0.422 0.482 0.442 0.367 0.407 0.395 0.594 0.483 0.341 0.473 0.351 0.528 0.683 0.395 0.460 0.373 0.446 0.479 0.424 0.477 0.443 0.463 0.429 0.502 0.457 0.470 0.404 0.419 0.422 0.336 0.382 0.582 0.263 0.275 0.362 0.496 0.440 0.278 0.377 0.360 0.585 0.481 0.328 0.299 0.350 0.370 0.224 0.340 0.518 0.327 0.385 0.409 0.406 0.438 0.403 0.383 
0.394 0.462 0.445 0.362 0.379 0.476 0.457 0.426 0.372 0.319 0.390 0.449 0.459 0.458 0.444 0.519 0.466 0.311 0.385 0.568 0.396 0.383 0.405 0.447 0.440 0.388 0.332 0.426 0.513 0.313 0.482 0.392 0.302 0.341 0.403 0.488 0.438 0.242 0.326 0.339 0.399 0.429 0.435 0.460 0.306 0.480 0.459 0.382 0.459 0.404 0.533 0.355 0.368 0.330 0.322 0.361 0.423 0.311 0.417 0.394 
0.588 0.404 0.447 0.396 0.519 0.495 0.409 0.551 0.339 0.346 0.353 0.381 0.364 0.308 0.421 0.427 0.470 0.393 0.380 0.485 0.391 0.484 0.430 0.378 0.425 0.404 0.468 0.473 0.377 0.488 0.359 0.511 0.399 0.337 0.410 0.424 0.399 0.375 0.360 0.568 0.460 0.365 0.354 0.475 0.556 0.439 0.433 0.271 0.377 0.397 0.317 0.561 0.349 0.403 0.609 0.356 0.343 0.278 0.393 0.379 
0.299 0.471 0.390 0.369 0.477 0.385 0.483 0.364 0.385 0.460 0.309 0.520 0.288 0.407 0.311 0.500 0.362 0.350 0.406 0.382 0.404 0.244 0.518 0.458 0.309 0.267 0.252 0.316 0.369 0.428 0.482 0.245 0.315 0.362 0.318 0.420 0.266 0.280 0.293 0.362 0.477 0.308 0.440 0.500 0.376 0.399 0.262 0.352 0.369 0.242 0.327 0.309 0.397 0.425 0.436 0.379 0.292 0.320 0.330 0.281 
0.519 0.335 0.369 0.334 0.279 0.469 0.402 0.444 0.439 0.315 0.487 0.315 0.385 0.396 0.416 0.317 0.315 0.443 0.351 0.357 0.411 0.257 0.309 0.243 0.440 0.402 0.383 0.310 0.351 0.322 0.319 0.375 0.347 0.261 0.356 0.212 0.282 0.426 0.250 0.378 0.396 0.214 0.314 0.297 0.468 0.394 0.317 0.431 0.382 0.455 0.311 0.285 0.438 0.292 0.431 0.384 0.331 0.292 0.379 0.532 
0.569 0.258 0.412 0.410 0.372 0.471 0.503 0.079 0.465 0.303 0.385 0.380 0.481 0.543 0.293 0.346 0.894 0.503 0.301 0.363 0.451 0.470 0.556 0.326 0.435 0.926 0.393 0.436 0.321 0.700 0.635 0.352 0.629 0.287 0.275 0.681 0.594 0.476 0.429 0.449 0.016 0.256 0.503 0.830 0.244 0.417 0.650 0.615 0.310 0.372 0.472 0.513 0.474 0.413 0.297 0.640 0.250 0.293 0.345 0.436 
0.310 0.412 0.263 0.380 0.286 0.338 0.364 0.295 0.378 0.336 0.276 0.296 0.353 0.315 0.305 0.350 0.267 0.286 0.342 0.327 0.442 0.390 0.253 0.237 0.250 0.328 0.272 0.291 0.206 0.330 0.479 0.297 0.280 0.259 0.352 0.335 0.387 0.281 0.197 0.279 0.311 0.294 0.283 0.275 0.282 0.370 0.363 0.401 0.270 0.427 0.439 0.434 0.276 0.440 0.349 0.375 0.403 0.348 0.268 0.374 
0.325 0.596 0.266 0.388 0.265 0.403 0.329 0.358 0.316 0.367 0.428 0.379 0.340 0.362 0.525 0.439 0.432 0.381 0.390 0.356 0.410 0.330 0.421 0.290 0.356 0.263 0.447 0.318 0.326 0.268 0.339 0.280 0.352 0.259 0.417 0.272 0.359 0.453 0.335 0.378 0.487 0.296 0.256 0.321 0.342 0.435 0.364 0.462 0.275 0.298 0.445 0.286 0.453 0.392 0.323 0.454 0.189 0.470 0.424 0.312 
