0.067 0.081 0.075 0.080 0.079 0.068 0.088 0.091 0.068 0.070 0.082 0.078 0.080 0.038 0.109 0.136 0.046 0.080 0.072 0.083 0.092 0.079 0.058 0.073 0.080 0.081 0.087 0.050 0.052 0.138 0.092 0.099 0.087 0.066 0.097 0.100 0.069 0.053 0.047 0.092 0.090 0.086 0.077 0.053 0.067 0.104 0.081 0.095 0.084 0.080 0.072 0.057 0.046 0.081 0.042 0.092 0.074 0.081 0.085 0.091 
0.087 0.073 0.049 0.080 0.088 0.108 0.093 0.088 0.074 0.078 0.048 0.080 0.081 0.071 0.098 0.058 0.085 0.076 0.073 0.053 0.073 0.076 0.081 0.081 0.083 0.052 0.087 0.079 0.083 0.093 0.064 0.072 0.073 0.081 0.079 0.102 0.095 0.059 0.079 0.037 0.063 0.082 0.088 0.083 0.089 0.064 0.086 0.086 0.055 0.082 0.060 0.082 0.080 0.051 0.081 0.086 0.074 0.053 0.075 0.093 
0.063 0.070 0.073 0.042 0.075 0.107 0.083 0.048 0.083 0.079 0.074 0.079 0.084 0.034 0.091 0.086 0.085 0.081 0.074 0.054 0.089 0.080 0.052 0.080 0.071 0.045 0.086 0.080 0.069 0.060 0.090 0.081 0.083 0.095 0.049 0.084 0.056 0.076 0.075 0.041 0.082 0.087 0.078 0.102 0.089 0.063 0.077 0.102 0.081 0.062 0.085 0.083 0.060 0.064 0.048 0.087 0.043 0.084 0.074 0.082 
0.086 0.044 0.082 0.068 0.054 0.103 0.077 0.092 0.051 0.045 0.083 0.082 0.083 0.053 0.098 0.089 0.073 0.088 0.051 0.078 0.085 0.089 0.046 0.072 0.075 0.051 0.080 0.065 0.049 0.091 0.088 0.039 0.079 0.072 0.079 0.086 0.136 0.196 0.124 0.080 0.057 0.070 0.086 0.077 0.103 0.070 0.068 0.083 0.095 0.094 0.083 0.079 0.034 0.096 0.081 0.088 0.082 0.042 0.048 0.098 
0.098 0.079 0.077 0.077 0.075 0.079 0.053 0.047 0.076 0.086 0.087 0.084 0.076 0.059 0.114 0.101 0.043 0.083 0.053 0.083 0.076 0.077 0.047 0.038 0.073 0.079 0.045 0.096 0.068 0.078 0.119 0.163 0.098 0.043 0.082 0.087 0.093 0.041 0.060 0.068 0.042 0.047 0.079 0.083 0.101 0.058 0.095 0.089 0.077 0.080 0.050 0.072 0.070 0.052 0.058 0.079 0.045 0.079 0.063 0.086 
0.061 0.066 0.077 0.037 0.038 0.082 0.097 0.043 0.065 0.075 0.086 0.047 0.080 0.083 0.124 0.220 0.211 0.185 0.228 0.188 0.176 0.165 0.156 0.090 0.122 0.085 0.127 0.079 0.107 0.179 0.213 0.173 0.201 0.175 0.159 0.181 0.143 0.078 0.101 0.111 0.120 0.060 0.082 0.044 0.104 0.061 0.077 0.083 0.046 0.090 0.089 0.075 0.057 0.069 0.076 0.062 0.074 0.050 0.077 0.104 
0.055 0.073 0.079 0.072 0.091 0.053 0.043 0.039 0.082 0.094 0.077 0.047 0.077 0.077 0.093 0.090 0.075 0.035 0.085 0.078 0.059 0.103 0.076 0.048 0.037 0.081 0.067 0.052 0.071 0.098 0.046 0.064 0.072 0.086 0.124 0.142 0.092 0.049 0.068 0.083 0.080 0.068 0.041 0.074 0.074 0.099 0.067 0.080 0.069 0.091 0.081 0.059 0.070 0.075 0.091 0.049 0.086 0.078 0.059 0.054 
0.089 0.083 0.073 0.091 0.065 0.064 0.099 0.042 0.041 0.088 0.076 0.075 0.041 0.074 0.100 0.092 0.065 0.178 0.132 0.124 0.074 0.111 0.083 0.033 0.080 0.049 0.068 0.092 0.075 0.088 0.063 0.078 0.060 0.049 0.094 0.076 0.082 0.075 0.053 0.053 0.083 0.148 0.210 0.212 0.228 0.223 0.209 0.172 0.192 0.157 0.135 0.131 0.115 0.122 0.114 0.132 0.121 0.108 0.095 0.198 
0.194 0.180 0.208 0.203 0.227 0.155 0.161 0.147 0.155 0.104 0.108 0.117 0.081 0.065 0.113 0.110 0.095 0.044 0.069 0.072 0.076 0.051 0.075 0.103 0.038 0.062 0.048 0.076 0.042 0.077 0.077 0.081 0.062 0.070 0.033 0.083 0.094 0.034 0.070 0.072 0.081 0.047 0.047 0.084 0.077 0.067 0.090 0.122 0.077 0.045 0.085 0.039 0.077 0.080 0.039 0.071 0.066 0.079 0.098 0.090 
0.050 0.037 0.045 0.066 0.070 0.079 0.044 0.073 0.068 0.038 0.061 0.079 0.070 0.032 0.071 0.067 0.078 0.043 0.055 0.083 0.070 0.108 0.043 0.072 0.064 0.077 0.077 0.048 0.071 0.064 0.068 0.078 0.047 0.066 0.071 0.051 0.050 0.062 0.057 0.068 0.065 0.074 0.051 0.063 0.088 0.071 0.065 0.044 0.076 0.090 0.089 0.043 0.075 0.076 0.036 0.032 0.076 0.078 0.062 0.087 
0.039 0.070 0.069 0.071 0.072 0.035 0.084 0.074 0.083 0.055 0.074 0.080 0.068 0.042 0.035 0.037 0.063 0.071 0.069 0.066 0.029 0.066 0.042 0.082 0.075 0.066 0.066 0.079 0.029 0.074 0.071 0.043 0.031 0.058 0.068 0.083 0.049 0.070 0.072 0.066 0.068 0.074 0.041 0.052 0.077 0.056 0.039 0.062 0.063 0.064 0.045 0.063 0.191 0.058 0.056 0.057 0.075 0.036 0.066 0.067 
0.060 0.037 0.067 0.069 0.070 0.098 0.076 0.032 0.053 0.041 0.065 0.029 0.064 0.061 0.069 0.032 0.061 0.063 0.055 0.066 0.043 0.076 0.075 0.072 0.052 0.056 0.064 0.043 0.054 0.069 0.025 0.070 0.057 0.068 0.060 0.032 0.087 0.058 0.072 0.032 0.062 0.072 0.071 0.026 0.053 0.072 0.031 0.066 0.058 0.065 0.033 0.072 0.065 0.065 0.079 0.032 0.069 0.063 0.056 0.034 
0.059 0.068 0.068 0.065 0.046 0.038 0.079 0.067 0.071 0.038 0.075 0.080 0.051 0.058 0.055 0.070 0.079 0.022 0.070 0.067 0.021 0.067 0.053 0.069 0.045 0.063 0.067 0.068 0.049 0.066 0.035 0.063 0.047 0.060 0.026 0.079 0.075 0.062 0.042 0.060 0.062 0.053 0.056 0.024 0.033 0.073 0.062 0.071 0.076 0.034 0.062 0.066 0.058 0.061 0.054 0.049 0.056 0.055 0.051 0.069 
0.023 0.073 0.054 0.049 0.061 0.039 0.071 0.062 0.054 0.064 0.020 0.066 0.058 0.066 0.071 0.058 0.030 0.053 0.055 0.054 0.050 0.069 0.031 0.062 0.101 0.057 0.042 0.054 0.060 0.039 0.061 0.071 0.047 0.022 0.051 0.063 0.068 0.060 0.060 0.019 0.059 0.034 0.047 0.066 0.049 -0.020 0.075 0.057 0.046 0.056 0.061 0.064 0.058 0.045 0.049 0.062 0.059 0.052 0.055 0.022 
0.066 0.027 0.052 0.054 0.053 0.068 0.061 0.025 0.058 0.053 0.069 0.050 0.056 0.051 0.060 0.067 0.048 0.029 0.051 0.054 0.058 0.050 0.033 0.067 0.064 0.028 0.042 0.057 0.049 0.050 0.058 0.046 0.056 0.041 0.021 0.058 0.063 0.047 0.041 0.049 0.048 0.047 0.071 0.014 0.045 0.058 0.053 0.055 0.020 0.049 0.047 0.044 0.051 0.043 0.044 0.044 0.046 0.040 0.045 0.047 
0.054 0.043 0.037 0.048 0.050 0.022 0.015 0.044 0.044 0.039 0.047 0.042 0.036 0.043 0.039 0.049 0.047 0.042 0.037 0.037 0.055 0.044 0.046 0.043 0.038 0.051 0.019 0.010 0.049 0.035 0.048 0.040 0.049 0.046 0.057 0.053 0.045 0.042 0.043 0.041 0.042 0.039 0.041 0.055 0.055 0.038 0.646 0.375 0.366 0.342 0.371 0.374 0.371 0.466 0.678 0.532 0.563 0.543 0.584 0.572 
0.587 0.664 0.587 0.570 0.538 0.468 0.739 0.752 0.659 0.583 0.539 0.455 0.394 0.362 0.503 0.646 0.596 0.614 0.597 0.584 0.577 0.581 0.604 0.565 0.546 0.537 0.539 0.697 0.706 0.328 0.020 0.016 0.042 0.046 0.036 0.044 0.049 0.034 0.040 0.033 0.039 0.046 0.034 0.045 0.033 0.009 0.051 0.036 0.040 0.032 0.033 0.024 0.032 0.043 0.003 0.040 0.047 0.037 0.042 0.036 
0.047 0.013 0.034 0.007 0.033 0.046 0.060 0.001 0.350 0.532 0.377 0.152 0.035 0.048 0.031 0.040 0.049 0.035 0.040 0.038 0.049 0.048 0.035 0.040 0.034 0.040 0.049 0.042 0.052 0.051 0.014 0.020 0.036 0.042 0.034 0.041 0.053 0.039 0.042 0.034 0.036 0.046 0.034 0.042 0.033 0.037 0.044 0.039 0.034 0.035 0.034 0.037 0.032 0.030 0.004 0.034 0.041 0.037 0.034 0.039 
0.035 0.041 0.034 0.037 0.036 0.036 0.045 0.038 0.034 0.002 0.033 0.041 0.002 0.002 -0.001 0.002 0.037 0.033 -0.001 0.034 0.007 0.009 0.034 0.036 0.036 0.036 0.037 0.034 0.039 0.006 0.031 0.015 0.010 0.046 0.001 0.037 0.005 0.007 0.031 0.038 -0.000 0.045 0.000 0.009 0.006 0.000 0.044 0.041 0.003 0.041 0.037 0.050 0.002 0.040 0.007 0.004 0.048 0.035 0.033 0.013 
0.041 0.007 0.005 0.002 0.015 0.035 0.020 0.034 0.008 0.034 0.041 0.009 0.037 0.006 0.006 0.001 0.013 0.000 0.033 0.033 0.038 0.007 0.004 0.008 0.032 0.006 0.039 0.039 0.034 0.039 0.033 0.038 0.012 0.011 0.042 0.039 0.038 0.040 0.031 0.040 0.042 0.038 0.047 0.037 0.037 0.041 0.045 0.042 0.035 0.042 0.037 0.044 0.037 0.038 0.018 0.036 0.013 0.043 0.040 0.043 
0.044 0.047 0.049 0.036 0.060 0.048 0.070 0.045 0.037 0.040 0.034 0.055 0.035 0.046 0.045 0.041 0.043 0.021 0.035 0.050 0.033 0.052 0.041 0.037 0.048 0.041 0.067 0.050 0.044 0.047 0.035 0.046 0.044 0.044 0.062 0.050 0.049 0.043 0.035 0.045 0.029 0.033 0.042 0.059 0.054 0.046 0.072 0.052 0.062 0.048 0.044 0.057 0.038 0.049 0.050 0.040 0.054 0.056 0.071 0.057 
0.054 0.024 0.012 0.049 0.060 0.060 0.058 0.053 0.018 0.044 0.050 0.064 0.060 0.059 0.046 0.028 0.057 0.044 0.054 0.046 0.051 0.050 0.049 0.026 0.009 0.059 0.053 0.050 0.063 0.026 0.049 0.056 0.059 0.056 0.062 0.021 0.055 0.053 0.057 0.043 0.025 0.027 0.054 0.058 0.070 0.051 0.053 0.023 0.044 0.050 0.050 0.063 0.055 0.040 0.025 0.055 0.076 0.057 0.061 0.030 
0.042 0.028 0.058 0.056 0.058 0.032 0.056 0.041 0.046 0.053 0.042 0.053 0.011 0.074 0.057 0.045 0.059 0.047 0.026 0.039 0.028 0.044 0.044 0.053 0.058 0.028 0.082 0.059 0.077 0.051 0.028 0.059 0.062 0.063 0.047 0.031 0.066 0.061 0.057 0.019 0.028 0.053 0.054 0.083 0.017 0.053 0.065 0.056 0.048 0.047 0.018 0.049 0.057 0.048 0.056 0.028 0.052 0.066 0.050 0.037 
0.031 0.059 0.055 0.053 0.064 0.021 0.052 0.051 0.043 0.053 0.057 0.022 0.045 0.044 0.058 0.058 0.065 0.039 0.011 0.047 0.039 0.060 0.049 0.040 0.019 0.051 0.071 0.052 0.060 0.028 0.048 0.074 0.046 0.060 0.029 0.060 0.050 0.026 0.049 0.047 0.046 0.062 0.019 0.046 0.059 0.056 0.066 0.059 0.055 0.049 0.048 0.018 0.066 0.021 0.057 0.051 0.045 0.033 0.038 0.056 
