0.628 0.609 0.581 0.584 0.585 0.600 0.591 0.669 0.581 0.345 0.486 0.475 0.487 0.506 0.541 0.582 0.568 0.580 0.570 0.173 0.145 0.156 0.146 0.164 0.171 0.145 0.154 0.136 0.173 0.159 0.157 0.172 0.155 0.158 0.146 0.128 0.184 0.207 0.195 0.184 0.168 0.166 0.385 0.705 0.278 0.444 0.717 0.655 0.669 0.690 0.587 0.890 0.911 0.893 0.892 0.870 0.825 0.888 0.946 0.945 
0.903 0.820 0.749 0.871 0.881 0.881 0.855 0.856 0.805 0.751 0.759 0.406 0.440 0.453 0.212 0.359 0.388 0.298 0.448 0.444 0.345 0.342 0.329 0.544 0.758 0.671 0.482 0.327 0.833 0.816 0.173 0.323 0.367 0.300 0.622 0.367 0.087 0.371 0.411 0.416 0.521 0.589 0.636 0.520 0.574 0.245 0.654 0.733 0.104 0.088 0.085 0.241 0.632 0.617 0.605 0.626 0.593 0.596 0.614 0.640 
0.137 0.096 0.126 0.599 0.619 0.630 0.627 0.630 0.634 0.628 0.629 0.624 0.611 0.640 0.640 0.646 0.633 0.623 0.638 0.628 0.625 0.632 0.636 0.636 0.642 0.624 0.641 0.219 0.123 0.092 0.354 0.625 0.643 0.640 0.632 0.656 0.639 0.643 0.641 0.646 0.629 0.636 0.631 0.640 0.631 0.645 0.641 0.656 0.643 0.661 0.652 0.674 0.639 0.664 0.626 0.635 0.645 0.653 0.643 0.660 
0.634 0.670 0.650 0.646 0.644 0.644 0.633 0.643 0.646 0.636 0.639 0.650 0.626 0.645 0.642 0.646 0.636 0.663 0.638 0.644 0.647 0.646 0.645 0.637 0.659 0.641 0.654 0.627 0.643 0.642 0.646 0.637 0.650 0.637 0.665 0.635 0.680 0.651 0.684 0.647 0.272 0.099 0.085 0.112 0.133 0.119 0.116 0.095 0.155 0.118 0.104 0.113 0.104 0.114 0.120 0.092 0.122 0.113 0.132 0.161 
0.162 0.136 0.139 0.133 0.167 0.087 0.121 0.094 0.119 0.154 0.109 0.144 0.111 0.137 0.134 0.124 0.137 0.105 0.137 0.119 0.161 0.144 0.152 0.138 0.143 0.175 0.137 0.114 0.149 0.189 0.151 0.146 0.140 0.126 0.120 0.161 0.169 0.174 0.174 0.157 0.184 0.201 0.191 0.166 0.162 0.172 0.181 0.184 0.160 0.195 0.201 0.222 0.232 0.200 0.159 0.169 0.171 0.183 0.219 0.179 
0.187 0.168 0.181 0.148 0.174 0.210 0.166 0.173 0.155 0.188 0.231 0.193 0.220 0.188 0.196 0.221 0.180 0.220 0.178 0.193 0.188 0.196 0.192 0.252 0.207 0.200 0.195 0.201 0.180 0.201 0.202 0.210 0.231 0.191 0.238 0.203 0.213 0.245 0.202 0.193 0.223 0.223 0.176 0.194 0.212 0.205 0.239 0.173 0.177 0.211 0.211 0.241 0.183 0.235 0.164 0.185 0.229 0.202 0.221 0.206 
0.186 0.156 0.158 0.182 0.176 0.217 0.182 0.192 0.194 0.163 0.199 0.152 0.183 0.166 0.161 0.177 0.198 0.170 0.158 0.201 0.208 0.218 0.217 0.176 0.165 0.179 0.219 0.198 0.246 0.188 0.197 0.205 0.194 0.196 0.195 0.228 0.219 0.205 0.190 0.164 0.205 0.200 0.215 0.187 0.183 0.161 0.220 0.230 0.267 0.174 0.209 0.221 0.186 0.194 0.202 0.189 0.175 0.186 0.204 0.153 
0.215 0.244 0.203 0.205 0.204 0.234 0.205 0.192 0.151 0.221 0.228 0.198 0.214 0.159 0.179 0.185 0.191 0.222 0.212 0.194 0.206 0.172 0.223 0.217 0.238 0.208 0.208 0.212 0.167 0.225 0.212 0.155 0.149 0.217 0.193 0.213 0.178 0.173 0.161 0.188 0.246 0.203 0.254 0.215 0.240 0.198 0.193 0.197 0.217 0.228 0.187 0.226 0.220 0.206 0.229 0.189 0.249 0.193 0.249 0.242 
0.205 0.218 0.191 0.203 0.144 0.187 0.205 0.363 0.512 0.305 0.230 0.251 0.212 0.249 0.193 0.206 0.199 0.200 0.228 0.209 0.213 0.196 0.241 0.207 0.201 0.200 0.158 0.215 0.221 0.280 0.192 0.194 0.215 0.212 0.208 0.193 0.166 0.187 0.229 0.167 0.197 0.169 0.202 0.179 0.230 0.227 0.214 0.170 0.239 0.224 0.223 0.202 0.207 0.183 0.232 0.223 0.199 0.209 0.233 0.257 
0.227 0.193 0.254 0.237 0.219 0.214 0.188 0.219 0.201 0.217 0.196 0.219 0.170 0.284 0.214 0.240 0.232 0.194 0.276 0.208 0.217 0.258 0.183 0.256 0.177 0.212 0.208 0.216 0.258 0.275 0.225 0.212 0.226 0.184 0.209 0.239 0.194 0.210 0.220 0.223 0.186 0.156 0.206 0.190 0.228 0.202 0.215 0.203 0.256 0.223 0.214 0.236 0.244 0.257 0.226 0.207 0.185 0.186 0.231 0.190 
0.175 0.218 0.188 0.200 0.178 0.226 0.227 0.236 0.238 0.177 0.239 0.182 0.234 0.202 0.191 0.282 0.184 0.224 0.196 0.216 0.226 0.237 0.195 0.215 0.162 0.176 0.206 0.201 0.214 0.254 0.169 0.217 0.223 0.214 0.231 0.200 0.209 0.220 0.234 0.215 0.221 0.240 0.224 0.245 0.265 0.227 0.237 0.209 0.257 0.202 0.255 0.201 0.241 0.185 0.179 0.213 0.179 0.227 0.235 0.213 
0.214 0.239 0.236 0.238 0.180 0.193 0.248 0.233 0.219 0.232 0.174 0.211 0.210 0.177 0.199 0.172 0.199 0.177 0.202 0.198 0.229 0.237 0.168 0.281 0.462 0.172 0.179 0.219 0.277 0.167 0.206 0.196 0.218 0.215 0.173 0.213 0.209 0.223 0.240 0.194 0.214 0.158 0.213 0.170 0.185 0.210 0.189 0.225 0.199 0.217 0.195 0.145 0.200 0.173 0.194 0.165 0.195 0.193 0.208 0.217 
0.214 0.174 0.185 0.180 0.203 0.188 0.211 0.218 0.248 0.162 0.204 0.130 0.213 0.194 0.193 0.158 0.193 0.176 0.178 0.181 0.214 0.199 0.243 0.249 0.183 0.199 0.167 0.205 0.226 0.245 0.194 0.192 0.244 0.176 0.207 0.205 0.206 0.225 0.237 0.202 0.245 0.252 0.167 0.158 0.168 0.150 0.147 0.178 0.209 0.152 0.221 0.234 0.193 0.211 0.194 0.182 0.135 0.209 0.207 0.218 
0.260 0.183 0.240 0.206 0.162 0.217 0.170 0.194 0.215 0.183 0.205 0.164 0.250 0.133 0.187 0.199 0.182 0.233 0.172 0.226 0.236 0.211 0.181 0.230 0.178 0.187 0.183 0.200 0.183 0.229 0.184 0.161 0.185 0.195 0.266 0.183 0.199 0.218 0.215 0.202 0.163 0.181 0.168 0.168 0.192 0.171 0.202 0.184 0.209 0.181 0.181 0.227 0.202 0.163 0.161 0.141 0.177 0.206 0.261 0.180 
0.192 0.190 0.188 0.183 0.173 0.188 0.170 0.236 0.214 0.163 0.176 0.178 0.209 0.157 0.193 0.175 0.130 0.207 0.222 0.225 0.225 0.312 0.599 0.343 0.159 0.168 0.159 0.193 0.208 0.214 0.174 0.190 0.200 0.208 0.168 0.201 0.230 0.189 0.181 0.201 0.172 0.217 0.158 0.244 0.194 0.175 0.168 0.188 0.214 0.181 0.238 0.202 0.210 0.184 0.185 0.184 0.195 0.245 0.213 0.227 
0.181 0.154 0.201 0.170 0.240 0.204 0.200 0.201 0.203 0.210 0.148 0.186 0.202 0.182 0.210 0.168 0.249 0.218 0.169 0.223 0.204 0.188 0.238 0.200 0.201 0.209 0.207 0.180 0.246 0.222 0.176 0.157 0.201 0.221 0.188 0.219 0.197 0.192 0.199 0.168 0.312 0.204 0.227 0.210 0.195 0.183 0.182 0.184 0.190 0.217 0.234 0.220 0.215 0.221 0.244 0.143 0.183 0.197 0.229 0.236 
0.190 0.198 0.187 0.196 0.198 0.186 0.194 0.195 0.232 0.181 0.186 0.186 0.186 0.192 0.185 0.196 0.137 0.175 0.234 0.202 0.222 0.186 0.162 0.188 0.167 0.185 0.197 0.186 0.184 0.221 0.192 0.155 0.214 0.186 0.243 0.187 0.166 0.191 0.223 0.230 0.174 0.278 0.181 0.230 0.200 0.162 0.177 0.213 0.217 0.195 0.201 0.253 0.174 0.223 0.211 0.192 0.221 0.211 0.235 0.163 
0.218 0.197 0.151 0.194 0.226 0.172 0.193 0.201 0.194 0.174 0.207 0.206 0.242 0.191 0.217 0.205 0.197 0.160 0.231 0.208 0.233 0.206 0.209 0.168 0.203 0.147 0.179 0.212 0.207 0.246 0.207 0.199 0.213 0.194 0.196 0.202 0.188 0.230 0.178 0.187 0.208 0.179 0.176 0.188 0.210 0.190 0.202 0.218 0.199 0.191 0.219 0.220 0.148 0.181 0.179 0.157 0.195 0.164 0.224 0.210 
0.171 0.161 0.252 0.195 0.155 0.212 0.168 0.202 0.176 0.166 0.190 0.153 0.270 0.212 0.301 0.217 0.258 0.265 0.226 0.305 0.215 0.332 0.244 0.223 0.214 0.162 0.220 0.229 0.218 0.193 0.153 0.161 0.195 0.180 0.158 0.174 0.172 0.130 0.178 0.128 0.187 0.189 0.187 0.213 0.273 0.202 0.222 0.154 0.156 0.212 0.193 0.194 0.234 0.186 0.184 0.170 0.156 0.198 0.153 0.212 
0.174 0.143 0.204 0.193 0.218 0.171 0.194 0.123 0.171 0.171 0.180 0.170 0.139 0.160 0.171 0.138 0.194 0.147 0.181 0.193 0.182 0.198 0.152 0.188 0.143 0.208 0.203 0.164 0.205 0.200 0.172 0.199 0.189 0.162 0.194 0.209 0.160 0.170 0.157 0.201 0.206 0.172 0.154 0.176 0.174 0.187 0.199 0.189 0.152 0.186 0.190 0.170 0.192 0.178 0.193 0.142 0.177 0.164 0.204 0.229 
0.183 0.172 0.169 0.179 0.171 0.140 0.177 0.155 0.203 0.179 0.194 0.168 0.178 0.180 0.118 0.226 0.209 0.164 0.200 0.227 0.154 0.192 0.197 0.201 0.142 0.166 0.168 0.201 0.204 0.184 0.195 0.133 0.185 0.170 0.173 0.159 0.145 0.144 0.209 0.173 0.197 0.184 0.199 0.163 0.155 0.185 0.176 0.185 0.177 0.169 0.167 0.220 0.162 0.154 0.187 0.174 0.202 0.181 0.199 0.197 
0.161 0.197 0.158 0.206 0.209 0.175 0.171 0.176 0.125 0.143 0.178 0.173 0.143 0.142 0.132 0.142 0.179 0.169 0.177 0.167 0.192 0.166 0.140 0.147 0.160 0.151 0.142 0.174 0.139 0.147 0.175 0.130 0.160 0.157 0.147 0.170 0.135 0.201 -0.021 0.258 0.120 0.143 0.167 0.138 0.184 0.144 0.129 0.141 0.136 0.137 0.159 0.160 0.144 0.146 0.180 0.168 0.145 0.179 0.176 0.174 
0.136 0.181 0.112 0.133 0.160 0.146 0.112 0.117 0.163 0.184 0.127 0.149 0.136 0.151 0.158 0.153 0.153 0.169 0.127 0.164 0.086 0.147 0.110 0.131 0.116 0.135 0.148 0.100 0.159 0.153 0.140 0.151 0.098 0.111 0.100 0.107 0.121 0.109 0.187 0.139 0.135 0.127 0.109 0.169 0.120 0.223 0.176 0.234 0.136 0.156 0.156 0.222 0.127 0.121 0.113 0.112 0.141 0.146 0.104 0.122 
0.092 0.110 0.116 0.094 0.113 0.099 0.119 0.110 0.099 0.134 0.097 0.112 0.120 0.126 0.100 0.082 0.153 0.125 0.106 0.144 0.122 0.110 0.143 0.097 0.090 0.096 0.094 0.133 0.112 0.112 0.092 0.126 0.106 0.103 0.134 0.101 0.082 0.096 0.078 0.552 0.341 0.362 0.378 0.366 0.388 0.359 0.369 0.411 0.501 0.578 0.590 0.569 0.576 0.554 0.594 0.589 0.596 0.597 0.616 0.450 
