0.153 0.158 0.124 0.117 0.118 0.150 0.138 0.125 0.173 0.127 0.126 0.078 0.139 0.165 0.145 0.177 0.149 0.128 0.136 0.152 0.147 0.155 0.139 0.113 0.119 0.168 0.140 0.161 0.139 0.123 0.166 0.111 0.129 0.109 0.133 0.143 0.162 0.149 0.143 0.143 0.125 0.165 0.150 0.135 0.097 0.166 0.157 0.135 0.157 0.133 0.134 0.118 0.143 0.124 0.168 0.136 0.110 0.095 0.121 0.153 
0.170 0.164 0.131 0.140 0.090 0.146 0.160 0.153 0.121 0.109 0.152 0.129 0.112 0.125 0.132 0.127 0.138 0.153 0.154 0.123 0.119 0.154 0.171 0.138 0.149 0.100 0.165 0.148 0.147 0.133 0.169 0.145 0.129 0.116 0.160 0.172 0.188 0.166 0.131 0.128 0.147 0.171 0.150 0.138 0.090 0.137 0.134 0.168 0.150 0.153 0.112 0.159 0.157 0.097 0.156 0.139 0.108 0.150 0.131 0.152 
0.154 0.149 0.169 0.154 0.152 0.147 0.123 0.121 0.122 0.129 0.142 0.145 0.171 0.166 0.128 0.112 0.127 0.132 0.138 0.117 0.132 0.135 0.152 0.136 0.138 0.109 0.102 0.170 0.126 0.125 0.168 0.160 0.095 0.121 0.140 0.108 0.180 0.163 0.133 0.104 0.143 0.140 0.144 0.113 0.133 0.150 0.128 0.101 0.148 0.133 0.102 0.134 0.120 0.149 0.163 0.146 0.148 0.137 0.126 0.098 
0.143 0.129 0.107 0.126 0.138 0.135 0.147 0.155 0.157 0.160 0.142 0.157 0.163 0.108 0.137 0.167 0.112 0.129 0.111 0.127 0.147 0.150 0.107 0.135 0.158 0.134 0.132 0.123 0.146 0.139 0.186 0.174 0.159 0.140 0.129 0.162 0.164 0.140 0.138 0.114 0.113 0.110 0.169 0.141 0.133 0.164 0.158 0.133 0.138 0.142 0.127 0.175 0.184 0.173 0.190 0.245 0.149 0.166 0.122 0.164 
0.194 0.120 0.127 0.114 0.156 0.159 0.113 0.141 0.086 0.124 0.139 0.151 0.134 0.135 0.144 0.178 0.136 0.148 0.107 0.137 0.130 0.157 0.156 0.120 0.135 0.122 0.131 0.142 0.112 0.105 0.169 0.166 0.142 0.155 0.139 0.123 0.136 0.154 0.126 0.124 0.112 0.142 0.162 0.141 0.144 0.139 0.138 0.137 0.125 0.159 0.173 0.172 0.112 0.143 0.143 0.120 0.152 0.133 0.148 0.168 
0.163 0.181 0.148 0.126 0.137 0.157 0.129 0.166 0.152 0.114 0.152 0.154 0.168 0.139 0.128 0.192 0.138 0.155 0.154 0.141 0.132 0.165 0.172 0.118 0.122 0.138 0.122 0.171 0.139 0.142 0.152 0.173 0.160 0.189 0.165 0.135 0.137 0.183 0.155 0.137 0.147 0.143 0.161 0.137 0.112 0.140 0.177 0.153 0.167 0.158 0.149 0.134 0.154 0.141 0.160 0.156 0.138 0.159 0.126 0.157 
0.209 0.181 0.153 0.146 0.148 0.156 0.183 0.184 0.179 0.120 0.133 0.148 0.151 0.131 0.146 0.136 0.151 0.163 0.119 0.132 0.157 0.161 0.161 0.149 0.155 0.132 0.133 0.127 0.142 0.148 0.159 0.174 0.136 0.140 0.135 0.145 0.139 0.184 0.182 0.135 0.126 0.151 0.166 0.160 0.114 0.162 0.151 0.141 0.110 0.137 0.175 0.155 0.168 0.138 0.162 0.118 0.118 0.134 0.149 0.148 
0.157 0.182 0.145 0.114 0.170 0.141 0.157 0.146 0.115 0.142 0.165 0.160 0.167 0.117 0.121 0.135 0.140 0.163 0.177 0.151 0.179 0.126 0.158 0.168 0.141 0.143 0.143 0.172 0.158 0.165 0.202 0.143 0.163 0.211 0.155 0.107 0.204 0.146 0.163 0.152 0.131 0.169 0.172 0.125 0.162 0.170 0.187 0.163 0.154 0.118 0.132 0.165 0.171 0.177 0.150 0.153 0.124 0.168 0.134 0.153 
0.176 0.133 0.143 0.159 0.148 0.134 0.183 0.120 0.153 0.166 0.137 0.142 0.148 0.151 0.149 0.118 0.138 0.162 0.135 0.138 0.158 0.160 0.179 0.121 0.187 0.136 0.169 0.145 0.143 0.126 0.163 0.197 0.142 0.100 0.146 0.142 0.175 0.134 0.159 0.171 0.117 0.146 0.140 0.131 0.131 0.152 0.156 0.173 0.170 0.163 0.150 0.154 0.150 0.183 0.138 0.139 0.162 0.163 0.152 0.146 
0.163 0.180 0.274 0.269 0.247 0.237 0.181 0.182 0.150 0.115 0.131 0.149 0.144 0.141 0.155 0.140 0.127 0.107 0.138 0.157 0.133 0.192 0.162 0.121 0.175 0.135 0.146 0.138 0.153 0.149 0.160 0.176 0.138 0.140 0.107 0.117 0.175 0.184 0.173 0.174 0.161 0.149 0.139 0.133 0.145 0.163 0.152 0.148 0.154 0.139 0.117 0.142 0.164 0.151 0.122 0.130 0.163 0.137 0.132 0.152 
0.143 0.214 0.265 0.274 0.305 0.300 0.292 0.253 0.265 0.205 0.214 0.185 0.179 0.164 0.197 0.192 0.208 0.245 0.289 0.257 0.296 0.265 0.229 0.219 0.226 0.177 0.140 0.168 0.153 0.210 0.187 0.148 0.143 0.125 0.157 0.212 0.250 0.134 0.130 0.144 0.125 0.122 0.111 0.106 0.144 0.136 0.135 0.132 0.146 0.159 0.106 0.139 0.106 0.301 0.158 0.131 0.127 0.148 0.125 0.145 
0.132 0.153 0.162 0.141 0.150 0.178 0.174 0.150 0.138 0.162 0.127 0.140 0.148 0.135 0.154 0.168 0.138 0.117 0.101 0.111 0.166 0.104 0.145 0.127 0.148 0.143 0.119 0.118 0.137 0.155 0.164 0.179 0.185 0.154 0.140 0.103 0.136 0.154 0.167 0.114 0.143 0.142 0.123 0.123 0.149 0.101 0.139 0.116 0.140 0.125 0.152 0.122 0.089 0.124 0.125 0.123 0.133 0.138 0.114 0.148 
0.157 0.163 0.134 0.104 0.138 0.154 0.147 0.154 0.128 0.138 0.127 0.123 0.128 0.101 0.121 0.112 0.128 0.117 0.133 0.152 0.134 0.091 0.122 0.114 0.138 0.134 0.129 0.142 0.147 0.138 0.141 0.137 0.121 0.133 0.157 0.132 0.158 0.119 0.133 0.137 0.166 0.139 0.122 0.145 0.134 0.173 0.133 0.130 0.151 0.135 0.090 0.113 0.125 0.142 0.089 0.154 0.142 0.142 0.146 0.137 
0.143 0.129 0.144 0.141 0.135 0.143 0.134 0.144 0.116 0.097 0.160 0.118 0.109 0.133 0.132 0.148 0.131 0.167 0.155 0.162 0.131 0.087 0.091 0.123 0.129 0.111 0.116 0.142 0.139 0.157 0.132 0.150 0.134 0.126 0.147 0.121 0.149 0.115 0.142 0.149 0.144 0.130 0.106 0.124 0.106 0.097 -0.000 0.141 0.125 0.119 0.113 0.117 0.152 0.129 0.077 0.112 0.103 0.121 0.125 0.095 
0.136 0.137 0.116 0.120 0.101 0.125 0.119 0.092 0.101 0.099 0.121 0.107 0.134 0.145 0.120 0.115 0.112 0.117 0.105 0.119 0.117 0.133 0.108 0.123 0.111 0.071 0.091 0.095 0.117 0.112 0.100 0.075 0.075 0.101 0.096 0.102 0.101 0.096 0.109 0.060 0.082 0.090 0.101 0.096 0.097 0.069 0.120 0.102 0.094 0.098 0.099 0.101 0.088 0.094 0.100 0.089 0.097 0.091 0.104 0.090 
0.088 0.098 0.080 0.092 0.094 0.099 0.094 0.070 0.088 0.062 0.102 0.095 0.114 0.092 0.087 0.107 0.090 0.098 0.066 0.103 0.091 0.086 0.086 0.094 0.120 0.102 0.088 0.082 0.056 0.054 0.091 0.086 0.071 0.108 0.077 0.083 0.107 0.111 0.086 0.088 0.096 0.088 0.083 0.089 0.081 0.090 0.085 0.642 0.360 0.352 0.380 0.384 0.351 0.374 0.368 0.543 0.647 0.621 0.592 0.552 
0.631 0.608 0.632 0.619 0.613 0.735 0.761 0.611 0.441 0.399 0.363 0.378 0.381 0.375 0.587 0.666 0.651 0.610 0.607 0.599 0.574 0.594 0.626 0.674 0.712 0.122 0.074 0.072 0.074 0.072 0.052 0.081 0.080 0.059 0.081 0.078 0.088 0.084 0.094 0.089 0.079 0.081 0.075 0.063 0.083 0.050 0.099 0.088 0.089 0.063 0.073 0.091 0.077 0.055 0.055 0.080 0.085 0.074 0.088 0.080 
0.055 0.064 0.045 0.051 0.082 0.070 0.071 0.085 0.080 0.073 0.084 0.078 0.077 0.081 0.079 0.081 0.400 0.572 0.440 0.156 0.090 0.098 0.086 0.088 0.091 0.090 0.078 0.041 0.046 0.075 0.079 0.046 0.050 0.101 0.082 0.116 0.094 0.080 0.059 0.081 0.064 0.091 0.083 0.088 0.087 0.126 0.084 0.084 0.074 0.217 0.629 0.580 0.174 0.083 0.090 0.086 0.098 0.040 0.079 0.083 
0.054 0.111 0.083 0.077 0.062 0.049 0.076 0.072 0.077 0.042 0.072 0.049 0.076 0.080 0.079 0.045 0.075 0.042 0.077 0.044 0.045 0.039 0.078 0.044 0.078 0.048 0.086 0.052 0.079 0.058 0.051 0.049 0.077 0.103 0.069 0.068 0.086 0.091 0.049 0.090 0.079 0.053 0.043 0.082 0.076 0.049 0.072 0.055 0.078 0.048 0.055 0.061 0.105 0.080 0.071 0.107 0.065 0.086 0.051 0.094 
0.059 0.068 0.092 0.056 0.069 0.105 0.064 0.059 0.077 0.096 0.079 0.092 0.095 0.060 0.118 0.070 0.095 0.066 0.063 0.107 0.070 0.064 0.092 0.075 0.098 0.073 0.064 0.114 0.074 0.149 0.076 0.119 0.079 0.087 0.111 0.100 0.091 0.133 0.086 0.070 0.075 0.134 0.083 0.116 0.165 0.124 0.097 0.146 0.145 0.144 0.108 0.140 0.138 0.168 0.130 0.137 0.143 0.169 0.166 0.212 
0.150 0.116 0.152 0.164 0.109 0.090 0.074 0.080 0.085 0.096 0.085 0.085 0.089 0.055 0.118 0.107 0.115 0.103 0.091 0.069 0.112 0.097 0.077 0.086 0.085 0.085 0.089 0.056 0.059 0.128 0.092 0.101 0.084 0.103 0.090 0.094 0.063 0.090 0.086 0.086 0.100 0.097 0.079 0.067 0.137 0.109 0.097 0.071 0.097 0.088 0.105 0.069 0.085 0.092 0.083 0.097 0.095 0.109 0.072 0.112 
0.107 0.090 0.099 0.066 0.093 0.092 0.097 0.077 0.097 0.084 0.092 0.106 0.099 0.112 0.084 0.111 0.109 0.102 0.098 0.112 0.056 0.090 0.088 0.097 0.093 0.096 0.080 0.077 0.067 0.101 0.091 0.109 0.099 0.063 0.093 0.109 0.073 0.096 0.095 0.086 0.101 0.096 0.071 0.101 0.107 0.081 0.088 0.073 0.119 0.088 0.060 0.104 0.097 0.087 0.102 0.098 0.059 0.097 0.095 0.108 
0.074 0.103 0.070 0.066 0.070 0.123 0.101 0.073 0.098 0.106 0.106 0.067 0.087 0.105 0.120 0.111 0.068 0.092 0.098 0.092 0.075 0.099 0.070 0.095 0.095 0.059 0.101 0.095 0.078 0.094 0.093 0.106 0.083 0.069 0.096 0.111 0.099 0.082 0.062 0.089 0.094 0.094 0.106 0.075 0.102 0.096 0.079 0.115 0.098 0.107 0.096 0.083 0.093 0.096 0.103 0.065 0.071 0.111 0.090 0.066 
0.098 0.108 0.092 0.079 0.104 0.090 0.132 0.096 0.067 0.086 0.104 0.102 0.096 0.089 0.067 0.088 0.096 0.075 0.075 0.204 0.111 0.061 0.098 0.095 0.112 0.084 0.098 0.122 0.103 0.105 0.121 0.087 0.107 0.081 0.100 0.122 0.095 0.107 0.086 0.092 0.065 0.106 0.075 0.106 0.086 0.102 0.124 0.110 0.103 0.093 0.107 0.107 0.092 0.100 0.091 0.069 0.109 0.099 0.106 0.120 
