0.215 0.242 0.236 0.224 0.252 0.186 0.220 0.236 0.231 0.223 0.228 0.216 0.225 0.304 0.248 0.255 0.254 0.294 0.279 0.206 0.280 0.243 0.257 0.240 0.227 0.260 0.218 0.255 0.244 0.279 0.260 0.268 0.262 0.265 0.283 0.257 0.216 0.277 0.224 0.252 0.214 0.269 0.259 0.244 0.277 0.260 0.262 0.275 0.251 0.256 0.268 0.278 0.235 0.246 0.226 0.211 0.230 0.224 0.207 0.256 
0.245 0.285 0.207 0.246 0.223 0.223 0.231 0.209 0.226 0.219 0.262 0.246 0.230 0.224 0.235 0.231 0.237 0.234 0.231 0.227 0.261 0.218 0.225 0.237 0.234 0.225 0.249 0.212 0.172 0.223 0.245 0.217 0.281 0.231 0.228 0.266 0.234 0.269 0.255 0.256 0.259 0.233 0.253 0.206 0.209 0.215 0.211 0.244 0.219 0.215 0.212 0.244 0.291 0.253 0.252 0.213 0.248 0.247 0.256 0.222 
0.199 0.217 0.201 0.247 0.274 0.251 0.232 0.281 0.299 0.245 0.248 0.243 0.235 0.213 0.191 0.227 0.213 0.215 0.280 0.280 0.227 0.243 0.243 0.274 0.214 0.229 0.207 0.221 0.265 0.205 0.196 0.240 0.214 0.272 0.236 0.266 0.236 0.261 0.297 0.220 0.185 0.191 0.197 0.195 0.185 0.269 0.237 0.254 0.184 0.277 0.347 0.284 0.241 0.216 0.264 0.207 0.273 0.222 0.179 0.208 
0.173 0.246 0.242 0.216 0.213 0.231 0.195 0.204 0.250 0.232 0.205 0.202 0.173 0.219 0.198 0.197 0.238 0.243 0.301 0.177 0.198 0.214 0.203 0.218 0.202 0.233 0.241 0.185 0.199 0.183 0.210 0.199 0.171 0.210 0.161 0.217 0.229 0.213 0.209 0.182 0.211 0.208 0.223 0.238 0.207 0.258 0.221 0.184 0.260 0.182 0.219 0.298 0.229 0.196 0.194 0.231 0.174 0.248 0.250 0.235 
0.202 0.192 0.253 0.217 0.259 0.231 0.205 0.186 0.188 0.214 0.254 0.197 0.227 0.205 0.278 0.225 0.204 0.222 0.349 0.233 0.239 0.194 0.195 0.177 0.193 0.204 0.209 0.266 0.187 0.198 0.260 0.244 0.213 0.252 0.257 0.222 0.268 0.232 0.247 0.211 0.195 0.304 0.206 0.226 0.229 0.197 0.193 0.196 0.210 0.232 0.188 0.237 0.202 0.236 0.230 0.192 0.241 0.254 0.253 0.230 
0.187 0.226 0.243 0.326 0.222 0.214 0.214 0.183 0.198 0.207 0.244 0.211 0.239 0.226 0.234 0.225 0.202 0.244 0.240 0.227 0.213 0.179 0.192 0.270 0.181 0.222 0.230 0.187 0.214 0.270 0.321 0.247 0.251 0.303 0.211 0.281 0.236 0.257 0.261 0.299 0.201 0.213 0.199 0.261 0.279 0.224 0.237 0.253 0.232 0.252 0.213 0.253 0.219 0.209 0.202 0.197 0.213 0.234 0.232 0.232 
0.191 0.252 0.227 0.205 0.232 0.280 0.234 0.224 0.212 0.217 0.196 0.218 0.212 0.250 0.208 0.190 0.212 0.201 0.221 0.268 0.222 0.239 0.262 0.250 0.167 0.200 0.238 0.186 0.278 0.216 0.208 0.225 0.251 0.215 0.229 0.239 0.246 0.209 0.259 0.194 0.220 0.357 0.242 0.249 0.171 0.211 0.254 0.241 0.219 0.221 0.224 0.219 0.209 0.265 0.218 0.211 0.210 0.211 0.252 0.260 
0.224 0.210 0.227 0.205 0.208 0.187 0.257 0.223 0.208 0.246 0.190 0.211 0.236 0.216 0.234 0.292 0.258 0.249 0.227 0.204 0.218 0.229 0.222 0.216 0.249 0.234 0.204 0.214 0.229 0.258 0.240 0.226 0.222 0.205 0.242 0.329 0.255 0.334 0.274 0.237 0.277 0.230 0.353 0.258 0.277 0.210 0.251 0.217 0.239 0.282 0.176 0.279 0.203 0.235 0.230 0.241 0.252 0.160 0.220 0.215 
0.213 0.240 0.208 0.221 0.177 0.235 0.254 0.342 0.229 0.191 0.204 0.180 0.213 0.209 0.208 0.203 0.204 0.267 0.218 0.227 0.223 0.211 0.230 0.268 0.198 0.251 0.170 0.194 0.185 0.222 0.212 0.212 0.213 0.217 0.189 0.183 0.185 0.204 0.217 0.222 0.189 0.224 0.163 0.182 0.189 0.192 0.212 0.251 0.252 0.210 0.245 0.235 0.204 0.200 0.220 0.260 0.192 0.224 0.201 0.186 
0.185 0.205 0.203 0.229 0.197 0.187 0.207 0.191 0.145 0.202 0.198 0.197 0.215 0.186 0.211 0.191 0.201 0.191 0.184 0.221 0.215 0.233 0.193 0.186 0.237 0.199 0.211 0.232 0.231 0.189 0.233 0.208 0.189 0.209 0.178 0.170 0.193 0.178 0.179 0.179 0.205 0.219 0.179 0.185 0.184 0.181 0.194 0.166 0.198 0.163 0.237 0.187 0.195 0.166 0.183 0.190 0.226 0.203 0.190 0.196 
0.189 0.204 0.223 0.228 0.200 0.150 0.171 0.211 0.180 0.193 0.213 0.187 0.197 0.181 0.195 0.198 0.181 0.213 0.177 0.192 0.182 0.210 0.217 0.170 0.220 0.213 0.208 0.175 0.213 0.175 0.181 0.139 0.160 0.176 0.196 0.159 0.182 0.211 0.186 0.174 0.176 0.188 0.155 0.181 0.192 0.183 0.204 0.192 0.195 0.183 0.183 0.189 0.150 0.199 0.185 0.175 0.254 0.201 0.186 0.213 
0.181 0.039 0.270 0.216 0.189 0.189 0.195 0.276 0.158 0.181 0.181 0.186 0.191 0.169 0.203 0.191 0.157 0.193 0.194 0.185 0.192 0.158 0.199 0.186 0.221 0.179 0.232 0.289 0.179 0.166 0.167 0.213 0.188 0.172 0.231 0.212 0.237 0.174 0.176 0.170 0.169 0.179 0.197 0.174 0.181 0.176 0.225 0.165 0.195 0.128 0.167 0.174 0.183 0.196 0.167 0.169 0.139 0.151 0.153 0.153 
0.162 0.161 0.153 0.176 0.169 0.174 0.184 0.193 0.249 0.171 0.244 0.192 0.215 0.168 0.199 0.167 0.165 0.164 0.150 0.159 0.167 0.153 0.143 0.145 0.160 0.149 0.147 0.181 0.134 0.181 0.167 0.155 0.151 0.125 0.158 0.195 0.167 0.191 0.141 0.185 0.171 0.140 0.157 0.149 0.162 0.187 0.177 0.185 0.151 0.145 0.163 0.151 0.170 0.173 0.143 0.138 0.133 0.159 0.147 0.145 
0.148 0.149 0.560 0.412 0.400 0.403 0.410 0.431 0.420 0.416 0.461 0.575 0.634 0.616 0.648 0.616 0.624 0.602 0.634 0.612 0.619 0.635 0.673 0.662 0.638 0.673 0.682 0.693 0.466 0.304 0.358 0.378 0.394 0.407 0.445 0.487 0.615 0.695 0.628 0.643 0.660 0.622 0.630 0.621 0.645 0.621 0.641 0.626 0.609 0.636 0.627 0.683 0.655 0.209 0.182 0.413 0.449 0.508 0.546 0.544 
0.592 0.605 0.587 0.574 0.781 0.952 0.798 0.770 0.540 0.664 0.687 0.504 0.664 0.927 0.946 0.952 0.956 0.846 1.000 1.012 1.005 0.961 0.936 0.957 0.920 0.893 0.913 0.764 0.764 0.780 0.670 0.226 0.624 0.148 0.165 0.440 0.507 0.661 0.740 0.787 0.557 0.562 0.575 0.870 0.579 0.495 0.490 0.834 0.193 0.679 0.695 0.699 0.708 0.698 0.461 0.510 0.847 0.274 0.146 0.350 
0.670 0.589 0.538 0.632 0.668 0.503 0.591 0.634 0.404 0.138 0.186 0.596 0.663 0.664 0.675 0.673 0.667 0.667 0.675 0.672 0.677 0.679 0.661 0.668 0.671 0.671 0.665 0.664 0.682 0.676 0.668 0.672 0.672 0.662 0.663 0.664 0.467 0.139 0.223 0.633 0.675 0.665 0.677 0.675 0.673 0.672 0.670 0.682 0.698 0.678 0.693 0.681 0.664 0.682 0.684 0.673 0.672 0.672 0.691 0.668 
0.674 0.681 0.691 0.654 0.673 0.679 0.681 0.669 0.687 0.676 0.679 0.672 0.667 0.683 0.684 0.681 0.698 0.679 0.672 0.682 0.682 0.690 0.674 0.689 0.683 0.690 0.684 0.692 0.676 0.686 0.707 0.681 0.694 0.690 0.676 0.677 0.670 0.670 0.676 0.679 0.692 0.683 0.698 0.686 0.692 0.721 0.675 0.543 0.148 0.117 0.139 0.122 0.121 0.148 0.137 0.169 0.128 0.151 0.133 0.150 
0.162 0.134 0.166 0.189 0.173 0.149 0.135 0.154 0.148 0.149 0.134 0.144 0.156 0.147 0.143 0.158 0.139 0.152 0.126 0.158 0.161 0.118 0.149 0.128 0.198 0.153 0.161 0.167 0.153 0.155 0.145 0.180 0.155 0.135 0.167 0.204 0.183 0.209 0.176 0.161 0.139 0.170 0.168 0.140 0.147 0.153 0.164 0.184 0.172 0.151 0.159 0.181 0.170 0.178 0.146 0.134 0.142 0.145 0.125 0.193 
0.189 0.179 0.193 0.166 0.192 0.183 0.198 0.174 0.192 0.166 0.155 0.191 0.156 0.164 0.207 0.151 0.165 0.177 0.165 0.162 0.116 0.169 0.180 0.167 0.176 0.158 0.175 0.158 0.189 0.208 0.198 0.162 0.164 0.178 0.168 0.181 0.181 0.161 0.186 0.170 0.206 0.220 0.161 0.241 0.181 0.202 0.194 0.170 0.198 0.178 0.204 0.209 0.192 0.208 0.186 0.235 0.220 0.205 0.227 0.156 
0.198 0.155 0.196 0.161 0.140 0.184 0.173 0.222 0.209 0.186 0.219 0.178 0.216 0.209 0.229 0.253 0.198 0.218 0.198 0.213 0.226 0.226 0.234 0.185 0.170 0.158 0.177 0.216 0.203 0.189 0.189 0.216 0.191 0.176 0.198 0.191 0.217 0.230 0.196 0.196 0.188 0.231 0.206 0.210 0.208 0.181 0.221 0.207 0.256 0.195 0.196 0.207 0.208 0.229 0.224 0.234 0.220 0.196 0.201 0.202 
0.182 0.162 0.219 0.186 0.195 0.135 0.214 0.177 0.227 0.220 0.177 0.245 0.209 0.216 0.215 0.238 0.205 0.206 0.181 0.200 0.232 0.211 0.199 0.212 0.159 0.234 0.220 0.202 0.200 0.171 0.182 0.204 0.188 0.235 0.209 0.233 0.176 0.222 0.182 0.192 0.167 0.180 0.228 0.211 0.184 0.227 0.201 0.251 0.200 0.242 0.247 0.213 0.216 0.175 0.203 0.199 0.188 0.252 0.230 0.171 
0.162 0.179 0.189 0.196 0.186 0.192 0.246 0.219 0.235 0.198 0.208 0.220 0.260 0.232 0.227 0.186 0.198 0.222 0.236 0.226 0.194 0.193 0.199 0.245 0.269 0.208 0.218 0.226 0.211 0.152 0.177 0.223 0.170 0.205 0.186 0.219 0.176 0.219 0.199 0.206 0.195 0.229 0.289 0.277 0.282 0.182 0.233 0.228 0.224 0.173 0.200 0.220 0.242 0.159 0.172 0.184 0.188 0.218 0.212 0.142 
0.173 0.165 0.156 0.180 0.197 0.202 0.188 0.193 0.225 0.172 0.201 0.208 0.202 0.200 0.233 0.213 0.188 0.198 0.165 0.252 0.221 0.167 0.200 0.161 0.177 0.178 0.237 0.199 0.199 0.201 0.206 0.214 0.196 0.170 0.195 0.204 0.183 0.191 0.249 0.179 0.155 0.212 0.213 0.222 0.240 0.235 0.224 0.179 0.204 0.175 0.211 0.189 0.223 0.218 0.191 0.170 0.202 0.184 0.216 0.236 
0.181 0.172 0.198 0.193 0.178 0.204 0.203 0.189 0.201 0.209 0.211 0.191 0.222 0.186 0.220 0.207 0.194 0.184 0.222 0.209 0.198 0.237 0.220 0.181 0.201 0.162 0.205 0.210 0.190 0.183 0.225 0.164 0.176 0.180 0.214 0.216 0.206 0.197 0.204 0.179 0.152 0.204 0.180 0.187 0.234 0.218 0.213 0.209 0.192 0.191 0.188 0.207 0.196 0.171 0.217 0.203 0.220 0.208 0.191 0.157 
