0.229 0.233 0.222 0.217 0.219 0.228 0.217 0.223 0.262 0.273 0.261 0.229 0.218 0.184 0.239 0.196 0.206 0.301 0.219 0.209 0.225 0.204 0.193 0.174 0.232 0.220 0.242 0.225 0.211 0.167 0.184 0.220 0.209 0.213 0.210 0.171 0.268 0.222 0.242 0.204 0.218 0.211 0.220 0.236 0.180 0.178 0.236 0.236 0.227 0.215 0.255 0.206 0.191 0.207 0.203 0.226 0.222 0.235 0.158 0.228 
0.232 0.208 0.219 0.202 0.223 0.199 0.185 0.232 0.215 0.219 0.214 0.193 0.196 0.195 0.197 0.190 0.212 0.231 0.180 0.207 0.192 0.239 0.170 0.201 0.229 0.181 0.261 0.238 0.198 0.251 0.209 0.228 0.211 0.274 0.192 0.182 0.232 0.209 0.229 0.210 0.217 0.178 0.229 0.219 0.222 0.195 0.171 0.208 0.250 0.254 0.180 0.260 0.258 0.177 0.188 0.202 0.203 0.262 0.218 0.230 
0.170 0.163 0.173 0.232 0.262 0.218 0.259 0.177 0.210 0.192 0.211 0.203 0.212 0.199 0.189 0.214 0.233 0.197 0.227 0.196 0.163 0.179 0.202 0.183 0.180 0.222 0.177 0.237 0.229 0.184 0.236 0.216 0.267 0.230 0.219 0.200 0.153 0.211 0.205 0.218 0.242 0.215 0.182 0.149 0.172 0.153 0.249 0.252 0.359 0.193 0.221 0.224 0.144 0.182 0.210 0.191 0.245 0.240 0.214 0.237 
0.185 0.218 0.239 0.198 0.227 0.211 0.175 0.205 0.210 0.226 0.200 0.193 0.216 0.167 0.165 0.191 0.223 0.233 0.204 0.246 0.173 0.189 0.234 0.177 0.183 0.189 0.225 0.185 0.190 0.214 0.196 0.229 0.233 0.191 0.168 0.222 0.180 0.192 0.224 0.197 0.243 0.213 0.217 0.204 0.204 0.179 0.220 0.270 0.222 0.223 0.142 0.175 0.151 0.170 0.180 0.190 0.214 0.214 0.183 0.222 
0.193 0.172 0.271 0.251 0.194 0.209 0.178 0.174 0.199 0.222 0.203 0.249 0.233 0.219 0.248 0.191 0.234 0.241 0.203 0.241 0.194 0.178 0.187 0.190 0.193 0.215 0.219 0.222 0.185 0.194 0.212 0.183 0.185 0.206 0.157 0.186 0.184 0.188 0.216 0.233 0.223 0.186 0.196 0.159 0.250 0.203 0.228 0.204 0.215 0.167 0.180 0.237 0.196 0.219 0.199 0.178 0.243 0.235 0.184 0.221 
0.170 0.249 0.215 0.225 0.182 0.193 0.167 0.199 0.242 0.185 0.192 0.188 0.209 0.181 0.194 0.221 0.185 0.255 0.215 0.210 0.151 0.173 0.183 0.183 0.198 0.210 0.197 0.185 0.170 0.177 0.236 0.152 0.261 0.169 0.165 0.183 0.160 0.164 0.187 0.181 0.182 0.228 0.236 0.116 0.203 0.193 0.196 0.167 0.226 0.187 0.142 0.219 0.181 0.188 0.263 0.156 0.247 0.206 0.179 0.230 
0.260 0.200 0.253 0.194 0.194 0.173 0.200 0.221 0.240 0.182 0.209 0.234 0.189 0.188 0.151 0.201 0.215 0.250 0.152 0.154 0.145 0.187 0.184 0.214 0.177 0.183 0.172 0.182 0.156 0.208 0.189 0.202 0.223 0.196 0.148 0.178 0.175 0.190 0.167 0.209 0.169 0.212 0.205 0.186 0.202 0.190 0.199 0.240 0.252 0.192 0.183 0.263 0.195 0.169 0.137 0.182 0.204 0.156 0.150 0.157 
0.172 0.170 0.248 0.178 0.174 0.187 0.169 0.178 0.185 0.211 0.203 0.196 0.191 0.146 0.174 0.193 0.272 0.225 0.189 0.198 0.161 0.200 0.175 0.177 0.156 0.171 0.184 0.190 0.179 0.197 0.194 0.187 0.219 0.210 0.126 0.170 0.166 0.182 0.179 0.222 0.168 0.209 0.176 0.200 0.200 0.191 0.167 0.226 0.261 0.267 0.204 0.206 0.167 0.193 0.176 0.158 0.155 0.216 0.172 0.196 
0.188 0.147 0.233 0.140 0.139 0.300 0.328 0.175 0.223 0.249 0.214 0.203 0.209 0.193 0.194 0.239 0.206 0.270 0.198 0.165 0.191 0.166 0.172 0.208 0.226 0.206 0.188 0.200 0.192 0.233 0.237 0.191 0.217 0.178 0.218 0.181 0.202 0.181 0.186 0.207 0.284 0.328 0.288 0.174 0.186 0.193 0.226 0.291 0.171 0.181 0.190 0.227 0.210 0.229 0.217 0.200 0.243 0.184 0.205 0.223 
0.205 0.221 0.231 0.186 0.184 0.231 0.159 0.195 0.201 0.175 0.198 0.200 0.210 0.203 0.173 0.180 0.162 0.197 0.225 0.175 0.210 0.189 0.179 0.209 0.184 0.223 0.211 0.284 0.160 0.185 0.210 0.225 0.242 0.189 0.230 0.186 0.134 0.215 0.192 0.255 0.260 0.242 0.231 0.164 0.201 0.193 0.216 0.268 0.250 0.219 0.198 0.209 0.223 0.167 0.233 0.194 0.229 0.188 0.207 0.217 
0.192 0.187 0.204 0.256 0.256 0.202 0.194 0.174 0.226 0.210 0.167 0.204 0.190 0.218 0.168 0.245 0.216 0.241 0.219 0.229 0.222 0.211 0.159 0.257 0.161 0.226 0.193 0.195 0.177 0.195 0.164 0.202 0.171 0.168 0.252 0.192 0.175 0.214 0.191 0.247 0.229 0.175 0.191 0.187 0.173 0.231 0.232 0.241 0.168 0.234 0.170 0.219 0.197 0.175 0.187 0.223 0.225 0.224 0.232 0.351 
0.194 0.219 0.194 0.192 0.214 0.174 0.233 0.191 0.244 0.194 0.235 0.198 0.193 0.193 0.185 0.166 0.188 0.221 0.166 0.241 0.206 0.219 0.191 0.191 0.168 0.243 0.240 0.229 0.182 0.209 0.181 0.174 0.194 0.182 0.201 0.261 0.221 0.177 0.161 0.216 0.147 0.189 0.200 0.210 0.168 0.156 0.225 0.216 0.253 0.221 0.145 0.138 0.140 0.193 0.151 0.223 0.237 0.211 0.165 0.206 
0.216 0.175 0.270 0.212 0.204 0.202 0.206 0.241 0.213 0.188 0.236 0.177 0.211 0.173 0.187 0.172 0.149 0.172 0.163 0.256 0.180 0.209 0.183 0.196 0.171 0.195 0.189 0.198 0.181 0.162 0.169 0.176 0.237 0.202 0.181 0.161 0.220 0.204 0.156 0.174 0.181 0.152 0.179 0.223 0.214 0.163 0.189 0.206 0.196 0.231 0.218 0.205 0.176 0.202 0.218 0.180 0.201 0.198 0.111 0.155 
0.160 0.153 0.213 0.212 0.192 0.194 0.155 0.170 0.175 0.148 0.156 0.189 0.176 0.143 0.164 0.168 0.198 0.155 0.206 0.227 0.159 0.180 0.167 0.173 0.128 0.145 0.168 0.133 0.141 0.157 0.132 0.205 0.167 0.177 0.150 0.202 0.181 0.175 0.212 0.145 0.202 0.159 0.174 0.188 0.155 0.186 0.148 0.221 0.176 0.176 0.196 0.157 0.125 0.128 0.161 0.165 0.145 0.194 0.164 0.155 
0.131 0.170 0.215 0.280 0.122 0.186 0.168 0.213 0.166 0.213 0.131 0.162 0.190 0.188 0.183 0.342 0.217 0.220 0.235 0.217 0.229 0.213 0.193 0.201 0.199 0.240 0.188 0.209 0.220 0.182 0.233 0.187 0.193 0.207 0.214 0.220 0.180 0.174 0.197 0.197 0.230 0.150 0.225 0.196 0.189 0.220 0.166 0.156 0.195 0.184 0.169 0.177 0.151 0.137 0.160 0.172 0.209 0.197 0.177 0.277 
0.264 0.275 0.284 0.274 0.299 0.255 0.212 0.191 0.252 0.233 0.230 0.192 0.179 0.221 0.194 0.221 0.235 0.279 0.313 0.282 0.239 0.277 0.265 0.222 0.247 0.234 0.220 0.214 0.167 0.203 0.168 0.167 0.183 0.143 0.139 0.076 0.195 0.160 0.148 0.160 0.156 0.158 0.161 0.114 0.220 0.119 0.154 0.149 0.158 0.149 0.090 0.152 0.131 0.155 0.166 0.112 0.120 0.117 0.119 0.155 
0.160 0.147 0.150 0.104 0.131 0.182 0.167 0.112 0.166 0.102 0.173 0.155 0.166 0.197 0.182 0.176 0.128 0.157 0.172 0.110 0.149 0.124 0.086 0.157 0.164 0.102 0.125 0.135 0.094 0.121 0.138 0.111 0.144 0.140 0.127 0.158 0.059 0.119 0.129 0.153 0.165 0.123 0.148 0.126 0.142 0.118 0.159 0.132 0.202 0.169 0.140 0.101 0.111 0.089 0.109 0.093 0.137 -0.063 0.237 0.134 
0.087 0.104 0.086 0.171 0.116 0.114 0.070 0.090 0.129 0.118 0.152 0.122 0.111 0.106 0.098 0.109 0.109 0.108 0.089 0.104 0.112 0.100 0.129 0.082 0.099 0.146 0.112 0.121 0.117 0.113 0.109 0.098 0.112 0.115 0.076 0.065 0.097 0.072 0.120 0.089 0.081 0.075 0.107 0.102 0.068 0.118 0.096 0.079 0.059 0.062 0.084 0.088 0.108 0.062 0.067 0.095 0.062 0.092 0.087 0.055 
0.092 0.064 0.072 0.079 0.085 0.124 0.082 0.129 0.110 0.114 0.073 0.159 0.130 0.089 0.077 0.097 0.071 0.091 0.061 0.083 0.126 0.054 0.069 0.050 0.072 0.073 0.067 0.077 0.095 0.068 0.065 0.059 0.042 0.049 0.097 0.077 0.046 0.058 0.038 0.077 0.144 0.288 0.082 0.058 0.080 0.064 0.058 0.079 0.057 0.059 0.058 0.044 0.085 0.083 0.010 0.057 0.042 0.051 0.584 0.328 
0.325 0.312 0.325 0.316 0.322 0.330 0.333 0.559 0.570 0.505 0.528 0.498 0.520 0.535 0.504 0.503 0.491 0.541 0.584 0.620 0.515 0.357 0.336 0.318 0.338 0.311 0.330 0.388 0.464 0.600 0.532 0.520 0.562 0.535 0.520 0.528 0.536 0.527 0.533 0.519 0.582 0.529 0.088 0.104 0.308 0.278 0.283 0.342 0.334 0.396 0.394 0.538 0.495 0.459 0.466 0.459 0.107 0.060 0.140 0.110 
0.563 0.496 0.630 0.356 0.527 0.589 0.639 0.277 0.735 0.823 0.812 0.828 0.850 0.731 0.906 0.901 0.900 0.854 0.852 0.859 0.803 0.712 0.689 0.713 0.669 0.679 0.639 0.539 0.156 0.038 0.103 0.392 0.576 0.511 0.674 0.671 0.559 0.330 0.742 0.750 0.619 0.304 0.723 0.064 0.605 0.611 0.619 0.614 0.597 0.450 0.512 0.748 0.156 0.086 0.071 0.574 0.560 0.435 0.508 0.565 
0.414 0.503 0.544 0.524 0.041 0.038 0.382 0.508 0.560 0.574 0.578 0.572 0.578 0.595 0.580 0.587 0.604 0.583 0.568 0.574 0.576 0.571 0.568 0.562 0.581 0.576 0.574 0.574 0.575 0.571 0.573 0.590 0.397 0.056 0.200 0.549 0.571 0.564 0.577 0.566 0.576 0.591 0.604 0.579 0.603 0.599 0.605 0.575 0.588 0.571 0.577 0.571 0.580 0.568 0.585 0.585 0.582 0.604 0.574 0.581 
0.570 0.591 0.584 0.595 0.583 0.596 0.577 0.579 0.572 0.586 0.610 0.580 0.612 0.587 0.596 0.614 0.612 0.627 0.594 0.601 0.600 0.580 0.592 0.581 0.583 0.593 0.592 0.581 0.589 0.578 0.591 0.604 0.597 0.610 0.591 0.596 0.591 0.550 0.087 0.084 0.089 0.591 0.596 0.630 0.614 0.630 0.329 0.105 0.112 0.102 0.076 0.093 0.072 0.106 0.092 0.106 0.109 0.150 0.112 0.145 
0.099 0.135 0.115 0.113 0.182 0.121 0.140 0.141 0.148 0.182 0.152 0.156 0.096 0.158 0.193 0.181 0.202 0.139 0.163 0.144 0.126 0.137 0.139 0.183 0.109 0.137 0.136 0.154 0.148 0.128 0.139 0.111 0.141 0.088 0.153 0.109 0.112 0.193 0.138 0.128 0.179 0.157 0.165 0.153 0.148 0.126 0.231 0.146 0.168 0.177 0.158 0.180 0.153 0.150 0.109 0.140 0.230 0.194 0.240 0.202 
