0.565 0.526 0.507 0.563 0.587 0.517 0.509 0.186 0.118 0.104 0.138 0.108 0.089 0.114 0.095 0.091 0.107 0.091 0.120 0.096 0.109 0.108 0.100 0.117 0.126 0.123 0.111 0.115 0.116 0.100 0.123 0.099 0.114 0.139 0.114 0.131 0.151 0.079 0.145 0.102 0.525 0.705 0.133 0.205 0.824 0.301 0.667 0.664 0.819 0.740 0.876 0.891 0.850 0.928 0.985 0.993 0.954 0.915 0.905 0.895 
0.879 0.891 0.747 0.721 0.743 0.751 0.726 0.759 0.696 0.678 0.162 0.131 0.188 0.518 0.568 0.567 0.684 0.795 0.686 0.442 0.759 0.832 0.558 0.475 0.499 0.522 0.382 0.731 0.705 0.679 0.672 0.613 0.239 0.820 0.547 0.136 0.129 0.202 0.246 0.230 0.253 0.189 0.295 0.213 0.185 0.243 0.192 0.221 0.251 0.224 0.234 0.255 0.299 0.269 0.292 0.259 0.307 0.247 0.260 0.231 
0.256 0.197 0.213 0.235 0.235 0.249 0.325 0.242 0.261 0.251 0.259 0.228 0.244 0.231 0.239 0.224 0.234 0.249 0.275 0.253 0.287 0.261 0.209 0.231 0.239 0.203 0.236 0.256 0.224 0.207 0.233 0.246 0.256 0.280 0.192 0.257 0.213 0.212 0.251 0.239 0.212 0.238 0.225 0.196 0.261 0.226 0.240 0.231 0.233 0.235 0.220 0.215 0.261 0.235 0.251 0.252 0.294 0.282 0.216 0.236 
0.220 0.217 0.215 0.245 0.214 0.201 0.228 0.192 0.236 0.246 0.250 0.188 0.181 0.230 0.242 0.261 0.255 0.254 0.255 0.261 0.219 0.207 0.197 0.229 0.225 0.231 0.269 0.253 0.204 0.200 0.231 0.223 0.219 0.204 0.218 0.262 0.024 0.333 0.192 0.246 0.243 0.274 0.239 0.217 0.193 0.205 0.229 0.205 0.203 0.219 0.232 0.188 0.222 0.219 0.229 0.190 0.219 0.217 0.245 0.236 
0.225 0.297 0.240 0.229 0.224 0.218 0.228 0.191 0.174 0.177 0.138 0.175 0.175 0.194 0.171 0.169 0.184 0.187 0.175 0.187 0.168 0.205 0.169 0.143 0.173 0.158 0.164 0.171 0.170 0.156 0.146 0.168 0.152 0.153 0.176 0.156 0.170 0.180 0.159 0.168 0.145 0.167 0.183 0.196 0.571 0.524 0.554 0.206 0.124 0.171 0.315 0.595 0.553 0.497 0.180 0.198 0.240 0.335 0.618 0.542 
0.588 0.210 0.156 0.168 0.204 0.581 0.537 0.579 0.170 0.144 0.175 0.142 0.153 0.151 0.131 0.150 0.140 0.153 0.152 0.128 0.142 0.128 0.143 0.137 0.104 0.163 0.147 0.156 0.166 0.142 0.158 0.162 0.154 0.192 0.175 0.166 0.169 0.655 0.473 0.442 0.457 0.440 0.445 0.733 0.660 0.628 0.628 0.651 0.599 0.740 0.519 0.385 0.428 0.426 0.468 0.504 0.500 0.685 0.647 0.658 
0.639 0.658 0.671 0.704 0.529 0.163 0.216 0.515 0.396 0.498 0.569 0.570 0.616 0.529 0.569 0.446 0.155 0.151 0.142 0.154 0.138 0.140 0.165 0.130 0.162 0.146 0.157 0.159 0.162 0.180 0.151 0.150 0.147 0.173 0.151 0.131 0.149 0.157 0.148 0.150 0.455 0.726 0.314 0.852 0.295 0.127 0.544 0.831 0.938 0.879 0.888 0.908 0.842 1.019 1.014 0.978 0.961 0.962 0.854 0.757 
0.775 0.693 0.725 0.794 0.776 0.788 0.782 0.746 0.743 0.666 0.253 0.374 0.559 0.676 0.613 0.863 0.812 0.569 0.462 0.879 0.906 0.614 0.795 0.402 0.762 0.722 0.721 0.740 0.684 0.413 0.811 0.684 0.180 0.173 0.154 0.600 0.684 0.497 0.634 0.683 0.574 0.610 0.619 0.675 0.238 0.158 0.149 0.476 0.634 0.679 0.684 0.680 0.677 0.672 0.681 0.727 0.698 0.690 0.690 0.678 
0.683 0.684 0.672 0.684 0.685 0.685 0.679 0.670 0.684 0.134 0.169 0.150 0.475 0.682 0.675 0.232 0.170 0.476 0.702 0.704 0.675 0.675 0.696 0.705 0.682 0.710 0.694 0.708 0.709 0.720 0.710 0.705 0.737 0.714 0.748 0.722 0.713 0.693 0.714 0.702 0.732 0.701 0.712 0.711 0.710 0.708 0.708 0.711 0.703 0.707 0.714 0.717 0.701 0.711 0.701 0.718 0.716 0.735 0.707 0.724 
0.714 0.733 0.728 0.744 0.711 0.729 0.697 0.729 0.709 0.718 0.723 0.729 0.729 0.729 0.731 0.726 0.759 0.719 0.742 0.746 0.740 0.729 0.739 0.736 0.756 0.765 0.768 0.594 0.217 0.229 0.211 0.183 0.228 0.242 0.248 0.235 0.223 0.244 0.213 0.237 0.253 0.244 0.256 0.260 0.265 0.263 0.295 0.279 0.261 0.284 0.282 0.253 0.283 0.230 0.262 0.287 0.292 0.259 0.269 0.233 
0.266 0.261 0.273 0.249 0.249 0.287 0.259 0.290 0.268 0.252 0.245 0.237 0.271 0.259 0.252 0.241 0.247 0.273 0.298 0.234 0.229 0.264 0.254 0.292 0.245 0.296 0.311 0.252 0.298 0.271 0.303 0.308 0.305 0.316 0.253 0.336 0.334 0.316 0.273 0.251 0.335 0.306 0.321 0.335 0.325 0.354 0.303 0.296 0.329 0.286 0.329 0.310 0.356 0.278 0.327 0.330 0.313 0.287 0.271 0.299 
0.265 0.290 0.310 0.282 0.348 0.319 0.297 0.258 0.324 0.327 0.333 0.299 0.301 0.348 0.309 0.287 0.289 0.294 0.302 0.293 0.326 0.270 0.319 0.283 0.272 0.332 0.294 0.344 0.272 0.286 0.324 0.259 0.269 0.284 0.302 0.315 0.345 0.292 0.269 0.255 0.336 0.307 0.310 0.268 0.287 0.318 0.319 0.302 0.312 0.289 0.289 0.292 0.299 0.303 0.366 0.281 0.276 0.287 0.305 0.287 
0.286 0.301 0.300 0.324 0.294 0.315 0.274 0.282 0.285 0.289 0.284 0.310 0.270 0.310 0.303 0.311 0.289 0.307 0.291 0.292 0.327 0.333 0.323 0.272 0.336 0.321 0.309 0.275 0.315 0.307 0.264 0.300 0.304 0.338 0.280 0.269 0.319 0.338 0.313 0.363 0.350 0.321 0.312 0.315 0.314 0.333 0.299 0.280 0.342 0.328 0.356 0.321 0.346 0.278 0.318 0.356 0.313 0.504 0.403 0.362 
0.358 0.353 0.356 0.382 0.348 0.423 0.369 0.372 0.400 0.408 0.382 0.357 0.363 0.360 0.389 0.317 0.371 0.353 0.359 0.358 0.338 0.340 0.332 0.341 0.362 0.354 0.347 0.382 0.366 0.351 0.311 0.319 0.311 0.320 0.330 0.387 0.307 0.335 0.360 0.318 0.279 0.390 0.319 0.339 0.319 0.369 0.418 0.415 0.430 0.480 0.439 0.418 0.445 0.430 0.393 0.449 0.396 0.340 0.332 0.350 
0.374 0.397 0.435 0.433 0.484 0.480 0.464 0.473 0.480 0.447 0.423 0.418 0.416 0.404 0.400 0.371 0.391 0.340 0.386 0.404 0.354 0.366 0.317 0.336 0.379 0.360 0.382 0.310 0.301 0.285 0.291 0.313 0.289 0.317 0.293 0.287 0.335 0.322 0.305 0.328 0.355 0.349 0.356 0.307 0.313 0.313 0.291 0.352 0.381 0.345 0.316 0.310 0.320 0.297 0.349 0.339 0.351 0.350 0.303 0.340 
0.295 0.262 0.285 0.304 0.332 0.313 0.322 0.314 0.309 0.320 0.289 0.263 0.328 0.310 0.293 0.247 0.304 0.332 0.396 0.364 0.353 0.307 0.322 0.289 0.331 0.378 0.392 0.340 0.304 0.321 0.329 0.365 0.320 0.338 0.320 0.360 0.293 0.348 0.320 0.333 0.289 0.336 0.337 0.326 0.325 0.345 0.333 0.324 0.288 0.356 0.304 0.320 0.289 0.323 0.299 0.311 0.354 0.329 0.382 0.353 
0.351 0.311 0.322 0.314 0.314 0.416 0.363 0.312 0.357 0.323 0.341 0.368 0.329 0.350 0.375 0.380 0.327 0.382 0.352 0.364 0.324 0.303 0.315 0.352 0.365 0.385 0.377 0.334 0.289 0.349 0.312 0.303 0.306 0.328 0.333 0.343 0.320 0.327 0.349 0.338 0.308 0.336 0.319 0.319 0.333 0.350 0.360 0.304 0.341 0.310 0.308 0.344 0.318 0.323 0.348 0.310 0.331 0.304 0.286 0.320 
0.317 0.299 0.298 0.323 0.335 0.343 0.350 0.350 0.277 0.321 0.294 0.288 0.311 0.315 0.312 0.335 0.386 0.348 0.299 0.316 0.353 0.323 0.262 0.514 0.376 0.350 0.369 0.353 0.384 0.354 0.452 0.440 0.428 0.441 0.431 0.433 0.362 0.396 0.364 0.392 0.403 0.368 0.323 0.330 0.305 0.375 0.355 0.355 0.302 0.325 0.340 0.346 0.360 0.342 0.327 0.444 0.468 0.440 0.438 0.452 
0.456 0.427 0.396 0.374 0.401 0.435 0.404 0.342 0.372 0.388 0.360 0.343 0.390 0.443 0.426 0.398 0.447 0.484 0.480 0.369 0.461 0.363 0.414 0.389 0.341 0.375 0.304 0.353 0.247 0.282 0.261 0.285 0.288 0.251 0.247 0.270 0.291 0.295 0.293 0.325 0.274 0.278 0.309 0.269 0.340 0.275 0.310 0.258 0.297 0.240 0.265 0.338 0.294 0.298 0.295 0.287 0.302 0.271 0.296 0.284 
0.295 0.284 0.261 0.320 0.247 0.289 0.282 0.296 0.321 0.294 0.290 0.270 0.302 0.288 0.280 0.288 0.300 0.292 0.303 0.320 0.308 0.326 0.331 0.300 0.290 0.296 0.274 0.300 0.260 0.289 0.282 0.253 0.285 0.243 0.267 0.273 0.276 0.294 0.276 0.314 0.291 0.331 0.288 0.280 0.317 0.284 0.311 0.304 0.338 0.318 0.321 0.307 0.283 0.302 0.297 0.303 0.267 0.327 0.292 0.274 
0.271 0.312 0.291 0.310 0.288 0.309 0.266 0.360 0.341 0.273 0.302 0.305 0.265 0.332 0.289 0.321 0.287 0.299 0.336 0.302 0.347 0.346 0.300 0.334 0.261 0.297 0.290 0.339 0.276 0.317 0.273 0.326 0.327 0.297 0.318 0.300 0.295 0.301 0.298 0.311 0.265 0.314 0.283 0.307 0.336 0.344 0.336 0.355 0.308 0.332 0.368 0.410 0.322 0.373 0.354 0.298 0.319 0.312 0.304 0.338 
0.373 0.292 0.290 0.374 0.326 0.338 0.406 0.304 0.332 0.346 0.346 0.305 0.332 0.355 0.347 0.312 0.325 0.291 0.324 0.342 0.344 0.343 0.404 0.341 0.375 0.336 0.318 0.330 0.288 0.315 0.336 0.324 0.262 0.268 0.326 0.300 0.379 0.322 0.304 0.341 0.361 0.357 0.392 0.325 0.412 0.360 0.324 0.328 0.318 0.314 0.343 0.354 0.384 0.295 0.348 0.362 0.390 0.327 0.313 0.321 
0.359 0.327 0.329 0.341 0.267 0.244 0.324 0.333 0.281 0.295 0.298 0.342 0.272 0.324 0.313 0.312 0.278 0.316 0.307 0.278 0.302 0.344 0.333 0.312 0.267 0.281 0.286 0.279 0.282 0.284 0.294 0.267 0.361 0.333 0.303 0.332 0.277 0.265 0.283 0.291 0.360 0.291 0.320 0.289 0.310 0.305 0.303 0.293 0.298 0.299 0.345 0.330 0.321 0.288 0.316 0.315 0.330 0.275 0.273 0.298 
0.265 0.269 0.315 0.288 0.258 0.311 0.308 0.272 0.262 0.297 0.290 0.332 0.289 0.290 0.276 0.274 0.322 0.315 0.332 0.312 0.362 0.327 0.289 0.297 0.277 0.281 0.282 0.280 0.330 0.312 0.328 0.298 0.278 0.317 0.311 0.324 0.323 0.322 0.264 0.334 0.299 0.289 0.292 0.286 0.275 0.281 0.292 0.286 0.281 0.309 0.277 0.316 0.300 0.280 0.292 0.289 0.294 0.280 0.285 0.284 
