0.229 0.185 0.172 0.176 0.185 0.190 0.184 0.138 0.182 0.181 0.206 0.213 0.194 0.223 0.208 0.170 0.210 0.187 0.195 0.192 0.202 0.172 0.178 0.188 0.150 0.175 0.210 0.182 0.182 0.194 0.212 0.233 0.221 0.201 0.239 0.190 0.190 0.174 0.177 0.189 0.251 0.179 0.170 0.189 0.178 0.219 0.227 0.274 0.234 0.225 0.249 0.199 0.207 0.170 0.233 0.236 0.264 0.159 0.235 0.209 
0.252 0.240 0.205 0.239 0.225 0.217 0.220 0.194 0.233 0.202 0.196 0.191 0.183 0.195 0.201 0.241 0.188 0.191 0.236 0.178 0.161 0.191 0.265 0.202 0.239 0.210 0.209 0.185 0.165 0.197 0.245 0.194 0.190 0.202 0.205 0.209 0.269 0.219 0.197 0.264 0.237 0.183 0.192 0.210 0.187 0.263 0.205 0.201 0.220 0.178 0.199 0.201 0.200 0.216 0.179 0.240 0.187 0.196 0.213 0.224 
0.218 0.190 0.233 0.236 0.207 0.192 0.216 0.200 0.191 0.189 0.225 0.175 0.183 0.221 0.179 0.194 0.205 0.201 0.165 0.177 0.192 0.178 0.199 0.266 0.213 0.188 0.230 0.181 0.198 0.212 0.209 0.221 0.274 0.222 0.225 0.206 0.191 0.195 0.231 0.210 0.183 0.210 0.224 0.213 0.226 0.230 0.248 0.256 0.222 0.192 0.188 0.212 0.268 0.186 0.256 0.248 0.211 0.217 0.175 0.289 
0.205 0.188 0.204 0.213 0.186 0.214 0.275 0.195 0.255 0.188 0.227 0.237 0.182 0.221 0.187 0.212 0.235 0.210 0.229 0.209 0.242 0.190 0.229 0.194 0.243 0.366 0.236 0.228 0.183 0.225 0.216 0.203 0.197 0.213 0.259 0.205 0.208 0.232 0.199 0.225 0.267 0.194 0.239 0.193 0.221 0.206 0.228 0.223 0.205 0.190 0.203 0.188 0.195 0.179 0.163 0.190 0.202 0.184 0.200 0.178 
0.172 0.186 0.187 0.200 0.174 0.267 0.235 0.200 0.231 0.200 0.201 0.209 0.274 0.205 0.185 0.218 0.197 0.222 0.214 0.201 0.286 0.164 0.192 0.205 0.186 0.180 0.215 0.197 0.197 0.236 0.189 0.257 0.204 0.199 0.173 0.199 0.214 0.260 0.233 0.214 0.200 0.266 0.208 0.215 0.227 0.201 0.200 0.217 0.242 0.206 0.206 0.193 0.178 0.176 0.175 0.189 0.156 0.217 0.236 0.189 
0.244 0.193 0.186 0.191 0.206 0.161 0.165 0.230 0.208 0.201 0.192 0.225 0.195 0.176 0.217 0.209 0.232 0.195 0.196 0.218 0.224 0.222 0.188 0.155 0.214 0.184 0.234 0.248 0.234 0.212 0.197 0.244 0.205 0.192 0.220 0.199 0.205 0.148 0.243 0.220 0.189 0.250 0.208 0.177 0.222 0.233 0.228 0.262 0.182 0.182 0.178 0.212 0.174 0.199 0.247 0.178 0.190 0.233 0.183 0.179 
0.182 0.190 0.191 0.190 0.217 0.189 0.190 0.195 0.195 0.219 0.217 0.230 0.152 0.268 0.231 0.222 0.269 0.209 0.080 0.215 0.246 0.194 0.195 0.216 0.222 0.192 0.206 0.173 0.192 0.160 0.185 0.209 0.214 0.183 0.183 0.218 0.192 0.206 0.196 0.169 0.167 0.222 0.172 0.171 0.229 0.183 0.204 0.174 0.190 0.250 0.204 0.208 0.224 0.276 0.182 0.179 0.181 0.175 0.217 0.211 
0.172 0.206 0.234 0.240 0.185 0.172 0.169 0.178 0.187 0.224 0.208 0.196 0.182 0.189 0.140 0.161 0.164 0.166 0.166 0.170 0.174 0.184 0.185 0.199 0.206 0.190 0.183 0.176 0.225 0.125 0.159 0.158 0.185 0.199 0.167 0.173 0.166 0.184 0.176 0.159 0.161 0.160 0.154 0.172 0.157 0.136 0.172 0.142 0.180 0.174 0.183 0.182 0.224 0.196 0.184 0.217 0.199 0.192 0.173 0.180 
0.211 0.197 0.177 0.218 0.205 0.161 0.161 0.158 0.152 0.190 0.208 0.182 0.174 0.168 0.185 0.196 0.155 0.157 0.171 0.730 0.466 0.449 0.471 0.460 0.472 0.475 0.464 0.649 0.655 0.726 0.735 0.723 0.674 0.637 0.612 0.621 0.632 0.643 0.660 0.741 0.815 0.824 0.756 0.597 0.540 0.509 0.470 0.441 0.430 0.600 0.709 0.715 0.707 0.722 0.676 0.688 0.688 0.672 0.638 0.658 
0.655 0.747 0.719 0.389 0.156 0.172 0.175 0.114 0.119 0.148 0.141 0.149 0.144 0.147 0.149 0.139 0.147 0.140 0.149 0.118 0.142 0.114 0.145 0.151 0.142 0.148 0.147 0.142 0.138 0.127 0.158 0.164 0.192 0.156 0.149 0.155 0.161 0.153 0.184 0.169 0.153 0.209 0.693 0.516 0.296 0.130 0.135 0.125 0.128 0.155 0.146 0.183 0.150 0.155 0.151 0.150 0.126 0.152 0.153 0.144 
0.162 0.124 0.177 0.156 0.145 0.194 0.120 0.115 0.123 0.111 0.147 0.112 0.147 0.148 0.142 0.150 0.147 0.118 0.148 0.156 0.111 0.148 0.117 0.113 0.110 0.112 0.148 0.146 0.150 0.151 0.126 0.179 0.148 0.159 0.123 0.163 0.142 0.185 0.161 0.133 0.160 0.137 0.170 0.126 0.129 0.193 0.151 0.129 0.140 0.160 0.121 0.120 0.158 0.173 0.163 0.166 0.159 0.177 0.156 0.137 
0.150 0.148 0.153 0.133 0.155 0.203 0.123 0.159 0.125 0.137 0.143 0.140 0.135 0.175 0.149 0.121 0.143 0.116 0.119 0.160 0.117 0.155 0.132 0.137 0.138 0.168 0.161 0.134 0.153 0.151 0.163 0.134 0.166 0.199 0.134 0.154 0.136 0.126 0.166 0.162 0.137 0.158 0.138 0.164 0.167 0.130 0.140 0.177 0.126 0.173 0.188 0.126 0.125 0.159 0.156 0.154 0.125 0.150 0.139 0.180 
0.181 0.154 0.194 0.154 0.168 0.188 0.127 0.152 0.151 0.171 0.178 0.168 0.172 0.160 0.171 0.160 0.170 0.191 0.162 0.184 0.248 0.212 0.171 0.165 0.173 0.181 0.176 0.161 0.168 0.150 0.172 0.178 0.176 0.187 0.172 0.157 0.181 0.170 0.154 0.174 0.167 0.248 0.198 0.180 0.148 0.201 0.179 0.188 0.211 0.188 0.142 0.187 0.239 0.198 0.212 0.174 0.195 0.166 0.178 0.195 
0.174 0.173 0.203 0.182 0.205 0.206 0.178 0.186 0.197 0.197 0.211 0.161 0.139 0.158 0.172 0.141 0.207 0.240 0.205 0.217 0.212 0.196 0.195 0.209 0.189 0.212 0.179 0.188 0.206 0.156 0.151 0.231 0.175 0.185 0.201 0.179 0.188 0.135 0.187 0.225 0.181 0.213 0.207 0.201 0.176 0.173 0.233 0.225 0.187 0.191 0.197 0.172 0.196 0.198 0.152 0.200 0.191 0.238 0.245 0.186 
0.270 0.215 0.230 0.215 0.181 0.217 0.195 0.220 0.257 0.205 0.223 0.183 0.275 0.239 0.240 0.253 0.195 0.228 0.191 0.216 0.212 0.178 0.199 0.198 0.209 0.245 0.200 0.239 0.198 0.212 0.197 0.210 0.255 0.226 0.243 0.220 0.241 0.228 0.243 0.244 0.204 0.210 0.192 0.189 0.219 0.229 0.217 0.219 0.228 0.209 0.199 0.197 0.181 0.213 0.211 0.231 0.225 0.230 0.256 0.231 
0.240 0.193 0.206 0.250 0.232 0.255 0.231 0.237 0.219 0.292 0.240 0.239 0.236 0.279 0.229 0.205 0.235 0.190 0.220 0.246 0.209 0.210 0.191 0.218 0.167 0.250 0.270 0.204 0.264 0.227 0.247 0.210 0.240 0.238 0.224 0.184 0.246 0.244 0.242 0.213 0.237 0.215 0.246 0.223 0.242 0.225 0.209 0.199 0.210 0.208 0.266 0.219 0.256 0.200 0.258 0.224 0.244 0.216 0.239 0.254 
0.240 0.218 0.240 0.255 0.259 0.208 0.230 0.308 0.274 0.218 0.199 0.237 0.242 0.248 0.267 0.244 0.174 0.201 0.201 0.219 0.246 0.175 0.206 0.268 0.238 0.283 0.248 0.264 0.221 0.322 0.254 0.283 0.250 0.187 0.222 0.250 0.254 0.205 0.212 0.240 0.268 0.288 0.205 0.279 0.252 0.206 0.216 0.236 0.254 0.196 0.231 0.177 0.266 0.242 0.245 0.230 0.250 0.224 0.252 0.297 
0.366 0.290 0.230 0.219 0.208 0.257 0.192 0.245 0.261 0.300 0.212 0.231 0.215 0.214 0.279 0.205 0.171 0.200 0.191 0.204 0.214 0.211 0.279 0.242 0.177 0.273 0.224 0.273 0.200 0.250 0.268 0.219 0.222 0.216 0.231 0.218 0.278 0.283 0.236 0.192 0.218 0.175 0.215 0.272 0.244 0.211 0.265 0.237 0.237 0.207 0.235 0.190 0.216 0.223 0.207 0.255 0.224 0.222 0.266 0.283 
0.254 0.257 0.226 0.256 0.238 0.193 0.231 0.236 0.228 0.253 0.291 0.237 0.233 0.283 0.248 0.280 0.270 0.227 0.213 0.208 0.232 0.199 0.240 0.244 0.245 0.234 0.217 0.229 0.255 0.288 0.237 0.249 0.261 0.266 0.191 0.313 0.269 0.226 0.298 0.272 0.252 0.236 0.239 0.201 0.239 0.255 0.241 0.248 0.224 0.200 0.240 0.189 0.273 0.263 0.260 0.266 0.171 0.220 0.230 0.242 
0.225 0.223 0.237 0.268 0.268 0.246 0.227 0.194 0.240 0.270 0.222 0.251 0.244 0.223 0.241 0.231 0.193 0.208 0.200 0.172 0.211 0.214 0.261 0.247 0.262 0.252 0.204 0.223 0.236 0.280 0.264 0.267 0.200 0.230 0.264 0.218 0.236 0.276 0.251 0.260 0.234 0.194 0.208 0.221 0.204 0.261 0.251 0.195 0.206 0.231 0.231 0.223 0.250 0.228 0.281 0.224 0.179 0.233 0.338 0.246 
0.217 0.197 0.276 0.263 0.226 0.237 0.230 0.292 0.277 0.226 0.195 0.220 0.321 0.198 0.267 0.259 0.217 0.255 0.186 0.216 0.234 0.202 0.277 0.242 0.220 0.256 0.252 0.240 0.256 0.259 0.278 0.316 0.220 0.226 0.256 0.219 0.245 0.274 0.284 0.237 0.226 0.210 0.193 0.227 0.266 0.253 0.219 0.192 0.177 0.209 0.236 0.214 0.217 0.284 0.265 0.226 0.194 0.207 0.236 0.277 
0.251 0.264 0.202 0.220 0.259 0.227 0.235 0.248 0.249 0.281 0.219 0.201 0.230 0.254 0.305 0.230 0.217 0.252 0.274 0.254 0.255 0.191 0.256 0.230 0.300 0.268 0.199 0.214 0.223 0.289 0.249 0.241 0.239 0.242 0.206 0.213 0.213 0.261 0.302 0.262 0.253 0.239 0.242 0.192 0.233 0.229 0.248 0.199 0.211 0.224 0.240 0.206 0.209 0.242 0.223 0.201 0.240 0.254 0.291 0.225 
0.278 0.202 0.223 0.206 0.272 0.229 0.249 0.260 0.255 0.273 0.268 0.206 0.237 0.282 0.193 0.218 0.222 0.239 0.199 0.160 0.127 0.155 0.157 0.160 0.158 0.165 0.169 0.126 0.171 0.166 0.156 0.176 0.166 0.181 0.128 0.172 0.165 0.165 0.190 0.150 0.148 0.121 0.157 0.175 0.163 0.156 0.161 0.158 0.155 0.117 0.166 0.161 0.173 0.166 0.161 0.136 0.159 0.167 0.166 0.143 
0.153 0.170 0.173 0.162 0.161 0.122 0.156 0.161 0.177 0.145 0.180 0.152 0.166 0.151 0.166 0.143 0.176 0.157 0.145 0.140 0.143 0.114 0.157 0.157 0.157 0.157 0.171 0.163 0.168 0.167 0.123 0.172 0.181 0.152 0.160 0.149 0.176 0.157 0.167 0.135 0.130 0.174 0.177 0.142 0.159 0.148 0.159 0.149 0.156 0.153 0.149 0.158 0.127 0.157 0.165 0.173 0.158 0.149 0.189 0.142 
