0.225 0.330 0.293 0.266 0.293 0.315 0.395 0.275 0.254 0.307 0.245 0.232 0.299 0.322 0.238 0.281 0.268 0.369 0.324 0.470 0.439 0.285 0.245 0.321 0.252 0.308 0.334 0.343 0.306 0.205 0.285 0.208 0.282 0.229 0.279 0.324 0.332 0.295 0.411 0.274 0.293 0.342 0.320 0.273 0.378 0.288 0.367 0.310 0.386 0.341 0.299 0.342 0.305 0.399 0.366 0.273 0.231 0.334 0.411 0.375 
0.328 0.320 0.396 0.375 0.247 0.305 0.325 0.231 0.341 0.316 0.286 0.296 0.355 0.296 0.326 0.264 0.353 0.415 0.383 0.333 0.318 0.377 0.419 0.460 0.337 0.340 0.270 0.320 0.293 0.279 0.334 0.286 0.359 0.344 0.350 0.293 0.307 0.287 0.375 0.429 0.403 0.318 0.363 0.349 0.260 0.246 0.367 0.343 0.378 0.374 0.317 0.416 0.349 0.407 0.248 0.316 0.361 0.427 0.369 0.388 
0.323 0.361 0.270 0.349 0.346 0.332 0.417 0.359 0.323 0.363 0.309 0.422 0.247 0.332 0.441 0.356 0.344 0.356 0.293 0.359 0.327 0.382 0.298 0.453 0.406 0.336 0.305 0.284 0.301 0.317 0.340 0.239 0.300 0.317 0.372 0.302 0.335 0.397 0.349 0.436 0.265 0.281 0.386 0.297 0.407 0.284 0.345 0.393 0.300 0.375 0.259 0.326 0.306 0.314 0.376 0.309 0.405 0.277 0.281 0.383 
0.323 0.344 0.276 0.358 0.387 0.330 0.388 0.280 0.332 0.458 0.347 0.312 0.330 0.372 0.415 0.341 0.377 0.283 0.355 0.500 0.301 0.281 0.328 0.282 0.354 0.324 0.292 0.294 0.223 0.381 0.248 0.369 0.326 0.446 0.371 0.337 0.365 0.260 0.340 0.309 0.303 0.238 0.310 0.422 0.376 0.348 0.336 0.318 0.298 0.274 0.354 0.351 0.298 0.390 0.351 0.344 0.254 0.359 0.335 0.293 
0.302 0.283 0.349 0.368 0.303 0.355 0.268 0.306 0.327 0.365 0.348 0.357 0.324 0.331 0.264 0.306 0.364 0.359 0.325 0.288 0.292 0.340 0.299 0.306 0.379 0.395 0.384 0.378 0.318 0.287 0.417 0.393 0.333 0.319 0.379 0.353 0.341 0.287 0.360 0.387 0.332 0.375 0.354 0.252 0.275 0.355 0.307 0.247 0.336 0.325 0.271 0.293 0.281 0.288 0.371 0.338 0.296 0.361 0.363 0.355 
0.287 0.351 0.349 0.398 0.289 0.378 0.354 0.315 0.366 0.367 0.460 0.324 0.357 0.291 0.414 0.437 0.365 0.248 0.345 0.389 0.307 0.363 0.319 0.330 0.266 0.309 0.314 0.269 0.418 0.333 0.394 0.334 0.382 0.343 0.377 0.304 0.345 0.267 0.297 0.356 0.309 0.319 0.308 0.353 0.249 0.339 0.314 0.355 0.280 0.362 0.361 0.342 0.361 0.343 0.336 0.272 0.323 0.370 0.391 0.349 
0.445 0.327 0.321 0.350 0.331 0.320 0.295 0.358 0.293 0.341 0.368 0.283 0.321 0.347 0.384 0.335 0.376 0.323 0.364 0.311 0.331 0.398 0.353 0.332 0.324 0.361 0.486 0.323 0.322 0.352 0.430 0.392 0.319 0.435 0.359 0.463 0.314 0.287 0.299 0.320 0.410 0.385 0.292 0.353 0.304 0.403 0.394 0.396 0.364 0.304 0.520 0.284 0.339 0.467 0.291 0.406 0.315 0.449 0.243 0.344 
0.416 0.303 0.337 0.361 0.369 0.359 0.310 0.358 0.324 0.301 0.397 0.337 0.293 0.315 0.367 0.318 0.293 0.410 0.310 0.401 0.339 0.342 0.268 0.345 0.288 0.401 0.318 0.355 0.424 0.285 0.402 0.366 0.340 0.320 0.342 0.277 0.339 0.400 0.318 0.293 0.288 0.336 0.344 0.292 0.307 0.475 0.300 0.247 0.373 0.378 0.403 0.376 0.333 0.375 0.321 0.365 0.376 0.352 0.328 0.333 
0.365 0.393 0.386 0.299 0.346 0.281 0.282 0.272 0.331 0.385 0.345 0.358 0.390 0.300 0.343 0.347 0.304 0.356 0.267 0.267 0.397 0.307 0.298 0.400 0.294 0.303 0.263 0.333 0.259 0.286 0.455 0.333 0.331 0.304 0.441 0.292 0.352 0.337 0.321 0.303 0.429 0.337 0.272 0.296 0.314 0.317 0.395 0.284 0.347 0.347 0.383 0.384 0.361 0.435 0.296 0.346 0.301 0.323 0.408 0.390 
0.299 0.350 0.351 0.347 0.350 0.412 0.374 0.298 0.309 0.396 0.481 0.267 0.250 0.319 0.301 0.354 0.286 0.390 0.423 0.376 0.300 0.295 0.378 0.334 0.254 0.297 0.294 0.319 0.285 0.324 0.254 0.387 0.381 0.365 0.351 0.318 0.410 0.466 0.315 0.424 0.238 0.467 0.322 0.330 0.374 0.346 0.415 0.275 0.310 0.254 0.293 0.393 0.325 0.375 0.348 0.341 0.390 0.378 0.318 0.372 
0.336 0.378 0.297 0.355 0.384 0.325 0.290 0.278 0.301 0.315 0.329 0.393 0.340 0.387 0.403 0.323 0.337 0.360 0.314 0.281 0.274 0.367 0.358 0.346 0.346 0.387 0.351 0.336 0.378 0.342 0.349 0.332 0.382 0.294 0.387 0.321 0.489 0.382 0.261 0.277 0.275 0.363 0.318 0.286 0.377 0.378 0.417 0.314 0.380 0.274 0.260 0.419 0.362 0.258 0.352 0.393 0.318 0.345 0.286 0.306 
0.296 0.356 0.261 0.390 0.313 0.429 0.359 0.434 0.390 0.299 0.285 0.474 0.334 0.324 0.310 0.293 0.367 0.276 0.331 0.307 0.303 0.365 0.284 0.330 0.302 0.302 0.458 0.290 0.303 0.323 0.276 0.317 0.300 0.272 0.344 0.365 0.425 0.319 0.310 0.321 0.344 0.364 0.345 0.309 0.364 0.338 0.316 0.343 0.332 0.358 0.311 0.292 0.278 0.349 0.371 0.313 0.242 0.324 0.352 0.335 
0.353 0.294 0.324 0.350 0.324 0.324 0.340 0.270 0.288 0.322 0.298 0.353 0.326 0.335 0.397 0.391 0.401 0.349 0.385 0.298 0.286 0.419 0.304 0.366 0.339 0.358 0.326 0.369 0.368 0.345 0.295 0.389 0.341 0.289 0.376 0.468 0.411 0.320 0.346 0.378 0.328 0.367 0.383 0.336 0.337 0.320 0.353 0.416 0.333 0.360 0.340 0.413 0.307 0.331 0.361 0.375 0.374 0.395 0.311 0.333 
0.307 0.393 0.338 0.337 0.259 0.339 0.281 0.346 0.260 0.310 0.350 0.377 0.311 0.315 0.374 0.344 0.425 0.292 0.345 0.321 0.336 0.354 0.282 0.334 0.344 0.402 0.408 0.294 0.310 0.273 0.312 0.424 0.363 0.325 0.323 0.306 0.447 0.256 0.314 0.354 0.264 0.341 0.323 0.346 0.397 0.310 0.439 0.332 0.309 0.312 0.401 0.397 0.355 0.418 0.258 0.248 0.310 0.267 0.363 0.321 
0.380 0.368 0.315 0.354 0.326 0.275 0.418 0.363 0.352 0.284 0.300 0.376 0.381 0.355 0.393 0.301 0.280 0.347 0.289 0.325 0.334 0.351 0.386 0.305 0.324 0.241 0.447 0.349 0.336 0.276 0.346 0.397 0.267 0.388 0.415 0.291 0.383 0.363 0.360 0.322 0.299 0.345 0.277 0.389 0.369 0.326 0.369 0.401 0.325 0.332 0.318 0.351 0.389 0.405 0.301 0.270 0.353 0.279 0.286 0.351 
0.339 0.267 0.306 0.387 0.367 0.353 0.235 0.585 0.859 0.301 0.286 0.378 0.291 0.349 0.376 0.300 0.313 0.452 0.376 0.329 0.310 0.279 0.330 0.359 0.283 0.291 0.342 0.374 0.385 0.343 0.379 0.285 0.362 0.322 0.292 0.342 0.280 0.405 0.306 0.330 0.363 0.311 0.346 0.307 0.348 0.443 0.328 0.347 0.333 0.387 0.246 0.258 0.290 0.376 0.367 0.335 0.300 0.370 0.274 0.346 
0.396 0.339 0.340 0.398 0.253 0.328 0.248 0.302 0.325 0.269 0.314 0.453 0.358 0.256 0.356 0.318 0.381 0.346 0.282 0.302 0.411 0.325 0.389 0.334 0.326 0.257 0.322 0.383 0.457 0.369 0.398 0.292 0.354 0.319 0.264 0.265 0.272 0.437 0.339 0.360 0.362 0.250 0.437 0.359 0.380 0.382 0.298 0.338 0.271 0.362 0.351 0.380 0.443 0.304 0.305 0.247 0.280 0.359 0.350 0.318 
0.411 0.289 0.427 0.337 0.425 0.338 0.266 0.340 0.380 0.374 0.254 0.261 0.342 0.282 0.290 0.307 0.379 0.307 0.327 0.293 0.308 0.381 0.420 0.283 0.313 0.303 0.330 0.376 0.303 0.302 0.346 0.277 0.339 0.444 0.259 0.289 0.288 0.328 0.322 0.277 0.437 0.298 0.300 0.365 0.202 0.332 0.319 0.465 0.353 0.400 0.379 0.311 0.308 0.410 0.346 0.263 0.312 0.344 0.262 0.342 
0.306 0.323 0.411 0.263 0.338 0.363 0.378 0.366 0.265 0.304 0.374 0.373 0.379 0.376 0.279 0.301 0.314 0.297 0.315 0.306 0.282 0.353 0.346 0.261 0.370 0.356 0.302 0.280 0.301 0.323 0.282 0.322 0.287 0.287 0.303 0.290 0.318 0.326 0.345 0.337 0.230 0.297 0.316 0.298 0.311 0.264 0.419 0.274 0.284 0.290 0.303 0.308 0.270 0.268 0.320 0.239 0.316 0.296 0.377 0.322 
0.318 0.301 0.329 0.290 0.348 0.297 0.356 0.357 0.237 0.359 0.255 0.328 0.263 0.261 0.225 0.271 0.331 0.264 0.230 0.247 0.304 0.351 0.244 0.324 0.293 0.406 0.358 0.232 0.373 0.342 0.292 0.267 0.255 0.258 0.292 0.240 0.284 0.281 0.253 0.345 0.261 0.272 0.250 0.303 0.288 0.310 0.361 0.283 0.395 0.269 0.279 0.316 0.207 0.255 0.332 0.223 0.271 0.297 0.262 0.289 
0.300 0.326 0.418 0.316 0.277 0.300 0.268 0.287 0.372 0.273 0.195 0.381 0.360 0.303 0.362 0.317 0.273 0.301 0.209 0.298 0.338 0.228 0.265 0.269 0.221 0.279 0.324 0.285 0.308 0.280 0.222 0.287 0.364 0.307 0.239 0.287 0.238 0.298 0.259 0.241 0.323 0.273 0.372 0.240 0.280 0.314 0.296 0.275 0.324 0.358 0.310 0.303 0.339 0.274 0.272 0.308 0.311 0.278 0.270 0.266 
0.281 0.230 0.277 0.285 0.325 0.322 0.291 0.336 0.249 0.295 0.295 0.230 0.222 0.225 0.298 0.310 0.241 0.274 0.256 0.219 0.306 0.297 0.325 0.308 0.332 0.389 0.362 0.384 0.277 0.190 0.576 0.647 0.366 0.401 0.189 0.356 0.634 0.377 0.330 0.438 0.334 0.276 0.300 0.343 0.322 0.449 0.279 0.304 0.209 0.281 0.274 0.241 0.327 0.252 0.225 0.228 0.197 0.289 0.279 0.239 
0.249 0.287 0.254 0.283 0.265 0.233 0.293 0.328 0.238 0.283 0.244 0.274 0.303 0.322 0.276 0.230 0.261 0.322 0.251 0.318 0.294 0.301 0.266 0.285 0.240 0.242 0.232 0.237 0.274 0.280 0.277 0.277 0.300 0.284 0.261 0.243 0.390 0.329 0.247 0.234 0.272 0.255 0.356 0.370 0.268 0.296 0.254 0.322 0.324 0.234 0.270 0.291 0.297 0.292 0.269 0.331 0.295 0.234 0.225 0.218 
0.238 0.223 0.273 0.248 0.288 0.231 0.231 0.369 0.373 0.289 0.291 0.246 0.391 0.260 0.362 0.264 0.251 0.328 0.308 0.226 0.219 0.317 0.312 0.232 0.295 0.238 0.269 0.267 0.323 0.272 0.260 0.252 0.372 0.204 0.301 0.330 0.250 0.360 0.311 0.273 0.290 0.270 0.321 0.257 0.283 0.289 0.293 0.276 0.284 0.241 0.318 0.235 0.385 0.287 0.264 0.276 0.310 0.310 0.250 0.261 
