0.030 0.004 0.000 0.047 -0.000 -0.001 0.029 0.036 0.010 0.030 0.005 0.021 0.031 0.028 0.036 0.030 0.025 0.034 0.035 0.027 0.034 0.027 0.031 0.029 0.025 0.034 0.024 0.033 0.028 0.024 0.024 0.024 0.024 0.020 -0.008 0.020 0.022 0.025 0.022 0.020 0.026 -0.010 0.029 0.036 0.005 0.032 0.030 0.025 0.028 0.024 0.024 0.025 0.030 -0.004 -0.006 0.022 0.026 0.027 -0.006 0.028 
0.024 0.023 0.023 -0.009 0.030 0.026 0.025 0.029 -0.008 0.029 -0.002 0.022 0.017 0.004 -0.001 -0.008 0.032 0.031 0.001 -0.006 0.013 0.001 0.023 0.035 0.032 0.032 0.006 -0.000 0.050 -0.007 0.000 0.028 0.033 0.025 -0.000 0.030 -0.007 0.032 -0.005 0.002 -0.006 -0.003 -0.007 0.001 0.033 0.008 0.027 0.031 -0.003 0.036 0.015 0.044 -0.000 0.002 -0.000 0.006 0.005 0.029 0.033 0.029 
0.005 -0.003 0.002 -0.001 0.052 0.033 0.009 0.018 0.009 0.009 0.010 0.033 0.012 0.013 0.020 0.006 0.008 0.033 0.038 -0.000 0.043 0.023 0.013 0.049 0.039 0.053 0.044 0.047 0.047 0.008 0.049 0.048 0.049 0.056 0.075 0.058 0.048 0.065 0.064 0.050 0.057 0.006 0.045 0.032 0.053 0.047 0.055 0.053 0.022 0.054 0.053 0.039 0.050 0.062 0.050 0.021 0.046 0.047 0.040 0.044 
0.044 0.050 0.047 0.010 0.018 0.027 0.066 0.062 0.041 0.049 0.047 0.069 0.037 0.052 0.074 0.043 0.033 0.046 0.068 0.080 0.063 0.068 0.032 0.052 0.073 0.072 0.053 0.049 0.053 0.068 0.070 0.034 0.072 0.073 0.058 0.061 0.065 0.033 0.058 0.066 0.040 0.019 0.072 0.072 0.059 0.057 0.029 0.059 0.049 0.057 0.063 0.018 0.071 0.065 0.063 0.045 0.042 0.084 0.081 0.058 
0.035 0.047 0.072 0.053 0.053 0.063 0.058 0.035 0.063 0.047 0.034 0.024 0.046 0.069 0.061 0.044 0.049 0.026 0.034 0.048 0.050 0.044 0.041 0.029 0.082 0.083 0.051 0.055 0.039 0.064 0.084 0.056 0.023 0.059 0.067 0.058 0.022 0.036 0.062 0.063 0.055 0.062 0.058 0.032 0.030 0.063 0.033 0.050 0.055 0.077 0.053 0.061 0.050 0.025 0.060 0.060 0.044 0.056 0.070 0.038 
0.048 0.070 0.066 0.064 0.025 0.074 0.061 0.030 0.062 0.031 0.040 0.059 0.038 0.064 0.082 0.240 0.134 0.135 0.127 0.108 0.137 0.156 0.146 0.105 0.103 0.109 0.131 0.171 0.154 0.165 0.142 0.102 0.147 0.147 0.123 0.091 0.153 0.140 0.153 0.159 0.164 0.118 0.113 0.149 0.091 0.110 0.138 0.124 0.129 0.127 0.115 0.133 0.139 0.189 0.106 0.134 0.150 0.106 0.155 0.107 
0.133 0.123 0.108 0.088 0.137 0.135 0.119 0.156 0.108 0.139 0.118 0.120 0.138 0.108 0.148 0.121 0.164 0.162 0.098 0.092 0.127 0.123 0.134 0.142 0.121 0.135 0.143 0.090 0.121 0.141 0.097 0.111 0.131 0.125 0.126 0.103 0.142 0.160 0.098 0.107 0.164 0.151 0.123 0.167 0.150 0.123 0.115 0.119 0.112 0.119 0.219 0.256 0.296 0.293 0.291 0.272 0.257 0.239 0.229 0.233 
0.223 0.182 0.174 0.187 0.195 0.166 0.186 0.162 0.267 0.273 0.250 0.226 0.293 0.279 0.256 0.216 0.214 0.159 0.194 0.186 0.163 0.180 0.130 0.162 0.128 0.079 0.105 0.084 0.134 0.110 0.144 0.091 0.098 0.120 0.112 0.103 0.122 0.135 0.123 0.126 0.117 0.087 0.104 0.133 0.142 0.105 0.124 0.130 0.104 0.095 0.083 0.117 0.117 0.120 0.129 0.084 0.123 0.127 0.100 0.089 
0.108 0.094 0.124 0.099 0.103 0.129 0.171 0.160 0.143 0.114 0.107 0.119 0.127 0.108 0.153 0.120 0.106 0.111 0.095 0.141 0.122 0.133 0.145 0.146 0.123 0.102 0.144 0.123 0.100 0.092 0.129 0.132 0.144 0.137 0.102 0.135 0.110 0.153 0.128 0.128 0.113 0.144 0.132 0.114 0.118 0.116 0.158 0.129 0.125 0.106 0.145 0.141 0.145 0.189 0.129 0.109 0.120 0.139 0.092 0.147 
0.117 0.104 0.110 0.142 0.090 0.163 0.100 0.143 0.126 0.089 0.088 0.160 0.102 0.148 0.115 0.121 0.119 0.098 0.114 0.117 0.112 0.112 0.108 0.119 0.101 0.125 0.081 0.094 0.101 0.112 0.122 0.084 0.117 0.141 0.115 0.106 0.133 0.120 0.113 0.141 0.093 0.120 0.117 0.108 0.103 0.081 0.088 0.107 0.131 0.072 0.113 0.120 0.142 0.133 0.121 0.089 0.108 0.137 0.098 0.109 
0.103 0.090 0.113 0.113 0.141 0.132 0.114 0.088 0.114 0.141 0.096 0.123 0.156 0.119 0.135 0.113 0.080 0.114 0.134 0.130 0.087 0.110 0.105 0.120 0.099 0.110 0.106 0.114 0.118 0.106 0.093 0.103 0.101 0.155 0.137 0.129 0.107 0.147 0.138 0.118 0.127 0.121 0.086 0.117 0.144 0.139 0.072 0.109 0.108 0.104 0.089 0.103 0.116 0.154 0.141 0.122 0.128 0.101 0.117 0.123 
0.162 0.226 0.241 0.241 0.238 0.306 0.292 0.222 0.233 0.200 0.219 0.169 0.170 0.162 0.138 0.161 0.123 0.159 0.210 0.207 0.256 0.214 0.305 0.229 0.186 0.192 0.194 0.200 0.124 0.154 0.152 0.174 0.151 0.162 0.112 0.132 0.126 0.119 0.127 0.123 0.105 0.129 0.149 0.149 0.087 0.131 0.106 0.100 0.108 0.127 0.142 0.093 0.122 0.153 0.128 0.116 0.127 0.107 0.145 0.132 
0.127 0.136 0.120 0.116 0.115 0.112 0.127 0.126 0.129 0.112 0.124 0.104 0.166 0.091 0.093 0.120 0.105 0.125 0.125 0.141 0.125 0.116 0.117 0.138 0.133 0.132 0.128 0.108 0.192 0.129 0.100 0.138 0.102 0.103 0.161 0.121 0.106 0.135 0.156 0.144 0.116 0.135 0.146 0.169 0.148 0.102 0.110 0.172 0.133 0.158 0.127 0.099 0.099 0.122 0.115 0.140 0.123 0.086 0.165 0.152 
0.123 0.102 0.119 0.143 0.121 0.108 0.131 0.150 0.150 0.123 0.101 0.206 0.161 0.142 0.107 0.139 0.127 0.110 0.096 0.123 0.129 0.129 0.144 0.122 0.094 0.115 0.112 0.099 0.101 0.119 0.114 0.129 0.121 0.099 0.142 0.144 0.156 0.129 0.136 0.139 0.127 0.093 0.158 0.141 0.149 0.116 0.112 0.134 0.099 0.126 0.108 0.111 0.094 0.132 0.133 0.090 0.125 0.132 0.094 0.100 
0.144 0.130 0.112 0.126 0.143 0.132 0.113 0.120 0.118 0.130 0.109 0.146 0.134 0.120 0.159 0.151 0.128 0.117 0.134 0.151 0.096 0.135 0.152 0.091 0.124 0.115 0.134 0.123 0.123 0.127 0.204 0.120 0.138 0.122 0.127 0.112 0.128 0.137 0.127 0.126 0.113 0.136 0.092 0.151 0.135 0.130 0.111 0.123 0.095 0.143 0.099 0.121 0.122 0.156 0.106 0.135 0.129 0.093 0.138 0.145 
0.122 0.139 0.106 0.139 0.140 0.123 0.131 0.113 0.117 0.144 0.121 0.129 0.115 0.160 0.179 0.108 0.098 0.087 0.115 0.121 0.128 0.112 0.144 0.112 0.124 0.146 0.128 0.126 0.137 0.154 0.150 0.170 0.142 0.098 0.143 0.136 0.118 0.102 0.123 0.116 0.131 0.126 0.149 0.107 0.118 0.092 0.140 0.119 0.134 0.111 0.132 0.132 0.120 0.080 0.118 0.154 0.116 0.130 0.106 0.110 
0.133 0.117 0.102 0.104 0.113 0.142 0.118 0.137 0.104 0.124 0.115 0.146 0.128 0.145 0.152 0.123 0.104 0.119 0.087 0.093 0.145 0.103 0.127 0.112 0.105 0.120 0.149 0.081 0.144 0.111 0.124 0.109 0.164 0.113 0.138 0.111 0.095 0.098 0.124 0.112 0.111 0.124 0.148 0.121 0.135 0.120 0.089 0.111 0.119 0.124 0.107 0.103 0.087 0.144 0.097 0.104 0.120 0.109 0.106 0.061 
0.103 0.119 0.065 0.109 0.119 0.122 0.117 0.093 0.115 0.102 0.076 0.086 0.110 0.125 0.098 0.124 0.082 0.085 0.109 0.128 0.125 0.102 0.130 0.105 0.120 0.110 0.107 0.112 0.092 0.083 0.238 0.114 0.092 0.126 0.113 0.130 0.134 0.097 0.118 0.102 0.129 0.120 0.105 0.129 0.131 0.128 0.093 0.092 0.071 0.121 0.101 0.099 0.082 0.087 0.092 0.094 0.110 0.096 0.098 0.097 
0.092 0.102 0.098 0.102 0.112 0.113 0.132 0.116 0.099 0.093 0.093 0.109 0.102 0.146 0.149 0.116 0.094 0.132 0.107 0.101 0.102 0.049 0.114 0.111 0.092 0.096 0.104 0.097 0.100 0.072 0.095 0.108 0.070 0.116 0.110 0.147 0.124 0.108 0.117 0.130 0.072 0.131 0.131 0.118 0.124 0.052 0.091 0.099 0.079 0.096 0.108 0.101 0.095 0.069 0.093 0.096 0.104 0.092 0.109 0.120 
0.067 0.121 0.089 0.112 0.116 0.124 0.140 0.082 0.089 0.135 0.112 0.117 0.110 0.117 0.122 0.070 0.088 0.105 0.109 0.135 0.102 0.100 0.102 0.110 0.096 0.093 0.087 0.088 0.106 0.095 0.119 0.081 0.095 0.104 0.112 0.110 0.111 0.115 0.080 0.127 0.144 0.106 0.121 0.110 0.096 0.101 0.108 0.108 0.111 0.127 0.120 0.090 0.064 0.086 0.092 0.100 0.122 0.139 0.068 0.097 
0.094 0.096 0.076 0.089 0.094 0.089 0.086 0.101 0.072 0.108 0.111 0.115 0.085 0.119 0.100 0.087 0.105 0.085 0.095 0.078 0.079 0.070 0.091 -0.033 0.111 0.092 0.075 0.078 0.077 0.312 0.297 0.078 0.082 0.116 0.104 0.118 0.099 0.110 0.090 0.093 0.102 0.091 0.105 0.100 0.057 0.052 0.077 0.062 0.075 0.083 0.087 0.108 0.090 0.082 0.083 0.076 0.138 0.082 0.080 0.064 
0.062 0.058 0.063 0.065 0.066 0.076 0.060 0.051 0.046 0.054 0.055 0.053 0.050 0.055 0.054 0.059 0.067 0.060 0.063 0.057 0.066 0.071 0.032 0.065 0.071 0.065 0.075 0.055 0.045 0.062 0.068 0.048 0.039 0.051 0.045 0.027 0.065 0.056 0.068 0.069 0.049 0.051 0.062 0.044 0.051 0.050 0.046 0.063 0.059 0.036 0.035 0.059 0.071 0.029 0.041 0.063 0.064 0.052 0.067 0.066 
0.068 0.061 0.029 0.052 0.056 0.061 0.049 0.053 0.054 0.051 0.036 0.027 0.049 0.044 0.063 0.052 0.046 0.049 0.047 0.063 0.049 0.052 0.049 0.039 0.632 0.379 0.337 0.340 0.333 0.347 0.350 0.360 0.640 0.614 0.625 0.615 0.582 0.564 0.552 0.593 0.648 0.739 0.722 0.557 0.524 0.438 0.388 0.395 0.381 0.669 0.644 0.650 0.576 0.624 0.603 0.611 0.607 0.620 0.705 0.526 
0.038 0.044 0.004 0.045 0.044 0.042 0.048 0.035 0.043 0.043 0.021 0.033 0.040 0.063 0.079 0.064 0.053 0.044 0.050 0.045 0.032 0.045 0.036 0.040 0.042 0.044 0.042 0.035 0.012 0.042 0.049 0.043 0.039 0.020 0.051 0.034 0.012 0.017 0.015 0.007 0.046 0.038 0.045 0.044 0.060 0.045 0.009 0.355 0.496 0.349 0.086 0.034 0.032 0.006 0.014 0.076 0.051 0.023 0.043 0.043 
