0.091 0.102 0.074 0.115 0.099 0.099 0.117 0.074 0.115 0.103 0.118 0.073 0.115 0.098 0.080 0.116 0.105 0.072 0.101 0.091 0.106 0.094 0.075 0.101 0.113 0.102 0.097 0.077 0.097 0.108 0.093 0.094 0.107 0.104 0.071 0.091 0.095 0.107 0.095 0.101 0.078 0.092 0.101 0.091 0.121 0.081 0.099 0.097 0.087 0.093 0.093 0.096 0.065 0.082 0.112 0.085 0.092 0.065 0.086 0.088 
0.084 0.097 0.089 0.105 0.096 0.075 0.102 0.092 0.107 0.096 0.096 0.099 0.055 0.066 0.106 0.109 0.099 0.066 0.090 0.098 0.086 0.098 0.101 0.065 0.119 0.100 0.098 0.096 0.099 0.059 0.103 0.095 0.080 0.072 0.093 0.098 0.070 0.101 0.106 0.098 0.098 0.057 0.093 0.100 0.114 0.103 0.106 0.073 0.090 0.098 0.108 0.097 0.102 0.074 0.100 0.067 0.089 0.101 0.087 0.092 
0.093 0.086 0.102 0.072 0.113 0.098 0.101 0.108 0.095 0.093 0.101 0.104 0.075 0.093 0.061 0.074 0.101 0.063 0.103 0.098 0.103 0.103 0.063 0.097 0.095 0.105 0.088 0.107 0.095 0.093 0.065 0.058 0.098 0.098 0.100 0.112 0.121 0.102 0.070 0.105 0.103 0.098 0.094 0.090 0.106 0.079 0.097 0.104 0.058 0.086 0.083 0.085 0.098 0.093 0.102 0.080 0.089 0.093 0.080 0.092 
0.061 0.086 0.094 0.106 0.096 0.113 0.062 0.100 0.100 0.093 0.100 0.099 0.095 0.099 0.072 0.106 0.106 0.100 0.088 0.090 0.064 0.096 0.099 0.095 0.064 0.090 0.087 0.092 0.093 0.074 0.076 0.094 0.090 0.076 0.103 0.080 0.107 0.100 0.104 0.092 0.078 0.103 0.095 0.089 0.098 0.117 0.072 0.103 0.061 0.097 0.101 0.100 0.095 0.090 0.076 0.093 0.099 0.092 0.087 0.095 
0.083 0.097 0.059 0.105 0.100 0.097 0.098 0.104 0.072 0.080 0.126 0.097 0.071 0.099 0.108 0.114 0.105 0.065 0.107 0.089 0.105 0.107 0.097 0.064 0.102 0.101 0.094 0.089 0.074 0.091 0.092 0.105 0.064 0.103 0.095 0.079 0.099 0.101 0.108 0.109 0.107 0.101 0.081 0.104 0.096 0.131 0.097 0.080 0.076 0.064 0.096 0.092 0.107 0.101 0.092 0.095 0.094 0.065 0.090 0.093 
0.090 0.089 0.066 0.104 0.094 0.099 0.092 0.081 0.077 0.107 0.067 0.098 0.095 0.112 0.071 0.122 0.131 0.079 0.091 0.116 0.085 0.066 0.106 0.087 0.103 0.090 0.060 0.107 0.092 0.095 0.058 0.100 0.094 0.092 0.099 0.115 0.106 0.105 0.074 0.091 0.105 0.112 0.066 0.071 0.071 0.125 0.118 0.072 0.106 0.093 0.094 0.091 0.070 0.092 0.100 0.102 0.097 0.102 0.096 0.091 
0.067 0.092 0.105 0.073 0.096 0.110 0.099 0.075 0.111 0.091 0.117 0.080 0.111 0.104 0.110 0.079 0.113 0.117 0.099 0.102 0.102 0.099 0.074 0.066 0.110 0.100 0.100 0.117 0.095 0.135 0.102 0.081 0.060 0.107 0.069 0.100 0.127 0.102 0.101 0.098 0.095 0.097 0.094 0.099 0.111 0.109 0.104 0.068 0.089 0.102 0.095 0.100 0.068 0.096 0.106 0.096 0.088 0.099 0.100 0.094 
0.092 0.093 0.115 0.103 0.110 0.098 0.099 0.095 0.112 0.070 0.108 0.099 0.103 0.064 0.100 0.115 0.110 0.073 0.079 0.087 0.098 0.095 0.074 0.095 0.104 0.095 0.098 0.102 0.063 0.097 0.096 0.098 0.099 0.094 0.118 0.086 0.098 0.109 0.089 0.091 0.072 0.099 0.096 0.146 0.127 0.067 0.107 0.108 0.100 0.110 0.066 0.101 0.097 0.096 0.091 0.094 0.074 0.072 0.104 0.094 
0.098 0.094 0.060 0.101 0.098 0.110 0.100 0.063 0.103 0.104 0.113 0.106 0.092 0.069 0.099 0.111 0.110 0.087 0.074 0.102 0.094 0.101 0.077 0.104 0.110 0.104 0.067 0.113 0.115 0.115 0.109 0.098 0.066 0.104 0.111 0.084 0.104 0.111 0.057 0.111 0.099 0.106 0.109 0.090 0.099 0.076 0.109 0.112 0.108 0.117 0.069 0.103 0.091 0.099 0.082 0.060 0.094 0.093 0.097 0.098 
0.083 0.069 0.094 0.111 0.086 0.138 0.102 0.101 0.101 0.070 0.101 0.094 0.088 0.095 0.063 0.108 0.080 0.098 0.101 0.095 0.102 0.070 0.101 0.097 0.090 0.106 0.067 0.275 0.153 0.155 0.158 0.133 0.140 0.168 0.156 0.140 0.159 0.160 0.150 0.169 0.128 0.165 0.132 0.161 0.183 0.167 0.174 0.195 0.143 0.179 0.145 0.154 0.180 0.198 0.169 0.141 0.150 0.150 0.149 0.140 
0.170 0.116 0.161 0.160 0.145 0.158 0.152 0.136 0.145 0.175 0.165 0.157 0.132 0.165 0.170 0.160 0.173 0.177 0.151 0.154 0.161 0.135 0.142 0.124 0.160 0.202 0.162 0.193 0.112 0.142 0.152 0.137 0.158 0.153 0.189 0.216 0.145 0.180 0.201 0.156 0.138 0.166 0.165 0.162 0.155 0.198 0.160 0.199 0.166 0.167 0.141 0.160 0.179 0.145 0.171 0.170 0.159 0.146 0.144 0.179 
0.170 0.164 0.171 0.154 0.154 0.165 0.195 0.176 0.177 0.167 0.149 0.157 0.182 0.173 0.158 0.185 0.200 0.205 0.175 0.128 0.161 0.156 0.181 0.152 0.191 0.121 0.159 0.161 0.141 0.144 0.146 0.164 0.329 0.138 0.157 0.194 0.162 0.191 0.135 0.163 0.175 0.159 0.156 0.150 0.149 0.175 0.166 0.146 0.167 0.159 0.160 0.160 0.118 0.163 0.148 0.164 0.146 0.163 0.153 0.151 
0.133 0.144 0.121 0.181 0.152 0.163 0.161 0.160 0.141 0.138 0.181 0.152 0.135 0.157 0.142 0.169 0.173 0.158 0.170 0.144 0.169 0.118 0.142 0.155 0.176 0.152 0.152 0.139 0.157 0.149 0.113 0.150 0.159 0.181 0.165 0.164 0.158 0.167 0.136 0.171 0.156 0.156 0.165 0.152 0.156 0.125 0.156 0.150 0.172 0.166 0.180 0.156 0.189 0.128 0.209 0.150 0.180 0.163 0.163 0.122 
0.143 0.156 0.178 0.166 0.158 0.173 0.134 0.183 0.177 0.160 0.159 0.177 0.147 0.151 0.203 0.169 0.156 0.180 0.179 0.155 0.156 0.168 0.153 0.144 0.158 0.134 0.113 0.151 0.176 0.139 0.141 0.168 0.149 0.164 0.126 0.179 0.156 0.175 0.176 0.133 0.179 0.154 0.178 0.161 0.146 0.173 0.151 0.167 0.145 0.131 0.151 0.139 0.153 0.169 0.156 0.140 0.100 0.137 0.151 0.141 
0.132 0.135 0.138 0.134 0.149 0.122 0.154 0.192 0.164 0.187 0.138 0.161 0.163 0.171 0.148 0.168 0.156 0.141 0.150 0.172 0.142 0.149 0.145 0.150 0.143 0.024 0.127 0.132 0.137 0.135 0.149 0.195 0.154 0.097 0.126 0.173 0.146 0.152 0.163 0.160 0.134 0.142 0.106 0.114 0.129 0.150 0.146 0.152 0.142 0.116 0.132 0.139 0.136 0.132 0.150 0.135 0.137 0.139 0.104 0.126 
0.118 0.126 0.118 0.101 0.101 0.114 0.122 0.125 0.145 0.117 0.135 0.161 0.130 0.143 0.146 0.142 0.146 0.131 0.122 0.106 0.127 0.117 0.126 0.124 0.098 0.088 0.145 0.118 0.116 0.120 0.120 0.110 0.092 0.103 0.132 0.111 0.107 0.106 0.132 0.113 0.126 0.115 0.074 0.115 0.117 0.105 0.070 0.114 0.101 0.114 0.108 0.100 0.107 0.095 0.104 0.103 0.100 0.114 0.100 0.108 
0.106 0.092 0.069 0.107 0.102 0.106 0.100 0.152 0.115 0.094 0.120 0.111 0.103 0.102 0.115 0.114 0.101 0.103 0.102 0.102 0.114 0.091 0.075 0.100 0.104 0.103 0.730 0.704 0.723 0.624 0.761 0.771 0.589 0.483 0.464 0.461 0.442 0.746 0.657 0.671 0.671 0.662 0.790 0.509 0.101 0.061 0.098 0.090 0.098 0.098 0.084 0.081 0.059 0.098 0.095 0.093 0.096 0.093 0.107 0.097 
0.087 0.062 0.093 0.096 0.094 0.088 0.096 0.089 0.096 0.094 0.092 0.104 0.076 0.105 0.108 0.096 0.100 0.069 0.095 0.100 0.095 0.104 0.102 0.112 0.130 0.097 0.110 0.098 0.105 0.109 0.097 0.112 0.105 0.077 0.078 0.099 0.106 0.114 0.115 0.126 0.105 0.103 0.092 0.074 0.071 0.059 0.082 0.125 0.634 0.471 0.288 0.089 0.096 0.098 0.092 0.104 0.110 0.104 0.118 0.100 
0.106 0.122 0.101 0.108 0.114 0.101 0.098 0.092 0.095 0.058 0.102 0.110 0.107 0.072 0.100 0.079 0.114 0.094 0.104 0.093 0.098 0.095 0.090 0.095 0.090 0.153 0.151 0.155 0.169 0.113 0.203 0.167 0.159 0.161 0.118 0.141 0.134 0.167 0.176 0.179 0.195 0.203 0.186 0.135 0.172 0.165 0.184 0.164 0.168 0.167 0.165 0.132 0.149 0.168 0.211 0.184 0.168 0.161 0.170 0.168 
0.142 0.158 0.162 0.144 0.162 0.191 0.187 0.161 0.201 0.185 0.151 0.138 0.136 0.161 0.169 0.154 0.177 0.161 0.151 0.168 0.159 0.177 0.143 0.150 0.162 0.158 0.180 0.165 0.152 0.152 0.168 0.134 0.151 0.157 0.124 0.166 0.166 0.166 0.160 0.163 0.179 0.167 0.189 0.192 0.186 0.200 0.162 0.174 0.164 0.159 0.160 0.134 0.119 0.151 0.155 0.146 0.153 0.157 0.166 0.146 
0.141 0.135 0.173 0.161 0.165 0.176 0.176 0.181 0.136 0.161 0.149 0.149 0.143 0.158 0.185 0.156 0.148 0.161 0.155 0.145 0.145 0.148 0.140 0.154 0.027 0.158 0.140 0.125 0.171 0.172 0.180 0.124 0.090 0.143 0.140 0.137 0.146 0.148 0.144 0.127 0.152 0.160 0.122 0.152 0.155 0.151 0.148 0.146 0.177 0.097 0.099 0.091 0.111 0.112 0.109 0.101 0.066 0.102 0.100 0.093 
0.096 0.100 0.097 0.100 0.093 0.094 0.094 0.100 0.094 0.105 0.068 0.083 0.071 0.092 0.092 0.097 0.090 0.093 0.092 0.096 0.095 0.090 0.101 0.093 0.099 0.095 0.095 0.096 0.094 0.060 0.102 0.096 0.100 0.093 0.070 0.077 0.086 0.098 0.091 0.096 0.098 0.093 0.107 0.119 0.126 0.059 0.108 0.091 0.100 0.104 0.096 0.087 0.091 0.093 0.093 0.086 0.075 0.091 0.098 0.088 
0.093 0.095 0.086 0.096 0.093 0.096 0.094 0.082 0.091 0.090 0.085 0.093 0.087 0.060 0.093 0.093 0.096 0.090 0.075 0.082 0.090 0.107 0.096 0.104 0.096 0.633 0.432 0.362 0.339 0.356 0.372 0.686 0.651 0.669 0.586 0.660 0.818 0.634 0.529 0.414 0.395 0.415 0.581 0.638 0.683 0.634 0.628 0.746 0.652 0.095 0.092 0.084 0.093 0.059 0.095 0.091 0.087 0.084 0.058 0.092 
0.091 0.087 0.116 0.087 0.090 0.091 0.089 0.092 0.087 0.061 0.093 0.085 0.095 0.090 0.096 0.098 0.090 0.099 0.091 0.095 0.070 0.083 0.095 0.088 0.093 0.090 0.094 0.094 0.088 0.094 0.088 0.060 0.092 0.084 0.096 0.088 0.098 0.099 0.090 0.060 0.086 0.085 0.068 0.086 0.067 0.110 0.415 0.494 0.367 0.098 0.061 0.068 0.056 0.064 0.056 0.069 0.095 0.054 0.099 0.092 
