0.281 0.312 0.263 0.278 0.277 0.250 0.289 0.281 0.264 0.255 0.270 0.268 0.259 0.226 0.239 0.264 0.246 0.278 0.271 0.207 0.234 0.247 0.214 0.272 0.305 0.252 0.208 0.239 0.224 0.251 0.284 0.235 0.274 0.237 0.249 0.254 0.234 0.254 0.294 0.261 0.264 0.282 0.230 0.232 0.252 0.223 0.247 0.263 0.223 0.240 0.257 0.237 0.265 0.288 0.236 0.261 0.221 0.250 0.245 0.262 
0.252 0.230 0.250 0.271 0.240 0.262 0.260 0.223 0.265 0.240 0.270 0.216 0.237 0.247 0.274 0.221 0.287 0.284 0.236 0.264 0.226 0.249 0.259 0.244 0.243 0.242 0.223 0.270 0.232 0.247 0.238 0.249 0.248 0.248 0.238 0.246 0.224 0.226 0.266 0.251 0.254 0.213 0.228 0.227 0.267 0.262 0.243 0.294 0.284 0.281 0.243 0.253 0.279 0.271 0.243 0.207 0.252 0.228 0.263 0.270 
0.239 0.254 0.231 0.264 0.254 0.269 0.227 0.265 0.254 0.225 0.233 0.251 0.215 0.254 0.263 0.285 0.223 0.232 0.267 0.247 0.251 0.259 0.246 0.302 0.260 0.255 0.232 0.261 0.235 0.253 0.219 0.236 0.307 0.244 0.226 0.238 0.241 0.270 0.248 0.288 0.243 0.246 0.256 0.269 0.244 0.274 0.220 0.236 0.233 0.247 0.242 0.241 0.264 0.325 0.329 0.274 0.259 0.241 0.245 0.265 
0.255 0.212 0.272 0.266 0.264 0.285 0.248 0.268 0.238 0.264 0.274 0.264 0.249 0.220 0.258 0.270 0.243 0.258 0.280 0.254 0.246 0.250 0.230 0.265 0.253 0.201 0.260 0.202 0.244 0.240 0.266 0.224 0.270 0.267 0.259 0.252 0.253 0.256 0.287 0.269 0.239 0.243 0.235 0.214 0.256 0.224 0.249 0.269 0.245 0.262 0.249 0.279 0.230 0.274 0.248 0.205 0.286 0.262 0.354 0.383 
0.361 0.373 0.412 0.344 0.358 0.350 0.333 0.340 0.313 0.308 0.287 0.306 0.302 0.286 0.310 0.275 0.340 0.375 0.386 0.387 0.394 0.354 0.332 0.339 0.339 0.326 0.249 0.282 0.271 0.287 0.322 0.312 0.239 0.244 0.269 0.297 0.286 0.227 0.281 0.279 0.248 0.220 0.258 0.260 0.227 0.245 0.238 0.289 0.275 0.249 0.235 0.232 0.250 0.268 0.247 0.258 0.266 0.239 0.226 0.261 
0.255 0.239 0.307 0.277 0.222 0.263 0.226 0.398 0.311 0.291 0.301 0.250 0.241 0.264 0.284 0.261 0.228 0.292 0.279 0.214 0.272 0.264 0.275 0.353 0.266 0.238 0.278 0.252 0.317 0.306 0.302 0.315 0.259 0.286 0.260 0.263 0.293 0.266 0.316 0.323 0.307 0.253 0.281 0.222 0.307 0.320 0.354 0.321 0.264 0.305 0.292 0.289 0.298 0.326 0.262 0.248 0.277 0.231 0.274 0.334 
0.264 0.235 0.281 0.289 0.314 0.340 0.258 0.264 0.268 0.333 0.329 0.249 0.286 0.293 0.306 0.304 0.312 0.352 0.245 0.258 0.322 0.310 0.285 0.300 0.307 0.335 0.270 0.342 0.342 0.364 0.304 0.331 0.281 0.334 0.238 0.250 0.283 0.300 0.337 0.383 0.354 0.310 0.265 0.293 0.254 0.332 0.256 0.342 0.292 0.302 0.333 0.289 0.288 0.323 0.340 0.318 0.313 0.310 0.307 0.360 
0.282 0.271 0.342 0.318 0.282 0.236 0.275 0.308 0.376 0.323 0.309 0.269 0.315 0.334 0.315 0.354 0.258 0.294 0.294 0.357 0.285 0.312 0.277 0.236 0.251 0.284 0.298 0.299 0.298 0.362 0.269 0.309 0.340 0.340 0.295 0.297 0.250 0.290 0.273 0.343 0.278 0.297 0.278 0.314 0.294 0.288 0.300 0.345 0.275 0.297 0.309 0.321 0.229 0.374 0.349 0.284 0.275 0.311 0.289 0.311 
0.277 0.310 0.309 0.298 0.294 0.316 0.262 0.293 0.314 0.354 0.289 0.325 0.269 0.235 0.265 0.292 0.275 0.365 0.337 0.315 0.258 0.281 0.295 0.292 0.304 0.285 0.315 0.251 0.277 0.277 0.296 0.272 0.297 0.291 0.274 0.316 0.254 0.310 0.322 0.395 0.294 0.280 0.337 0.302 0.290 0.300 0.260 0.317 0.273 0.289 0.274 0.294 0.293 0.263 0.292 0.288 0.384 0.359 0.317 0.315 
0.319 0.271 0.330 0.268 0.283 0.289 0.251 0.284 0.275 0.309 0.281 0.266 0.291 0.289 0.264 0.312 0.359 0.315 0.286 0.264 0.338 0.279 0.264 0.285 0.286 0.302 0.342 0.324 0.288 0.337 0.254 0.290 0.340 0.315 0.272 0.288 0.408 0.298 0.359 0.328 0.312 0.339 0.358 0.315 0.294 0.336 0.310 0.308 0.360 0.285 0.290 0.282 0.241 0.274 0.278 0.277 0.290 0.226 0.252 0.262 
0.290 0.289 0.297 0.305 0.261 0.224 0.265 0.282 0.314 0.282 0.240 0.263 0.252 0.286 0.270 0.222 0.258 0.264 0.265 0.295 0.229 0.247 0.277 0.278 0.249 0.261 0.325 0.247 0.246 0.255 0.321 0.281 0.294 0.273 0.277 0.263 0.327 0.303 0.281 0.327 0.248 0.278 0.322 0.233 0.298 0.267 0.234 0.301 0.247 0.258 0.277 0.261 0.234 0.232 0.309 0.411 0.264 0.272 0.293 0.267 
0.266 0.275 0.253 0.281 0.219 0.281 0.234 0.278 0.330 0.256 0.252 0.243 0.235 0.268 0.275 0.261 0.252 0.269 0.249 0.258 0.296 0.215 0.243 0.296 0.249 0.264 0.235 0.275 0.258 0.269 0.283 0.290 0.281 0.239 0.243 0.264 0.249 0.269 0.315 0.288 0.295 0.210 0.215 0.257 0.249 0.239 0.253 0.239 0.257 0.240 0.214 0.186 0.199 0.191 0.196 0.180 0.191 0.154 0.188 0.193 
0.186 0.164 0.199 0.168 0.199 0.193 0.196 0.193 0.156 0.224 0.185 0.192 0.155 0.197 0.187 0.201 0.190 0.192 0.164 0.169 0.215 0.198 0.181 0.191 0.149 0.190 0.193 0.179 0.187 0.189 0.197 0.154 0.195 0.189 0.189 0.196 0.193 0.168 0.189 0.173 0.193 0.193 0.194 0.196 0.157 0.195 0.181 0.195 0.183 0.193 0.207 0.175 0.188 0.192 0.190 0.181 0.171 0.198 0.184 0.167 
0.189 0.195 0.193 0.204 0.157 0.222 0.205 0.191 0.203 0.201 0.159 0.194 0.185 0.186 0.188 0.196 0.179 0.196 0.179 0.173 0.187 0.196 0.187 0.188 0.184 0.149 0.191 0.193 0.192 0.189 0.198 0.192 0.151 0.192 0.199 0.186 0.190 0.183 0.202 0.174 0.154 0.185 0.190 0.186 0.184 0.186 0.193 0.193 0.114 0.203 0.190 0.179 0.188 0.179 0.225 0.195 0.152 0.183 0.170 0.186 
0.184 0.197 0.196 0.191 0.189 0.149 0.189 0.188 0.185 0.193 0.193 0.191 0.179 0.188 0.188 0.192 0.196 0.152 0.198 0.168 0.182 0.191 0.178 0.185 0.181 0.180 0.183 0.180 0.183 0.151 0.190 0.189 0.179 0.183 0.179 0.188 0.183 0.188 0.180 0.177 0.184 0.171 0.162 0.184 0.151 0.185 0.179 0.187 0.183 0.194 0.190 0.179 0.188 0.184 0.180 0.192 0.151 0.188 0.188 0.178 
0.191 0.181 0.192 0.148 0.194 0.184 0.186 0.178 0.184 0.149 0.180 0.185 0.186 0.175 0.181 0.179 0.184 0.184 0.179 0.185 0.179 0.185 0.185 0.186 0.192 0.151 0.156 0.192 0.178 0.183 0.177 0.188 0.175 0.182 0.185 0.184 0.185 0.179 0.184 0.182 0.180 0.188 0.197 0.179 0.153 0.181 0.187 0.158 0.181 0.731 0.460 0.477 0.461 0.462 0.477 0.453 0.480 0.629 0.811 0.761 
0.745 0.753 0.704 0.684 0.717 0.681 0.731 0.849 0.859 0.661 0.615 0.545 0.489 0.464 0.447 0.464 0.788 0.664 0.744 0.697 0.706 0.702 0.679 0.668 0.707 0.856 0.670 0.183 0.146 0.151 0.177 0.185 0.186 0.177 0.187 0.152 0.188 0.185 0.180 0.185 0.178 0.186 0.181 0.146 0.184 0.179 0.186 0.179 0.155 0.191 0.178 0.151 0.180 0.181 0.183 0.178 0.185 0.182 0.185 0.180 
0.187 0.187 0.182 0.186 0.181 0.187 0.189 0.149 0.152 0.161 0.153 0.184 0.220 0.689 0.593 0.443 0.186 0.197 0.212 0.182 0.184 0.151 0.187 0.187 0.180 0.185 0.179 0.186 0.160 0.152 0.197 0.187 0.188 0.180 0.189 0.195 0.181 0.186 0.180 0.184 0.186 0.148 0.187 0.148 0.185 0.179 0.187 0.186 0.167 0.171 0.185 0.182 0.182 0.180 0.178 0.181 0.181 0.181 0.189 0.196 
0.189 0.185 0.185 0.184 0.177 0.180 0.179 0.182 0.154 0.180 0.181 0.149 0.177 0.180 0.183 0.181 0.184 0.148 0.182 0.150 0.147 0.181 0.180 0.149 0.185 0.152 0.182 0.152 0.157 0.181 0.150 0.192 0.150 0.153 0.161 0.190 0.159 0.183 0.188 0.152 0.155 0.179 0.156 0.190 0.181 0.188 0.157 0.161 0.190 0.162 0.149 0.156 0.182 0.187 0.182 0.191 0.152 0.190 0.149 0.191 
0.157 0.167 0.184 0.196 0.151 0.164 0.193 0.154 0.163 0.155 0.194 0.186 0.188 0.159 0.158 0.160 0.203 0.156 0.196 0.158 0.162 0.191 0.164 0.156 0.192 0.163 0.166 0.179 0.152 0.195 0.157 0.215 0.163 0.170 0.155 0.163 0.159 0.203 0.160 0.164 0.161 0.169 0.192 0.194 0.165 0.198 0.182 0.212 0.174 0.176 0.189 0.180 0.169 0.196 0.175 0.211 0.205 0.200 0.210 0.200 
0.179 0.247 0.216 0.216 0.176 0.208 0.195 0.208 0.221 0.166 0.167 0.192 0.205 0.209 0.199 0.209 0.235 0.230 0.185 0.233 0.213 0.202 0.198 0.198 0.177 0.208 0.200 0.210 0.199 0.210 0.174 0.215 0.224 0.198 0.204 0.202 0.173 0.212 0.214 0.212 0.210 0.210 0.171 0.216 0.211 0.206 0.265 0.187 0.210 0.187 0.231 0.227 0.216 0.187 0.208 0.223 0.221 0.177 0.231 0.232 
0.190 0.210 0.218 0.208 0.225 0.180 0.190 0.245 0.214 0.189 0.219 0.208 0.218 0.172 0.221 0.216 0.235 0.199 0.217 0.213 0.205 0.181 0.210 0.226 0.197 0.202 0.228 0.191 0.223 0.222 0.177 0.218 0.222 0.224 0.205 0.217 0.192 0.232 0.227 0.217 0.198 0.220 0.201 0.191 0.219 0.192 0.225 0.223 0.181 0.222 0.226 0.211 0.213 0.178 0.230 0.216 0.207 0.230 0.180 0.218 
0.217 0.190 0.205 0.213 0.180 0.210 0.224 0.202 0.210 0.214 0.211 0.200 0.211 0.216 0.220 0.211 0.207 0.230 0.217 0.247 0.197 0.230 0.185 0.249 0.206 0.194 0.223 0.211 0.222 0.199 0.216 0.223 0.226 0.226 0.186 0.213 0.205 0.218 0.211 0.211 0.195 0.221 0.227 0.186 0.218 0.221 0.233 0.211 0.215 0.232 0.216 0.184 0.221 0.221 0.223 0.188 0.230 0.211 0.216 0.219 
0.187 0.229 0.234 0.185 0.210 0.220 0.228 0.220 0.200 0.211 0.214 0.221 0.180 0.221 0.189 0.227 0.231 0.198 0.239 0.187 0.237 0.222 0.231 0.207 0.223 0.217 0.212 0.214 0.218 0.225 0.231 0.238 0.225 0.201 0.200 0.209 0.216 0.223 0.264 0.229 0.225 0.232 0.210 0.190 0.182 0.229 0.224 0.223 0.231 0.231 0.228 0.187 0.198 0.224 0.222 0.189 0.217 0.217 0.226 0.190 
