0.429 0.333 0.305 0.308 0.349 0.356 0.300 0.301 0.333 0.300 0.278 0.274 0.322 0.397 0.399 0.388 0.350 0.315 0.282 0.321 0.347 0.348 0.331 0.305 0.324 0.352 0.399 0.427 0.446 0.421 0.406 0.413 0.412 0.408 0.382 0.378 0.416 0.379 0.305 0.353 0.391 0.410 0.390 0.352 0.327 0.336 0.413 0.435 0.430 0.358 0.298 0.260 0.295 0.365 0.299 0.270 0.314 0.301 0.261 0.354 
0.403 0.363 0.363 0.381 0.388 0.399 0.416 0.401 0.370 0.383 0.407 0.451 0.459 0.448 0.358 0.298 0.299 0.281 0.252 0.350 0.407 0.384 0.370 0.359 0.323 0.300 0.303 0.279 0.242 0.260 0.275 0.284 0.306 0.335 0.438 0.486 0.424 0.372 0.325 0.440 0.490 0.411 0.367 0.341 0.347 0.363 0.396 0.405 0.401 0.401 0.378 0.308 0.257 0.217 0.255 0.293 0.328 0.313 0.272 0.347 
0.388 0.361 0.357 0.365 0.408 0.424 0.384 0.327 0.260 0.324 0.353 0.311 0.304 0.314 0.340 0.341 0.293 0.284 0.294 0.271 0.259 0.268 0.264 0.255 0.258 0.247 0.210 0.254 0.337 0.299 0.285 0.317 0.304 0.269 0.215 0.187 0.210 0.256 0.314 0.359 0.372 0.317 0.300 0.301 0.237 0.205 0.235 0.250 0.258 0.280 0.290 0.273 0.306 0.364 0.329 0.298 0.275 0.268 0.269 0.330 
0.348 0.283 0.258 0.254 0.255 0.250 0.232 0.228 0.231 0.242 0.234 0.190 0.196 0.226 0.293 0.335 0.331 0.284 0.215 0.233 0.244 0.240 0.228 0.211 0.213 0.244 0.337 0.325 0.260 0.267 0.257 0.212 0.214 0.238 0.217 0.198 0.181 0.193 0.220 0.255 0.275 0.266 0.297 0.347 0.262 0.206 0.207 0.203 0.196 0.200 0.198 0.183 0.176 0.172 0.230 0.264 0.251 0.212 0.161 0.194 
0.232 0.276 0.252 0.193 0.198 0.194 0.175 0.150 0.123 0.203 0.257 0.254 0.296 0.360 0.300 0.244 0.198 0.177 0.170 0.282 0.340 0.289 0.282 0.296 0.233 0.198 0.215 0.239 0.267 0.229 0.195 0.167 0.176 0.203 0.190 0.187 0.209 0.210 0.200 0.221 0.242 0.262 0.234 0.184 0.207 0.219 0.210 0.208 0.209 0.224 0.228 0.211 0.207 0.209 0.171 0.149 0.161 0.166 0.168 0.173 
0.182 0.196 0.209 0.220 0.179 0.150 0.142 0.148 0.162 0.164 0.188 0.257 0.283 0.289 0.173 0.115 0.173 0.195 0.200 0.253 0.265 0.196 0.178 0.184 0.162 0.141 0.121 0.119 0.125 0.161 0.168 0.116 0.129 0.174 0.176 0.180 0.187 0.181 0.169 0.155 0.148 0.156 0.158 0.157 0.145 0.141 0.152 0.149 0.138 0.119 0.110 0.120 0.123 0.124 0.131 0.136 0.138 0.136 0.132 0.183 
0.208 0.182 0.143 0.098 0.133 0.158 0.163 0.159 0.150 0.151 0.148 0.135 0.126 0.118 0.147 0.174 0.201 0.220 0.236 0.189 0.147 0.114 0.110 0.121 0.117 0.126 0.158 0.166 0.162 0.189 0.201 0.182 0.150 0.112 0.131 0.145 0.150 0.169 0.196 0.170 0.142 0.110 0.122 0.157 0.136 0.140 0.190 0.198 0.184 0.166 0.149 0.133 0.160 0.209 0.168 0.137 0.121 0.125 0.138 0.149 
0.164 0.186 0.183 0.168 0.153 0.143 0.144 0.150 0.159 0.182 0.186 0.148 0.139 0.144 0.148 0.167 0.216 0.200 0.152 0.196 0.202 0.134 0.111 0.111 0.109 0.114 0.136 0.146 0.151 0.160 0.160 0.141 0.163 0.205 0.191 0.187 0.203 0.192 0.166 0.214 0.241 0.224 0.209 0.196 0.197 0.194 0.183 0.174 0.166 0.176 0.180 0.174 0.168 0.163 0.146 0.150 0.196 0.217 0.225 0.220 
0.215 0.209 0.200 0.191 0.187 0.189 0.206 0.215 0.220 0.197 0.216 0.317 0.359 0.371 0.354 0.311 0.215 0.211 0.252 0.216 0.189 0.180 0.229 0.307 0.287 0.282 0.308 0.295 0.264 0.217 0.180 0.165 0.181 0.213 0.193 0.180 0.184 0.186 0.186 0.257 0.306 0.309 0.257 0.177 0.170 0.168 0.177 0.198 0.225 0.277 0.306 0.289 0.248 0.195 0.248 0.275 0.248 0.252 0.271 0.267 
0.261 0.252 0.245 0.239 0.239 0.233 0.215 0.209 0.210 0.223 0.234 0.239 0.248 0.260 0.290 0.302 0.276 0.266 0.263 0.235 0.229 0.269 0.257 0.221 0.266 0.298 0.307 0.306 0.301 0.260 0.241 0.268 0.279 0.281 0.234 0.229 0.311 0.318 0.286 0.367 0.427 0.446 0.422 0.375 0.334 0.320 0.358 0.315 0.231 0.253 0.288 0.351 0.350 0.318 0.307 0.301 0.305 0.313 0.323 0.278 
0.252 0.262 0.264 0.262 0.293 0.305 0.279 0.241 0.197 0.221 0.243 0.258 0.353 0.488 0.443 0.392 0.329 0.310 0.312 0.307 0.292 0.257 0.282 0.336 0.321 0.309 0.303 0.325 0.363 0.359 0.354 0.349 0.303 0.237 0.204 0.212 0.302 0.321 0.305 0.340 0.351 0.310 0.286 0.269 0.298 0.304 0.265 0.284 0.332 0.285 0.258 0.268 0.322 0.396 0.386 0.406 0.486 0.421 0.283 0.311 
0.319 0.288 0.280 0.283 0.258 0.246 0.262 0.311 0.376 0.353 0.343 0.356 0.330 0.283 0.321 0.329 0.276 0.277 0.306 0.342 0.392 0.473 0.424 0.309 0.283 0.269 0.276 0.308 0.351 0.308 0.284 0.301 0.270 0.214 0.265 0.327 0.408 0.423 0.406 0.391 0.398 0.448 0.411 0.330 0.318 0.309 0.301 0.312 0.333 0.449 0.510 0.465 0.361 0.229 0.258 0.291 0.331 0.336 0.323 0.334 
0.325 0.277 0.265 0.271 0.303 0.315 0.286 0.326 0.401 0.376 0.337 0.273 0.300 0.374 0.354 0.338 0.326 0.344 0.376 0.392 0.388 0.344 0.326 0.322 0.362 0.392 0.398 0.367 0.318 0.329 0.338 0.345 0.297 0.221 0.282 0.328 0.348 0.328 0.288 0.306 0.333 0.378 0.393 0.393 0.450 0.477 0.445 0.364 0.257 0.306 0.354 0.402 0.370 0.296 0.345 0.366 0.333 0.303 0.274 0.298 
0.316 0.321 0.349 0.389 0.407 0.415 0.402 0.375 0.340 0.331 0.314 0.284 0.306 0.354 0.367 0.365 0.336 0.327 0.329 0.351 0.369 0.380 0.362 0.330 0.310 0.318 0.381 0.371 0.323 0.304 0.298 0.319 0.297 0.254 0.302 0.324 0.290 0.308 0.352 0.313 0.293 0.309 0.330 0.352 0.364 0.366 0.349 0.353 0.367 0.398 0.400 0.344 0.361 0.415 0.432 0.449 0.466 0.501 0.545 0.457 
0.391 0.365 0.359 0.362 0.369 0.370 0.357 0.382 0.425 0.368 0.347 0.397 0.429 0.452 0.422 0.403 0.408 0.426 0.450 0.428 0.402 0.368 0.341 0.316 0.370 0.392 0.349 0.350 0.373 0.456 0.514 0.521 0.467 0.382 0.374 0.376 0.400 0.413 0.420 0.411 0.421 0.472 0.459 0.413 0.384 0.376 0.414 0.409 0.383 0.462 0.506 0.482 0.453 0.421 0.468 0.489 0.455 0.444 0.444 0.388 
0.385 0.486 0.501 0.473 0.466 0.475 0.516 0.451 0.334 0.375 0.407 0.419 0.448 0.485 0.512 0.509 0.448 0.406 0.375 0.367 0.388 0.469 0.451 0.385 0.409 0.446 0.508 0.466 0.371 0.452 0.490 0.443 0.448 0.479 0.478 0.471 0.455 0.473 0.508 0.463 0.443 0.473 0.483 0.484 0.497 0.510 0.523 0.465 0.371 0.464 0.509 0.458 0.468 0.509 0.553 0.543 0.427 0.412 0.447 0.450 
0.444 0.416 0.424 0.451 0.477 0.478 0.426 0.429 0.459 0.504 0.487 0.343 0.322 0.362 0.362 0.371 0.395 0.398 0.389 0.535 0.587 0.448 0.367 0.314 0.438 0.483 0.371 0.342 0.355 0.349 0.359 0.401 0.452 0.508 0.418 0.352 0.334 0.364 0.417 0.401 0.394 0.405 0.412 0.417 0.419 0.407 0.369 0.364 0.376 0.430 0.451 0.402 0.441 0.522 0.422 0.370 0.416 0.419 0.400 0.347 
0.314 0.319 0.332 0.350 0.371 0.362 0.294 0.282 0.300 0.358 0.405 0.432 0.481 0.541 0.536 0.520 0.483 0.462 0.448 0.404 0.373 0.372 0.332 0.272 0.401 0.462 0.383 0.350 0.338 0.374 0.422 0.492 0.475 0.414 0.425 0.414 0.360 0.351 0.364 0.407 0.421 0.379 0.364 0.362 0.419 0.442 0.398 0.387 0.394 0.391 0.413 0.485 0.518 0.532 0.498 0.438 0.328 0.313 0.347 0.373 
0.388 0.383 0.409 0.450 0.451 0.454 0.460 0.409 0.328 0.326 0.328 0.335 0.360 0.393 0.326 0.307 0.385 0.399 0.381 0.408 0.421 0.407 0.428 0.466 0.482 0.476 0.425 0.427 0.455 0.425 0.417 0.452 0.427 0.373 0.416 0.443 0.437 0.424 0.408 0.388 0.370 0.360 0.371 0.393 0.499 0.544 0.468 0.444 0.447 0.380 0.369 0.468 0.468 0.418 0.456 0.468 0.428 0.422 0.433 0.356 
0.317 0.355 0.394 0.434 0.375 0.348 0.386 0.349 0.276 0.313 0.328 0.297 0.340 0.421 0.376 0.322 0.252 0.280 0.357 0.353 0.332 0.278 0.273 0.293 0.361 0.401 0.385 0.415 0.467 0.464 0.445 0.393 0.423 0.494 0.413 0.365 0.383 0.366 0.333 0.325 0.314 0.298 0.301 0.314 0.293 0.277 0.270 0.286 0.314 0.324 0.318 0.280 0.284 0.311 0.329 0.330 0.296 0.291 0.299 0.351 
0.368 0.315 0.287 0.271 0.231 0.221 0.271 0.353 0.450 0.400 0.357 0.327 0.308 0.295 0.315 0.329 0.329 0.338 0.351 0.294 0.260 0.269 0.285 0.304 0.303 0.299 0.286 0.322 0.382 0.328 0.295 0.308 0.352 0.412 0.462 0.501 0.518 0.524 0.524 0.449 0.382 0.331 0.342 0.385 0.468 0.498 0.419 0.400 0.411 0.380 0.356 0.346 0.391 0.463 0.419 0.390 0.391 0.363 0.319 0.384 
0.427 0.426 0.400 0.361 0.360 0.345 0.300 0.318 0.366 0.357 0.351 0.349 0.329 0.298 0.281 0.282 0.318 0.314 0.288 0.363 0.417 0.429 0.427 0.418 0.371 0.341 0.346 0.349 0.351 0.372 0.384 0.378 0.364 0.347 0.310 0.274 0.240 0.331 0.485 0.410 0.356 0.345 0.334 0.324 0.354 0.380 0.398 0.388 0.364 0.342 0.348 0.411 0.409 0.375 0.369 0.376 0.408 0.399 0.370 0.325 
0.287 0.262 0.312 0.400 0.316 0.277 0.329 0.372 0.410 0.399 0.392 0.395 0.342 0.260 0.317 0.379 0.454 0.462 0.438 0.432 0.439 0.471 0.484 0.488 0.389 0.336 0.374 0.396 0.412 0.389 0.371 0.362 0.358 0.356 0.339 0.325 0.316 0.304 0.289 0.322 0.342 0.335 0.362 0.405 0.370 0.350 0.358 0.369 0.381 0.330 0.318 0.382 0.383 0.353 0.342 0.335 0.337 0.310 0.269 0.294 
0.326 0.374 0.386 0.379 0.343 0.322 0.329 0.301 0.257 0.311 0.364 0.415 0.423 0.409 0.389 0.384 0.408 0.404 0.385 0.316 0.269 0.264 0.281 0.307 0.295 0.316 0.403 0.435 0.440 0.460 0.441 0.343 0.331 0.362 0.378 0.401 0.439 0.482 0.527 0.436 0.374 0.372 0.382 0.398 0.377 0.364 0.365 0.397 0.443 0.431 0.425 0.428 0.408 0.375 0.387 0.386 0.356 0.361 0.384 0.348 
